STRD_YR_CD,STRD_QTR_CD,ADSTRD_CD,ADSTRD_CD_NM,TOTL_RCTM_PUL_CNT,MALE_RCTM_PUL_CNT,FMLE_RCTM_PUL_CNT,AGRDE_10_RCTM_PUL_CNT,AGRDE_20_RCTM_PUL_CNT,AGRDE_30_RCTM_PUL_CNT,AGRDE_40_RCTM_PUL_CNT,AGRDE_50_RCTM_PUL_CNT,AGRDE_60_ABOVE_RCTM_PUL_CNT,MALE_AGRDE_10_RCTM_PUL_CNT,MALE_AGRDE_20_RCTM_PUL_CNT,MALE_AGRDE_30_RCTM_PUL_CNT,MALE_AGRDE_40_RCTM_PUL_CNT,MALE_AGRDE_50_RCTM_PUL_CNT,MALE_AGRDE_60_ABOVE_RCTM_PUL_CNT,FMLE_AGRDE_10_RCTM_PUL_CNT,FMLE_AGRDE_20_RCTM_PUL_CNT,FMLE_AGRDE_30_RCTM_PUL_CNT,FMLE_AGRDE_40_RCTM_PUL_CNT,FMLE_AGRDE_50_RCTM_PUL_CNT,FMLE_AGRDE_60_ABOVE_RCTM_PUL_CNT,AREA_DIMS
2014,2,11110515,청운효자동,5864,3759,2105,5,1006,2289,1392,885,287,3,468,1587,943,560,198,2,538,702,449,325,89,2429899
2014,2,11110530,사직동,62250,38930,23320,134,10087,21007,17026,9859,4137,48,3797,12453,13038,7005,2589,86,6290,8554,3988,2854,1548,1161995
2014,2,11110540,삼청동,3594,1857,1737,6,600,1171,973,642,202,4,156,570,592,406,129,2,444,601,381,236,73,1391632
2014,2,11110550,부암동,2729,1427,1302,3,590,725,781,465,165,0,161,417,471,266,112,3,429,308,310,199,53,2221363
2014,2,11110560,평창동,2177,1023,1154,4,307,570,532,520,244,1,87,280,292,226,137,3,220,290,240,294,107,8346900
2014,2,11110570,무악동,550,191,359,0,100,170,141,82,57,0,15,39,55,36,46,0,85,131,86,46,11,453220
2014,2,11110580,교남동,1107,603,504,1,123,339,308,188,148,1,34,172,181,107,108,0,89,167,127,81,40,355267
2014,2,11110600,가회동,17890,14875,3015,7,2965,6653,5053,2465,747,4,2015,5460,4594,2224,578,3,950,1193,459,241,169,565302
2014,2,11110615,종로1.2.3.4가동,129222,80728,48494,1207,22464,44203,35871,19285,6192,564,9261,25363,26303,14814,4423,643,13203,18840,9568,4471,1769,2430999
2014,2,11110630,종로5.6가동,21146,14277,6869,155,3932,7160,5648,3174,1077,57,1935,4941,4216,2353,775,98,1997,2219,1432,821,302,599631
2014,2,11110640,이화동,5192,2668,2524,23,1002,1715,1249,845,358,10,315,829,755,513,246,13,687,886,494,332,112,747067
2014,2,11110650,혜화동,4359,2310,2049,15,772,1249,1099,787,437,4,292,634,640,459,281,11,480,615,459,328,156,1161303
2014,2,11110670,창신1동,2180,975,1205,11,273,622,612,415,247,4,110,243,219,242,157,7,163,379,393,173,90,297271
2014,2,11110680,창신2동,719,308,411,1,84,199,192,173,70,0,16,91,93,73,35,1,68,108,99,100,35,257188
2014,2,11110690,창신3동,330,175,155,0,34,83,75,93,45,0,10,29,36,61,39,0,24,54,39,32,6,216230
2014,2,11110700,숭인1동,605,253,352,2,95,137,174,146,51,1,27,50,74,72,29,1,68,87,100,74,22,236777
2014,2,11110710,숭인2동,2441,1401,1040,3,320,598,603,487,430,0,136,346,360,266,293,3,184,252,243,221,137,359384
2014,2,11140520,소공동,137234,79297,57937,719,29831,49576,38259,16339,2510,158,9860,26931,27457,12966,1925,561,19971,22645,10802,3373,585,918284
2014,2,11140540,회현동,68912,43299,25613,474,15556,24311,18326,8561,1684,113,7731,14443,13271,6555,1186,361,7825,9868,5055,2006,498,909465
2014,2,11140550,명동,166211,89163,77048,463,27943,59529,49116,23867,5293,114,8194,25830,32424,18943,3658,349,19749,33699,16692,4924,1635,993909
2014,2,11140570,필동,22419,11501,10918,81,3913,6625,6781,3782,1237,34,1380,3676,3583,1914,914,47,2533,2949,3198,1868,323,1458582
2014,2,11140580,장충동,12496,6166,6330,41,3912,3864,2835,1399,445,14,1215,2106,1710,851,270,27,2697,1758,1125,548,175,1013897
2014,2,11140590,광희동,38497,20637,17860,996,10276,11316,8861,5272,1776,486,4539,6593,4948,2819,1252,510,5737,4723,3913,2453,524,745387
2014,2,11140605,을지로동,16493,10073,6420,102,2069,4367,4487,3338,2130,36,778,2518,2930,2255,1556,66,1291,1849,1557,1083,574,612013
2014,2,11140615,신당동,9723,5705,4018,27,2057,3348,2271,1426,594,10,1040,1845,1464,941,405,17,1017,1503,807,485,189,536647
2014,2,11140625,다산동,7171,3315,3856,21,1943,1856,1400,1305,646,10,591,1016,847,549,302,11,1352,840,553,756,344,532721
2014,2,11140635,약수동,2414,1059,1355,9,414,693,559,448,291,1,95,304,270,210,179,8,319,389,289,238,112,509395
2014,2,11140645,청구동,3624,2272,1352,9,535,1157,886,564,473,5,243,815,588,332,289,4,292,342,298,232,184,345114
2014,2,11140650,신당5동,1312,627,685,4,187,358,364,266,133,0,41,162,182,153,89,4,146,196,182,113,44,310367
2014,2,11140665,동화동,2206,1095,1111,6,435,632,511,427,195,5,125,303,277,243,142,1,310,329,234,184,53,330049
2014,2,11140670,황학동,2990,1898,1092,3,420,641,637,703,586,1,179,444,444,425,405,2,241,197,193,278,181,327694
2014,2,11140680,중림동,7129,4311,2818,14,1239,2126,1777,1172,801,6,422,1152,1238,852,641,8,817,974,539,320,160,487576
2014,2,11170510,후암동,3260,1166,2094,5,292,501,817,1287,358,4,94,258,322,323,165,1,198,243,495,964,193,868399
2014,2,11170520,용산2가동,1145,610,535,0,99,268,333,310,135,0,30,123,213,173,71,0,69,145,120,137,64,2047347
2014,2,11170530,남영동,23586,14439,9147,891,7214,7166,4499,2775,1041,432,3264,4883,3328,1833,699,459,3950,2283,1171,942,342,735947
2014,2,11170555,청파동,7701,3970,3731,20,1392,2194,1600,1455,1040,9,386,1037,897,842,799,11,1006,1157,703,613,241,867676
2014,2,11170560,원효로1동,7010,4992,2018,25,1036,2444,1873,1061,571,14,556,1834,1426,758,404,11,480,610,447,303,167,589294
2014,2,11170570,원효로2동,5917,4107,1810,12,578,1830,1273,1228,996,5,316,1371,947,796,672,7,262,459,326,432,324,915567
2014,2,11170580,효창동,1866,1016,850,4,242,553,486,410,171,0,77,296,295,230,118,4,165,257,191,180,53,470670
2014,2,11170590,용문동,811,430,381,1,112,250,254,139,55,1,26,155,144,71,33,0,86,95,110,68,22,289284
2014,2,11170625,한강로동,49346,28274,21072,195,9824,17554,12813,6637,2323,95,3784,9735,8229,4787,1644,100,6040,7819,4584,1850,679,3358956
2014,2,11170630,이촌1동,1620,743,877,3,202,430,393,309,283,1,51,159,182,136,214,2,151,271,211,173,69,2143668
2014,2,11170640,이촌2동,250,150,100,0,27,55,67,55,46,0,7,31,42,33,37,0,20,24,25,22,9,1191110
2014,2,11170650,이태원1동,4588,2696,1892,17,818,1262,1115,922,454,10,431,698,617,618,322,7,387,564,498,304,132,579369
2014,2,11170660,이태원2동,1746,982,764,1,315,628,425,240,137,0,160,350,242,136,94,1,155,278,183,104,43,879018
2014,2,11170685,한남동,13331,7043,6288,58,3281,4880,2820,1487,805,35,1226,2673,1756,871,482,23,2055,2207,1064,616,323,3198883
2014,2,11170690,서빙고동,4165,2126,2039,79,741,1410,1025,593,317,1,153,681,605,419,267,78,588,729,420,174,50,2198117
2014,2,11170700,보광동,545,281,264,1,62,123,141,133,85,0,22,59,73,71,56,1,40,64,68,62,29,890496
2014,2,11200520,왕십리2동,974,426,548,1,158,252,272,185,106,0,28,95,121,104,78,1,130,157,151,81,28,385254
2014,2,11200535,왕십리도선동,5787,3423,2364,14,935,1460,1470,1230,678,6,341,938,966,751,421,8,594,522,504,479,257,718816
2014,2,11200540,마장동,9326,6474,2852,7,832,2221,2549,2582,1135,5,443,1520,1813,1869,824,2,389,701,736,713,311,1082999
2014,2,11200550,사근동,4985,2738,2247,1,708,1194,1423,1221,438,0,133,566,863,857,319,1,575,628,560,364,119,1182945
2014,2,11200560,행당1동,12243,4997,7246,37,1091,2869,4436,3324,486,24,569,1740,1247,1082,335,13,522,1129,3189,2242,151,552563
2014,2,11200570,행당2동,562,157,405,0,68,164,167,114,49,0,8,39,46,37,27,0,60,125,121,77,22,457197
2014,2,11200580,응봉동,387,138,249,0,42,103,106,95,41,0,10,32,30,35,31,0,32,71,76,60,10,547736
2014,2,11200590,금호1가동,700,297,403,0,93,163,193,161,90,0,25,55,80,79,58,0,68,108,113,82,32,441318
2014,2,11200615,금호2.3가동,791,292,499,1,104,194,196,198,98,0,14,67,72,76,63,1,90,127,124,122,35,638261
2014,2,11200620,금호4가동,916,451,465,0,111,216,196,237,156,0,25,75,96,135,120,0,86,141,100,102,36,935263
2014,2,11200645,옥수동,1556,725,831,2,278,413,399,302,162,2,73,169,206,157,118,0,205,244,193,145,44,1239152
2014,2,11200650,성수1가1동,5029,3266,1763,11,608,1358,1350,1248,454,3,257,895,862,885,364,8,351,463,488,363,90,2248463
2014,2,11200660,성수1가2동,11526,7314,4212,117,2320,3389,2514,2026,1160,33,1146,2218,1756,1346,815,84,1174,1171,758,680,345,984783
2014,2,11200670,성수2가1동,42916,19189,23727,141,7890,12209,15069,6871,736,96,4853,7845,4185,1660,550,45,3037,4364,10884,5211,186,1126355
2014,2,11200690,성수2가3동,35161,22496,12665,129,5812,10623,8972,6073,3552,71,2608,6855,6090,4225,2647,58,3204,3768,2882,1848,905,1050781
2014,2,11200720,송정동,1499,884,615,3,237,448,402,263,146,2,118,237,226,188,113,1,119,211,176,75,33,584812
2014,2,11200790,용답동,16098,11589,4509,53,1333,3174,6455,3777,1306,20,650,2357,5295,2505,762,33,683,817,1160,1272,544,2379362
2014,2,11215710,화양동,4959,2185,2774,26,1150,1664,941,670,508,12,324,738,473,298,340,14,826,926,468,372,168,1124376
2014,2,11215730,군자동,4541,2615,1926,6,1087,1372,1119,635,322,4,448,866,668,397,232,2,639,506,451,238,90,733236
2014,2,11215740,중곡1동,4399,2553,1846,10,678,1089,1030,817,775,5,247,606,561,479,655,5,431,483,469,338,120,602769
2014,2,11215750,중곡2동,3133,1477,1656,3,500,841,868,602,319,1,158,399,412,297,210,2,342,442,456,305,109,544807
2014,2,11215760,중곡3동,1922,1057,865,8,268,423,500,482,241,3,94,231,259,293,177,5,174,192,241,189,64,600824
2014,2,11215770,중곡4동,2785,1498,1287,3,315,667,750,748,302,1,113,310,386,464,224,2,202,357,364,284,78,2295463
2014,2,11215780,능동,2722,1471,1251,6,448,804,676,514,274,1,147,432,398,290,203,5,301,372,278,224,71,1094134
2014,2,11215810,광장동,5611,3226,2385,24,874,1618,1477,1129,489,14,297,885,944,714,372,10,577,733,533,415,117,2889609
2014,2,11215820,자양1동,7373,4456,2917,15,888,1712,2017,2031,710,8,264,859,1274,1526,525,7,624,853,743,505,185,621606
2014,2,11215830,자양2동,5565,3555,2010,7,474,1305,1895,1436,448,2,201,762,1375,917,298,5,273,543,520,519,150,1630926
2014,2,11215840,자양3동,2294,1207,1087,3,305,530,536,454,466,2,88,267,253,214,383,1,217,263,283,240,83,1145609
2014,2,11215847,자양4동,2495,1721,774,11,320,569,599,588,408,5,162,364,415,421,354,6,158,205,184,167,54,1148618
2014,2,11215850,구의1동,4501,2854,1647,7,639,1206,1142,1067,440,5,277,740,795,725,312,2,362,466,347,342,128,553095
2014,2,11215860,구의2동,3593,1985,1608,28,469,833,939,895,429,14,151,439,540,543,298,14,318,394,399,352,131,1363952
2014,2,11215870,구의3동,12611,7692,4919,38,1433,3215,3349,3021,1555,26,729,2255,2092,1637,953,12,704,960,1257,1384,602,1453971
2014,2,11230536,용신동,24034,13541,10493,109,3359,6565,6502,4751,2748,31,1228,3785,3686,2958,1853,78,2131,2780,2816,1793,895,1590771
2014,2,11230545,제기동,5198,3059,2139,9,644,1171,1372,1239,763,2,248,709,834,731,535,7,396,462,538,508,228,1184853
2014,2,11230560,전농1동,2095,1115,980,11,305,470,605,471,233,9,121,278,338,237,132,2,184,192,267,234,101,1140490
2014,2,11230570,전농2동,3003,1560,1443,6,354,822,851,718,252,1,67,349,475,461,207,5,287,473,376,257,45,983768
2014,2,11230600,답십리1동,6044,3478,2566,26,1077,1583,1461,1105,792,14,571,1046,765,547,535,12,506,537,696,558,257,838156
2014,2,11230610,답십리2동,3347,2103,1244,3,383,857,880,723,501,2,175,572,567,451,336,1,208,285,313,272,165,814945
2014,2,11230650,장안1동,13144,8023,5121,31,1560,3080,3198,2851,2424,7,623,1784,2036,1768,1805,24,937,1296,1162,1083,619,1360347
2014,2,11230660,장안2동,5699,2923,2776,21,813,1472,1506,1240,647,9,268,743,778,679,446,12,545,729,728,561,201,1119438
2014,2,11230705,청량리동,5997,3731,2266,8,873,1678,1429,1390,619,4,318,1003,954,1004,448,4,555,675,475,386,171,1197287
2014,2,11230710,회기동,3763,1446,2317,1,852,1379,842,578,111,1,249,582,303,253,58,0,603,797,539,325,53,829432
2014,2,11230720,휘경1동,1107,628,479,4,149,247,280,233,194,0,50,143,172,136,127,4,99,104,108,97,67,519932
2014,2,11230730,휘경2동,3668,1445,2223,2,745,1049,935,717,220,1,188,443,411,296,106,1,557,606,524,421,114,1207585
2014,2,11230740,이문1동,4433,2489,1944,4,569,1149,1272,1048,391,0,130,514,813,735,297,4,439,635,459,313,94,986690
2014,2,11230750,이문2동,830,460,370,1,107,139,239,231,113,1,32,48,131,156,92,0,75,91,108,75,21,698476
2014,2,11260520,면목2동,2329,1260,1069,2,288,480,654,612,293,0,93,253,334,358,222,2,195,227,320,254,71,743106
2014,2,11260540,면목4동,1513,929,584,0,126,284,400,513,190,0,34,133,248,359,155,0,92,151,152,154,35,821882
2014,2,11260550,면목5동,1177,772,405,3,115,228,317,350,164,1,42,134,195,269,131,2,73,94,122,81,33,591696
2014,2,11260565,면목본동,2128,941,1187,2,230,425,620,604,247,1,56,188,265,268,163,1,174,237,355,336,84,840931
2014,2,11260570,면목7동,1136,592,544,1,144,223,326,305,137,0,29,71,177,203,112,1,115,152,149,102,25,1202721
2014,2,11260575,면목3.8동,3701,2073,1628,4,513,781,991,961,451,1,118,358,556,676,364,3,395,423,435,285,87,1591050
2014,2,11260580,상봉1동,2654,1540,1114,14,272,523,699,775,371,11,105,255,365,523,281,3,167,268,334,252,90,917193
2014,2,11260590,상봉2동,8938,5619,3319,26,977,2221,2533,1820,1361,9,481,1596,1408,1041,1084,17,496,625,1125,779,277,658991
2014,2,11260600,중화1동,1553,608,945,3,248,386,467,331,118,0,53,148,179,153,75,3,195,238,288,178,43,637209
2014,2,11260610,중화2동,2533,1457,1076,5,255,488,608,524,653,4,78,283,337,302,453,1,177,205,271,222,200,960402
2014,2,11260620,묵1동,2733,1242,1491,4,359,744,747,630,249,2,114,350,329,281,166,2,245,394,418,349,83,1184393
2014,2,11260630,묵2동,2197,1424,773,2,228,530,675,565,197,1,92,336,456,398,141,1,136,194,219,167,56,682005
2014,2,11260655,망우본동,4906,2481,2425,11,659,1129,1261,1264,582,6,158,501,635,748,433,5,501,628,626,516,149,3074745
2014,2,11260660,망우3동,1520,780,740,5,126,281,440,441,227,4,31,149,189,248,159,1,95,132,251,193,68,967313
2014,2,11260680,신내1동,4366,2121,2245,6,733,928,1099,1158,442,2,138,434,556,660,331,4,595,494,543,498,111,2361684
2014,2,11260690,신내2동,3569,1754,1815,3,327,884,998,993,364,1,88,356,436,641,232,2,239,528,562,352,132,939758
2014,2,11290525,성북동,2695,1265,1430,6,489,871,696,441,192,6,144,401,360,236,118,0,345,470,336,205,74,3067396
2014,2,11290555,삼선동,7672,4238,3434,15,988,1778,2051,1989,851,5,322,884,1159,1337,531,10,666,894,892,652,320,1177823
2014,2,11290575,동선동,5350,2317,3033,21,980,1097,1158,1036,1058,9,223,525,618,472,470,12,757,572,540,564,588,729672
2014,2,11290580,돈암1동,858,321,537,7,133,237,227,172,82,4,33,84,76,69,55,3,100,153,151,103,27,461503
2014,2,11290590,돈암2동,518,181,337,1,103,167,129,89,29,0,20,56,56,27,22,1,83,111,73,62,7,414465
2014,2,11290600,안암동,5643,2633,3010,6,1373,1810,1313,813,328,2,384,812,727,473,235,4,989,998,586,340,93,1295307
2014,2,11290610,보문동,2781,1477,1304,9,371,566,658,613,564,1,107,307,364,325,373,8,264,259,294,288,191,551172
2014,2,11290620,정릉1동,986,404,582,1,121,242,291,237,94,0,20,95,128,103,58,1,101,147,163,134,36,475568
2014,2,11290630,정릉2동,1350,651,699,4,209,325,356,316,140,3,67,138,165,180,98,1,142,187,191,136,42,1165255
2014,2,11290640,정릉3동,2488,1517,971,1,348,511,751,646,231,1,98,248,487,497,186,0,250,263,264,149,45,3182234
2014,2,11290650,정릉4동,2404,1570,834,5,219,421,661,774,324,5,62,204,467,578,254,0,157,217,194,196,70,3714207
2014,2,11290660,길음1동,1576,544,1032,10,271,377,447,273,198,6,42,138,142,88,128,4,229,239,305,185,70,753885
2014,2,11290685,길음2동,1089,526,563,3,216,289,242,210,129,1,58,137,109,117,104,2,158,152,133,93,25,423663
2014,2,11290705,종암동,2930,1526,1404,7,394,717,928,636,248,1,111,341,511,398,164,6,283,376,417,238,84,1494677
2014,2,11290715,월곡1동,3292,1718,1574,4,412,759,907,720,490,1,168,391,442,374,342,3,244,368,465,346,148,974658
2014,2,11290725,월곡2동,4624,2549,2075,8,647,1293,1147,957,572,7,276,761,624,556,325,1,371,532,523,401,247,1330228
2014,2,11290760,장위1동,816,291,525,1,77,149,264,229,96,1,15,51,100,85,39,0,62,98,164,144,57,714821
2014,2,11290770,장위2동,2437,1489,948,4,200,434,571,603,625,3,78,228,300,396,484,1,122,206,271,207,141,682224
2014,2,11290780,장위3동,1586,946,640,4,159,298,445,472,208,2,59,167,251,294,173,2,100,131,194,178,35,663549
2014,2,11290810,석관동,3313,1971,1342,5,278,619,810,705,896,1,68,308,455,426,713,4,210,311,355,279,183,1773773
2014,2,11305534,삼양동,1316,586,730,1,175,247,357,359,177,1,27,96,134,200,128,0,148,151,223,159,49,959451
2014,2,11305535,미아동,2071,884,1187,1,310,490,541,454,275,0,95,199,238,199,153,1,215,291,303,255,122,835492
2014,2,11305545,송중동,2677,1136,1541,6,389,695,768,538,281,0,114,297,340,223,162,6,275,398,428,315,119,1085065
2014,2,11305555,송천동,2564,1213,1351,13,341,607,684,606,313,6,82,263,330,307,225,7,259,344,354,299,88,928301
2014,2,11305575,삼각산동,943,296,647,0,131,281,304,170,57,0,21,77,83,76,39,0,110,204,221,94,18,603256
2014,2,11305590,번1동,3647,2070,1577,12,430,734,1015,961,495,5,145,403,630,609,278,7,285,331,385,352,217,619363
2014,2,11305600,번2동,2138,1324,814,3,159,394,712,666,204,2,41,207,417,498,159,1,118,187,295,168,45,992960
2014,2,11305606,번3동,1336,680,656,8,135,284,335,359,215,7,42,163,181,172,115,1,93,121,154,187,100,1075371
2014,2,11305610,수유1동,2695,1480,1215,9,255,499,760,790,382,6,75,215,416,490,278,3,180,284,344,300,104,1748455
2014,2,11305620,수유2동,2156,1101,1055,5,205,329,466,525,626,2,72,197,231,249,350,3,133,132,235,276,276,593685
2014,2,11305630,수유3동,4032,2119,1913,7,410,1032,1106,1010,467,4,111,473,604,641,286,3,299,559,502,369,181,725084
2014,2,11305645,우이동,1547,1012,535,2,140,247,381,516,261,0,51,136,233,378,214,2,89,111,148,138,47,10680138
2014,2,11305660,인수동,3642,1758,1884,2,440,890,948,886,476,1,131,425,435,416,350,1,309,465,513,470,126,2869695
2014,2,11320511,창1동,1861,828,1033,4,213,387,484,481,292,1,47,152,222,248,158,3,166,235,262,233,134,1104916
2014,2,11320512,창2동,1987,1020,967,12,244,373,606,488,264,7,81,186,285,273,188,5,163,187,321,215,76,654615
2014,2,11320513,창3동,756,290,466,1,103,166,241,180,65,1,18,59,98,74,40,0,85,107,143,106,25,635079
2014,2,11320514,창4동,3361,2124,1237,3,295,584,906,1009,564,0,80,294,561,723,466,3,215,290,345,286,98,1155759
2014,2,11320515,창5동,4398,2266,2132,7,502,1105,1293,1136,355,1,151,519,678,673,244,6,351,586,615,463,111,676820
2014,2,11320521,도봉1동,3061,1966,1095,3,180,396,811,1028,643,1,63,222,534,725,421,2,117,174,277,303,222,8547209
2014,2,11320522,도봉2동,4518,2687,1831,6,299,788,1060,1060,1305,4,117,374,618,642,932,2,182,414,442,418,373,1204332
2014,2,11320660,쌍문1동,2332,1009,1323,6,311,386,658,698,273,4,41,144,262,361,197,2,270,242,396,337,76,1177010
2014,2,11320670,쌍문2동,2491,1353,1138,14,240,489,628,710,410,9,90,254,322,422,256,5,150,235,306,288,154,539384
2014,2,11320680,쌍문3동,1814,809,1005,2,331,476,520,341,144,2,68,232,256,176,75,0,263,244,264,165,69,504867
2014,2,11320681,쌍문4동,1013,381,632,2,116,246,263,299,87,0,21,93,81,126,60,2,95,153,182,173,27,543784
2014,2,11320690,방학1동,4704,2634,2070,10,483,891,1185,1386,749,4,180,476,619,818,537,6,303,415,566,568,212,1041785
2014,2,11320700,방학2동,1197,604,593,1,106,270,346,324,150,0,34,140,151,168,111,1,72,130,195,156,39,1102018
2014,2,11320710,방학3동,1680,806,874,0,119,311,431,555,264,0,31,133,175,270,197,0,88,178,256,285,67,1856777
2014,2,11350560,월계1동,3300,2034,1266,3,436,819,800,836,406,1,200,479,500,561,293,2,236,340,300,275,113,1218934
2014,2,11350570,월계2동,1628,811,817,6,160,334,480,455,193,5,45,128,232,247,154,1,115,206,248,208,39,1991095
2014,2,11350580,월계3동,1239,565,674,2,120,259,386,331,141,0,31,101,160,174,99,2,89,158,226,157,42,1133881
2014,2,11350595,공릉1동,7896,4230,3666,21,797,1456,1956,2075,1591,10,279,842,1054,1063,982,11,518,614,902,1012,609,1217193
2014,2,11350600,공릉2동,6042,2892,3150,4,928,1401,1529,1489,691,2,204,562,705,902,517,2,724,839,824,587,174,7207339
2014,2,11350611,하계1동,6539,3646,2893,16,990,1632,1762,1626,513,9,341,788,1035,1127,346,7,649,844,727,499,167,1467562
2014,2,11350612,하계2동,536,162,374,1,51,106,163,175,40,0,10,19,34,67,32,1,41,87,129,108,8,513857
2014,2,11350619,중계본동,2037,965,1072,2,205,384,545,476,425,2,64,172,247,232,248,0,141,212,298,244,177,2094464
2014,2,11350621,중계1동,1346,581,765,6,189,270,397,309,175,2,45,106,138,154,136,4,144,164,259,155,39,624508
2014,2,11350624,중계4동,1857,832,1025,4,149,366,549,536,253,2,41,169,223,229,168,2,108,197,326,307,85,1540528
2014,2,11350625,중계2.3동,2367,973,1394,3,294,513,715,646,196,1,88,236,268,251,129,2,206,277,447,395,67,912217
2014,2,11350630,상계1동,4385,2157,2228,16,462,848,1274,1100,685,8,173,460,592,521,403,8,289,388,682,579,282,4997346
2014,2,11350640,상계2동,3481,1413,2068,19,590,754,905,854,359,9,177,344,351,337,195,10,413,410,554,517,164,629194
2014,2,11350665,상계3.4동,2954,1715,1239,5,177,323,761,992,696,0,39,154,461,653,408,5,138,169,300,339,288,5751720
2014,2,11350670,상계5동,1535,597,938,3,111,222,396,442,361,0,42,107,145,132,171,3,69,115,251,310,190,473604
2014,2,11350695,상계6.7동,7760,3231,4529,7,1328,2032,2078,1652,663,3,269,703,908,959,389,4,1059,1329,1170,693,274,1434043
2014,2,11350700,상계8동,906,284,622,3,85,185,298,244,91,3,15,32,60,109,65,0,70,153,238,135,26,668937
2014,2,11350710,상계9동,1156,440,716,3,112,308,348,283,102,1,23,78,112,146,80,2,89,230,236,137,22,833448
2014,2,11350720,상계10동,931,325,606,0,90,188,279,283,91,0,20,49,99,110,47,0,70,139,180,173,44,802642
2014,2,11380510,녹번동,5926,3084,2842,13,561,1452,1656,1537,707,5,176,659,871,939,434,8,385,793,785,598,273,1923020
2014,2,11380520,불광1동,2459,1030,1429,6,416,821,618,429,169,3,95,322,302,205,103,3,321,499,316,224,66,2948578
2014,2,11380530,불광2동,2996,1455,1541,15,309,660,867,817,328,11,88,295,439,454,168,4,221,365,428,363,160,1756596
2014,2,11380551,갈현1동,1861,847,1014,8,294,446,504,383,226,4,80,192,232,204,135,4,214,254,272,179,91,909869
2014,2,11380552,갈현2동,2701,1109,1592,4,333,653,693,704,314,2,103,300,268,263,173,2,230,353,425,441,141,1018512
2014,2,11380560,구산동,3869,1786,2083,13,461,784,904,1174,533,3,135,314,388,634,312,10,326,470,516,540,221,1316383
2014,2,11380570,대조동,2824,1214,1610,7,353,656,829,604,375,0,82,283,338,293,218,7,271,373,491,311,157,867572
2014,2,11380580,응암1동,3302,1529,1773,8,396,856,903,768,371,3,121,377,405,371,252,5,275,479,498,397,119,1126418
2014,2,11380590,응암2동,1072,525,547,1,118,224,287,312,130,0,17,72,147,194,95,1,101,152,140,118,35,554079
2014,2,11380600,응암3동,2450,971,1479,7,331,548,698,577,289,3,87,227,267,232,155,4,244,321,431,345,134,933101
2014,2,11380625,역촌동,3306,1445,1861,7,349,731,935,842,442,4,121,345,403,324,248,3,228,386,532,518,194,1138805
2014,2,11380631,신사1동,1818,904,914,6,239,346,515,464,248,2,74,155,250,238,185,4,165,191,265,226,63,823498
2014,2,11380632,신사2동,1226,714,512,0,100,234,333,348,211,0,18,102,189,228,177,0,82,132,144,120,34,1050676
2014,2,11380640,증산동,2204,1391,813,6,199,469,595,571,364,5,70,257,344,405,310,1,129,212,251,166,54,929526
2014,2,11380650,수색동,1500,715,785,4,303,395,346,288,164,2,52,164,175,194,128,2,251,231,171,94,36,1169504
2014,2,11380690,진관동,2704,1344,1360,5,224,506,812,866,291,3,50,184,372,526,209,2,174,322,440,340,82,12836383
2014,2,11410520,천연동,1026,442,584,1,98,277,276,257,117,1,21,99,122,120,79,0,77,178,154,137,38,866603
2014,2,11410555,북아현동,954,438,516,0,105,179,249,286,135,0,26,89,95,155,73,0,79,90,154,131,62,461555
2014,2,11410565,충현동,22443,13315,9128,45,3436,7739,6444,3718,1061,19,1426,4494,4174,2469,733,26,2010,3245,2270,1249,328,1139343
2014,2,11410585,신촌동,16978,6954,10024,50,4201,5522,3938,2444,823,22,1103,1942,1919,1413,555,28,3098,3580,2019,1031,268,2504686
2014,2,11410615,연희동,7354,4005,3349,18,851,1850,1958,1861,816,6,296,936,1027,1214,526,12,555,914,931,647,290,2965760
2014,2,11410620,홍제1동,1482,631,851,0,227,371,407,321,156,0,38,141,185,150,117,0,189,230,222,171,39,1492096
2014,2,11410640,홍제3동,1424,566,858,1,187,282,380,315,259,1,47,104,146,124,144,0,140,178,234,191,115,1093373
2014,2,11410655,홍제2동,691,322,369,0,71,133,183,196,108,0,26,63,76,84,73,0,45,70,107,112,35,705399
2014,2,11410660,홍은1동,719,255,464,1,71,160,184,185,118,0,20,54,61,54,66,1,51,106,123,131,52,1538023
2014,2,11410685,홍은2동,3488,1880,1608,8,546,787,902,829,416,5,175,366,494,521,319,3,371,421,408,308,97,2049745
2014,2,11410690,남가좌1동,646,386,260,1,91,124,181,156,93,0,13,48,129,125,71,1,78,76,52,31,22,484765
2014,2,11410700,남가좌2동,1387,624,763,4,174,358,387,309,155,2,46,150,158,167,101,2,128,208,229,142,54,787125
2014,2,11410710,북가좌1동,1278,779,499,5,107,196,342,344,284,2,26,88,187,250,226,3,81,108,155,94,58,562752
2014,2,11410720,북가좌2동,2365,1232,1133,4,247,441,601,692,380,1,91,225,302,369,244,3,156,216,299,323,136,806705
2014,2,11440555,아현동,22891,14062,8829,104,3837,8250,6296,3525,879,40,1529,5107,4268,2488,630,64,2308,3143,2028,1037,249,870645
2014,2,11440565,공덕동,9471,6004,3467,13,1851,2499,3147,1317,644,3,717,1470,2484,953,377,10,1134,1029,663,364,267,891209
2014,2,11440585,도화동,11551,6272,5279,41,2566,3243,2784,1793,1124,21,969,1819,1625,1058,780,20,1597,1424,1159,735,344,863516
2014,2,11440590,용강동,15451,9138,6313,22,1918,4481,3645,3503,1882,9,798,2875,2415,1823,1218,13,1120,1606,1230,1680,664,910388
2014,2,11440600,대흥동,7594,3815,3779,15,1469,2329,1605,1261,915,6,425,1185,961,728,510,9,1044,1144,644,533,405,854083
2014,2,11440610,염리동,18793,11743,7050,69,1651,3634,5964,6950,525,26,526,1694,3189,5950,358,43,1125,1940,2775,1000,167,549601
2014,2,11440630,신수동,4449,2344,2105,6,579,1234,1144,749,737,3,194,690,712,399,346,3,385,544,432,350,391,914314
2014,2,11440655,서강동,7357,4347,3010,22,1612,2346,1653,1173,551,6,530,1434,1192,775,410,16,1082,912,461,398,141,1890596
2014,2,11440660,서교동,42909,22897,20012,296,10668,13786,8987,5731,3441,113,3896,7937,5548,3085,2318,183,6772,5849,3439,2646,1123,1641475
2014,2,11440680,합정동,8832,5177,3655,46,1937,3216,2086,1080,467,12,648,1985,1463,721,348,34,1289,1231,623,359,119,1792621
2014,2,11440690,망원1동,2796,1094,1702,13,342,498,558,519,866,10,133,267,286,180,218,3,209,231,272,339,648,1111518
2014,2,11440700,망원2동,2682,1214,1468,1,326,736,840,515,264,0,118,392,349,181,174,1,208,344,491,334,90,1209563
2014,2,11440710,연남동,3656,2103,1553,11,628,1221,950,564,282,4,215,716,576,369,223,7,413,505,374,195,59,641653
2014,2,11440720,성산1동,8989,6069,2920,37,1132,2108,1914,1392,2406,27,515,1311,1180,872,2164,10,617,797,734,520,242,855779
2014,2,11440730,성산2동,6404,2550,3854,22,467,828,1437,2233,1417,20,232,443,692,663,500,2,235,385,745,1570,917,1990923
2014,2,11440740,상암동,27281,16331,10950,138,8119,10637,5713,1848,826,67,3344,6535,4320,1386,679,71,4775,4102,1393,462,147,7646126
2014,2,11470510,목1동,11990,7503,4487,27,1783,3777,3473,2130,800,13,683,2288,2466,1481,572,14,1100,1489,1007,649,228,1572490
2014,2,11470520,목2동,1909,1003,906,2,256,579,520,402,150,1,92,325,279,209,97,1,164,254,241,193,53,1021500
2014,2,11470530,목3동,1444,614,830,4,181,360,412,342,145,3,47,161,160,148,95,1,134,199,252,194,50,533074
2014,2,11470540,목4동,2099,1170,929,10,222,412,550,608,297,5,89,236,273,350,217,5,133,176,277,258,80,578170
2014,2,11470550,목5동,5874,2203,3671,8,1132,1660,1437,994,643,4,230,506,547,478,438,4,902,1154,890,516,205,2055129
2014,2,11470560,신월1동,2426,1516,910,3,170,479,729,724,321,1,61,290,432,489,243,2,109,189,297,235,78,625887
2014,2,11470570,신월2동,2046,1066,980,0,167,384,612,618,265,0,51,185,315,341,174,0,116,199,297,277,91,608140
2014,2,11470580,신월3동,2443,1329,1114,11,224,491,688,738,291,5,82,229,330,452,231,6,142,262,358,286,60,932122
2014,2,11470590,신월4동,1730,1039,691,2,154,336,421,505,312,2,55,171,221,333,257,0,99,165,200,172,55,470224
2014,2,11470600,신월5동,1787,809,978,6,198,359,509,532,183,6,48,140,214,271,130,0,150,219,295,261,53,523363
2014,2,11470610,신월6동,1218,647,571,1,157,221,356,342,141,1,44,101,180,209,112,0,113,120,176,133,29,437027
2014,2,11470611,신월7동,3410,2358,1052,4,295,546,949,1035,581,3,170,347,630,730,478,1,125,199,319,305,103,1403954
2014,2,11470620,신정1동,2203,1145,1058,1,211,541,639,479,332,1,66,256,350,257,215,0,145,285,289,222,117,722680
2014,2,11470630,신정2동,1635,685,950,2,202,358,497,396,180,2,51,163,193,155,121,0,151,195,304,241,59,594999
2014,2,11470640,신정3동,5848,3512,2336,5,655,1458,1542,1296,892,2,217,816,875,828,774,3,438,642,667,468,118,2650845
2014,2,11470650,신정4동,7732,4256,3476,8,990,1743,1839,1693,1459,4,302,914,978,877,1181,4,688,829,861,816,278,996406
2014,2,11470670,신정6동,4921,2762,2159,9,461,1225,1379,1442,405,6,195,562,704,1028,267,3,266,663,675,414,138,972556
2014,2,11470680,신정7동,1863,889,974,3,198,431,579,459,193,1,59,195,284,225,125,2,139,236,295,234,68,1144112
2014,2,11500510,염창동,10558,6743,3815,31,1500,3250,2868,1947,962,14,618,2063,1990,1298,760,17,882,1187,878,649,202,1957926
2014,2,11500520,등촌1동,8416,5210,3206,69,1470,2453,2262,1495,667,45,686,1557,1510,965,447,24,784,896,752,530,220,649434
2014,2,11500530,등촌2동,2141,1237,904,1,218,502,580,594,246,1,69,233,341,394,199,0,149,269,239,200,47,908847
2014,2,11500535,등촌3동,16790,8949,7841,76,2951,3741,3941,4559,1522,57,1423,2409,2189,1907,964,19,1528,1332,1752,2652,558,1049363
2014,2,11500540,화곡1동,3774,1833,1941,12,456,1010,1094,855,347,6,161,514,532,396,224,6,295,496,562,459,123,1194778
2014,2,11500550,화곡2동,1251,522,729,0,156,300,402,299,94,0,56,154,158,98,56,0,100,146,244,201,38,456061
2014,2,11500560,화곡3동,1648,662,986,3,269,337,440,418,181,1,71,142,199,144,105,2,198,195,241,274,76,515596
2014,2,11500570,화곡4동,1556,712,844,4,221,355,461,390,125,1,62,186,196,188,79,3,159,169,265,202,46,853460
2014,2,11500590,화곡본동,2292,933,1359,4,296,568,619,499,306,2,48,234,250,206,193,2,248,334,369,293,113,1007050
2014,2,11500591,화곡6동,8544,5376,3168,14,831,2264,2311,2199,925,7,360,1350,1445,1542,672,7,471,914,866,657,253,1034624
2014,2,11500593,화곡8동,1224,535,689,5,169,341,315,232,162,1,46,160,142,90,96,4,123,181,173,142,66,567208
2014,2,11500603,가양1동,6909,4529,2380,21,917,1810,1999,1501,661,17,503,1166,1310,1040,493,4,414,644,689,461,168,5908521
2014,2,11500604,가양2동,2323,1196,1127,16,384,611,462,430,420,6,154,292,211,203,330,10,230,319,251,227,90,996881
2014,2,11500605,가양3동,4869,3174,1695,12,794,1621,1219,706,517,5,377,1122,824,415,431,7,417,499,395,291,86,691403
2014,2,11500611,발산1동,5505,3105,2400,8,591,1172,1500,1548,686,3,165,574,837,992,534,5,426,598,663,556,152,3032326
2014,2,11500615,우장산동,3270,1424,1846,7,462,824,829,768,380,4,115,381,383,301,240,3,347,443,446,467,140,1268459
2014,2,11500620,공항동,34202,19100,15102,19,6848,11886,10104,4564,781,8,1419,5193,7680,4116,684,11,5429,6693,2424,448,97,11377979
2014,2,11500630,방화1동,6930,4763,2167,11,823,1718,2082,1724,572,5,505,1277,1510,1172,294,6,318,441,572,552,278,1125789
2014,2,11500640,방화2동,3853,2534,1319,5,370,879,955,1055,589,5,173,578,596,735,447,0,197,301,359,320,142,5564098
2014,2,11500641,방화3동,3055,1863,1192,4,269,685,770,857,470,3,62,308,481,637,372,1,207,377,289,220,98,1964100
2014,2,11530510,신도림동,8935,5457,3478,28,1607,2928,2311,1469,592,9,679,1788,1487,1029,465,19,928,1140,824,440,127,1312211
2014,2,11530520,구로1동,2140,989,1151,1,211,560,490,369,509,0,93,316,259,166,155,1,118,244,231,203,354,1004193
2014,2,11530530,구로2동,25055,13980,11075,73,4155,8229,6342,4448,1808,27,1471,4112,3940,3061,1369,46,2684,4117,2402,1387,439,1807452
2014,2,11530540,구로3동,74238,47243,26995,308,17214,28598,16590,8099,3429,163,8296,19992,11547,4742,2503,145,8918,8606,5043,3357,926,1033159
2014,2,11530550,구로4동,2541,1150,1391,5,266,585,717,560,408,2,66,235,309,252,286,3,200,350,408,308,122,538215
2014,2,11530560,구로5동,17790,10397,7393,73,3707,5783,3737,2942,1548,41,1558,3540,2510,1808,940,32,2149,2243,1227,1134,608,1075552
2014,2,11530595,가리봉동,1274,501,773,2,114,257,320,321,260,2,28,117,115,119,120,0,86,140,205,202,140,415751
2014,2,11530720,고척1동,5030,3085,1945,11,484,1046,1333,1228,928,8,190,578,783,791,735,3,294,468,550,437,193,1100132
2014,2,11530730,고척2동,1645,836,809,3,207,378,539,383,135,1,79,180,267,212,97,2,128,198,272,171,38,1013917
2014,2,11530740,개봉1동,2639,1207,1432,3,298,535,754,711,338,1,92,271,312,334,197,2,206,264,442,377,141,1168155
2014,2,11530750,개봉2동,1114,478,636,1,152,251,349,242,119,0,15,109,149,123,82,1,137,142,200,119,37,825368
2014,2,11530760,개봉3동,2518,1550,968,1,127,307,396,440,1247,0,34,121,163,225,1007,1,93,186,233,215,240,831642
2014,2,11530770,오류1동,2129,1075,1054,11,280,438,578,510,312,4,81,228,282,268,212,7,199,210,296,242,100,707130
2014,2,11530780,오류2동,3386,1905,1481,4,338,783,966,835,460,4,104,400,509,527,361,0,234,383,457,308,99,4314692
2014,2,11530790,수궁동,4045,2687,1358,13,465,903,1123,1097,444,8,248,598,696,757,380,5,217,305,427,340,64,2684146
2014,2,11545510,가산동,122618,79565,43053,997,27415,44451,29217,14221,6317,504,13532,31041,20621,9290,4577,493,13883,13410,8596,4931,1740,2245346
2014,2,11545610,독산1동,14061,9623,4438,57,1715,3544,4006,3386,1353,40,1083,2626,2579,2254,1041,17,632,918,1427,1132,312,1956086
2014,2,11545620,독산2동,1345,643,702,3,148,271,390,342,191,0,43,109,171,176,144,3,105,162,219,166,47,596742
2014,2,11545630,독산3동,5096,2997,2099,4,505,785,1053,1110,1639,2,150,336,439,585,1485,2,355,449,614,525,154,982894
2014,2,11545640,독산4동,2015,1122,893,1,307,482,598,378,249,0,176,274,307,189,176,1,131,208,291,189,73,605029
2014,2,11545670,시흥1동,8433,4171,4262,43,1518,2288,1936,1788,860,21,622,1118,929,988,493,22,896,1170,1007,800,367,1437595
2014,2,11545680,시흥2동,1168,344,824,3,144,294,327,321,79,0,17,82,93,106,46,3,127,212,234,215,33,1170211
2014,2,11545690,시흥3동,9398,6356,3042,21,616,1912,2856,2413,1580,13,326,1260,1780,1631,1346,8,290,652,1076,782,234,1328458
2014,2,11545700,시흥4동,786,281,505,1,52,170,260,216,87,0,12,44,83,83,59,1,40,126,177,133,28,873884
2014,2,11545710,시흥5동,1806,1041,765,0,129,274,559,613,231,0,32,127,299,409,174,0,97,147,260,204,57,1368598
2014,2,11560515,영등포본동,2039,989,1050,5,265,444,496,504,325,1,100,208,222,257,201,4,165,236,274,247,124,843586
2014,2,11560535,영등포동,23921,14267,9654,65,3498,7019,6391,4352,2596,18,1425,3933,4258,2932,1701,47,2073,3086,2133,1420,895,1390482
2014,2,11560540,여의동,268104,179627,88477,1853,60183,102567,66197,29524,7780,757,28056,70089,52737,22972,5016,1096,32127,32478,13460,6552,2764,6703511
2014,2,11560550,당산1동,14736,8636,6100,22,1828,3860,3418,3042,2566,10,668,2189,2064,2007,1698,12,1160,1671,1354,1035,868,746447
2014,2,11560560,당산2동,17207,10188,7019,55,2575,4190,3851,3414,3122,30,1164,2503,2266,2105,2120,25,1411,1687,1585,1309,1002,1526636
2014,2,11560585,도림동,1742,1097,645,6,165,337,470,441,323,4,70,181,316,303,223,2,95,156,154,138,100,539427
2014,2,11560605,문래동,33296,21739,11557,86,6786,11362,8137,4724,2201,47,3512,7545,5484,3318,1833,39,3274,3817,2653,1406,368,1738475
2014,2,11560610,양평1동,19389,11132,8257,115,3764,5009,4727,3913,1861,61,1763,3165,2688,2100,1355,54,2001,1844,2039,1813,506,869573
2014,2,11560620,양평2동,30297,16375,13922,134,5842,11551,8300,3397,1073,67,2335,6408,4597,2087,881,67,3507,5143,3703,1310,192,2573400
2014,2,11560630,신길1동,4922,2776,2146,3,615,1169,1017,1256,862,2,223,792,557,691,511,1,392,377,460,565,351,762886
2014,2,11560650,신길3동,1543,914,629,1,138,316,415,375,298,0,49,191,230,224,220,1,89,125,185,151,78,510335
2014,2,11560660,신길4동,1197,639,558,2,180,372,349,214,80,0,75,217,189,109,49,2,105,155,160,105,31,298738
2014,2,11560670,신길5동,967,500,467,2,113,229,238,255,130,1,29,121,128,130,91,1,84,108,110,125,39,498387
2014,2,11560680,신길6동,2276,1139,1137,11,230,581,580,474,400,2,52,292,293,249,251,9,178,289,287,225,149,676005
2014,2,11560690,신길7동,2331,1343,988,0,425,554,578,526,248,0,309,304,315,263,152,0,116,250,263,263,96,599547
2014,2,11560700,대림1동,2484,964,1520,10,647,666,589,382,190,4,118,277,269,176,120,6,529,389,320,206,70,493503
2014,2,11560710,대림2동,2247,1060,1187,4,290,577,682,422,272,1,90,242,284,230,213,3,200,335,398,192,59,574495
2014,2,11560720,대림3동,7377,4269,3108,14,959,1770,1982,1724,928,4,481,1144,1230,896,514,10,478,626,752,828,414,933892
2014,2,11590510,노량진1동,4420,2739,1681,8,490,1094,1217,1089,522,6,182,658,814,706,373,2,308,436,403,383,149,1876800
2014,2,11590520,노량진2동,3909,2061,1848,3,478,1060,953,959,456,2,226,412,485,637,299,1,252,648,468,322,157,619921
2014,2,11590530,상도1동,3572,1776,1796,3,487,996,1032,760,294,1,142,462,542,422,207,2,345,534,490,338,87,1492421
2014,2,11590540,상도2동,2260,962,1298,7,269,547,679,527,231,4,64,249,284,230,131,3,205,298,395,297,100,771971
2014,2,11590550,상도3동,1000,413,587,2,104,212,266,276,140,1,15,92,102,120,83,1,89,120,164,156,57,662403
2014,2,11590560,상도4동,1482,544,938,1,205,346,427,330,173,0,43,136,181,112,72,1,162,210,246,218,101,947172
2014,2,11590605,흑석동,5139,2469,2670,5,1030,1439,1391,912,362,1,254,555,765,610,284,4,776,884,626,302,78,2062251
2014,2,11590620,사당1동,4440,2401,2039,8,852,1157,1190,754,479,4,238,621,741,456,341,4,614,536,449,298,138,630335
2014,2,11590630,사당2동,2577,1202,1375,10,355,675,678,546,313,4,107,331,317,261,182,6,248,344,361,285,131,3064442
2014,2,11590640,사당3동,2131,1151,980,1,285,462,488,397,498,0,85,225,260,224,357,1,200,237,228,173,141,898029
2014,2,11590650,사당4동,937,501,436,0,80,178,238,211,230,0,21,79,122,113,166,0,59,99,116,98,64,431219
2014,2,11590651,사당5동,911,443,468,2,143,253,256,187,70,2,70,113,120,88,50,0,73,140,136,99,20,658780
2014,2,11590660,대방동,9224,5404,3820,37,1182,2724,2064,1953,1264,6,433,1759,1335,1062,809,31,749,965,729,891,455,1591876
2014,2,11590670,신대방1동,3495,2044,1451,8,444,798,708,811,726,4,172,481,423,482,482,4,272,317,285,329,244,685547
2014,2,11590680,신대방2동,18872,10214,8658,59,3207,4945,4058,4377,2226,25,1633,3155,2171,2104,1126,34,1574,1790,1887,2273,1100,1024271
2014,2,11620525,보라매동,4609,1967,2642,7,606,1510,1660,531,295,2,164,510,839,256,196,5,442,1000,821,275,99,758003
2014,2,11620545,청림동,413,169,244,6,66,94,109,82,56,6,16,30,45,33,39,0,50,64,64,49,17,305629
2014,2,11620565,성현동,1082,412,670,5,127,272,352,236,90,1,29,98,109,112,63,4,98,174,243,124,27,695625
2014,2,11620575,행운동,2965,1507,1458,12,455,845,738,567,348,5,151,479,392,281,199,7,304,366,346,286,149,739229
2014,2,11620585,낙성대동,11144,6404,4740,8,1322,3586,2724,2346,1158,2,397,1757,1628,1655,965,6,925,1829,1096,691,193,2341406
2014,2,11620595,청룡동,7003,4065,2938,10,673,1686,1937,1857,840,5,258,870,1127,1252,553,5,415,816,810,605,287,1186204
2014,2,11620605,은천동,3441,1557,1884,9,457,696,813,912,554,4,145,348,372,399,289,5,312,348,441,513,265,738181
2014,2,11620615,중앙동,1806,896,910,1,268,482,462,336,257,0,80,236,264,160,156,1,188,246,198,176,101,385136
2014,2,11620625,인헌동,2757,1419,1338,1,374,670,678,567,467,1,126,370,308,283,331,0,248,300,370,284,136,709688
2014,2,11620630,남현동,3377,2135,1242,8,516,851,851,693,458,4,267,545,562,426,331,4,249,306,289,267,127,4218667
2014,2,11620645,서원동,3199,1494,1705,33,569,696,677,639,585,13,167,334,326,298,356,20,402,362,351,341,229,642690
2014,2,11620655,신원동,873,306,567,2,135,194,213,220,109,1,19,71,84,82,49,1,116,123,129,138,60,549115
2014,2,11620665,서림동,1232,757,475,0,100,221,319,386,206,0,28,114,188,262,165,0,72,107,131,124,41,981577
2014,2,11620685,신사동,1938,1063,875,2,238,446,523,489,240,1,102,254,290,256,160,1,136,192,233,233,80,609167
2014,2,11620695,신림동,2094,1078,1016,9,360,491,534,418,282,4,130,279,273,209,183,5,230,212,261,209,99,507666
2014,2,11620715,난향동,1347,481,866,10,118,218,293,389,319,9,32,67,84,91,198,1,86,151,209,298,121,786985
2014,2,11620725,조원동,3675,2302,1373,9,360,869,1088,869,480,4,181,565,681,539,332,5,179,304,407,330,148,652569
2014,2,11620735,대학동,1960,1169,791,1,197,456,556,541,209,1,64,235,330,375,164,0,133,221,226,166,45,8107585
2014,2,11620745,삼성동,1103,516,587,8,150,227,267,290,161,4,33,79,110,164,126,4,117,148,157,126,35,2591742
2014,2,11620765,미성동,3049,1571,1478,1,292,593,860,759,544,0,71,279,445,417,359,1,221,314,415,342,185,1355300
2014,2,11620775,난곡동,865,348,517,1,100,242,244,215,63,0,15,84,101,113,35,1,85,158,143,102,28,982294
2014,2,11650510,서초1동,35615,19747,15868,184,9277,11442,7855,4499,2358,88,3745,7113,4684,2411,1706,96,5532,4329,3171,2088,652,1383210
2014,2,11650520,서초2동,65619,48821,16798,198,11453,23097,18098,9199,3574,126,6740,17409,14732,7230,2584,72,4713,5688,3366,1969,990,1229759
2014,2,11650530,서초3동,69322,39365,29957,222,13295,22495,17638,10291,5381,93,4707,12586,11399,6535,4045,129,8588,9909,6239,3756,1336,3027494
2014,2,11650531,서초4동,24110,13265,10845,75,6312,8858,4882,2700,1283,25,2165,4971,3390,1824,890,50,4147,3887,1492,876,393,882770
2014,2,11650540,잠원동,18690,12080,6610,78,3696,6584,4416,2254,1662,32,1460,4498,3319,1509,1262,46,2236,2086,1097,745,400,1840832
2014,2,11650550,반포본동,1219,667,552,1,124,317,341,295,141,0,49,150,179,199,90,1,75,167,162,96,51,1491264
2014,2,11650560,반포1동,6891,4083,2808,19,1379,2494,1457,917,625,11,552,1553,982,573,412,8,827,941,475,344,213,1000549
2014,2,11650570,반포2동,1725,914,811,7,269,491,460,340,158,4,76,239,269,208,118,3,193,252,191,132,40,1258050
2014,2,11650580,반포3동,7331,3405,3926,40,1386,2248,1730,1142,785,15,677,1013,911,402,387,25,709,1235,819,740,398,1325140
2014,2,11650581,반포4동,27867,11742,16125,53,7249,9102,6282,3287,1894,10,1657,4012,3174,1795,1094,43,5592,5090,3108,1492,800,1416005
2014,2,11650590,방배본동,7325,3695,3630,11,1077,1979,1872,1513,873,6,427,1241,921,558,542,5,650,738,951,955,331,660469
2014,2,11650600,방배1동,10371,5640,4731,66,2553,3645,2264,1202,641,14,884,2210,1398,688,446,52,1669,1435,866,514,195,691215
2014,2,11650610,방배2동,21402,15660,5742,18,1688,3827,7565,6726,1578,4,650,2525,5892,5339,1250,14,1038,1302,1673,1387,328,1901725
2014,2,11650620,방배3동,9998,6360,3638,31,1723,3142,2235,1673,1194,12,704,1929,1656,1137,922,19,1019,1213,579,536,272,2411856
2014,2,11650621,방배4동,11382,6542,4840,67,2172,3636,2734,1679,1094,31,822,2115,1720,1072,782,36,1350,1521,1014,607,312,954529
2014,2,11650651,양재1동,31368,19342,12026,157,5505,9945,7039,4612,4110,73,2300,6414,4864,3013,2678,84,3205,3531,2175,1599,1432,5711370
2014,2,11650652,양재2동,119194,99566,19628,165,13004,30538,41270,30873,3344,90,8856,24623,36139,27369,2489,75,4148,5915,5131,3504,855,7516954
2014,2,11650660,내곡동,4338,2735,1603,8,603,1213,1104,985,425,5,219,664,766,768,313,3,384,549,338,217,112,13190710
2014,2,11680510,신사동,23377,11347,12030,110,6806,8176,4606,2363,1316,29,1994,4313,2760,1356,895,81,4812,3863,1846,1007,421,1736994
2014,2,11680521,논현1동,41431,22819,18612,134,10378,14788,8416,4712,3003,40,3641,8632,5536,2831,2139,94,6737,6156,2880,1881,864,1254345
2014,2,11680531,논현2동,64028,36745,27283,281,15900,23354,13388,6956,4149,123,5682,13391,9517,5108,2924,158,10218,9963,3871,1848,1225,1445565
2014,2,11680545,압구정동,30912,13815,17097,213,9057,10680,5622,3349,1991,81,2769,5174,3044,1659,1088,132,6288,5506,2578,1690,903,2520945
2014,2,11680565,청담동,39718,19708,20010,178,10168,14955,8154,3918,2345,39,2804,7519,5244,2415,1687,139,7364,7436,2910,1503,658,2384707
2014,2,11680580,삼성1동,109116,73598,35518,618,20442,36537,27109,18863,5547,403,9312,24610,20873,14587,3813,215,11130,11927,6236,4276,1734,1926134
2014,2,11680590,삼성2동,46879,23905,22974,292,13805,14899,9516,5718,2649,149,5294,8687,5037,2975,1763,143,8511,6212,4479,2743,886,1247821
2014,2,11680600,대치1동,3157,1342,1815,25,566,994,765,506,301,11,123,360,375,262,211,14,443,634,390,244,90,795761
2014,2,11680610,대치2동,58519,35961,22558,507,12033,20393,13130,8013,4443,113,5009,13349,9621,5032,2837,394,7024,7044,3509,2981,1606,2043875
2014,2,11680630,대치4동,31103,18919,12184,105,6153,11706,8091,3528,1520,18,2412,7303,5552,2508,1126,87,3741,4403,2539,1020,394,717795
2014,2,11680640,역삼1동,203607,113067,90540,777,40676,69532,55242,27534,9846,412,17129,43381,32556,13542,6047,365,23547,26151,22686,13992,3799,2360116
2014,2,11680650,역삼2동,56036,34957,21079,219,13594,19987,14001,5761,2474,92,5556,12846,10586,4137,1740,127,8038,7141,3415,1624,734,1127531
2014,2,11680655,도곡1동,21271,9180,12091,201,4224,6136,6740,2915,1055,102,1743,3216,2148,1233,738,99,2481,2920,4592,1682,317,1022697
2014,2,11680656,도곡2동,16897,10212,6685,40,2659,5284,4389,2481,2044,10,1041,3253,3204,1624,1080,30,1618,2031,1185,857,964,1025651
2014,2,11680660,개포1동,1025,664,361,1,106,244,239,237,198,0,50,147,142,160,165,1,56,97,97,77,33,973078
2014,2,11680670,개포2동,2134,1099,1035,3,225,383,556,674,293,2,60,153,273,392,219,1,165,230,283,282,74,2371826
2014,2,11680690,개포4동,7621,4769,2852,22,952,2166,1967,1493,1021,15,420,1432,1289,895,718,7,532,734,678,598,303,1561449
2014,2,11680700,세곡동,2098,1086,1012,1,207,464,544,538,344,0,60,231,266,284,245,1,147,233,278,254,99,5894759
2014,2,11680720,일원본동,6889,1846,5043,0,2179,2842,1265,468,135,0,334,700,467,234,111,0,1845,2142,798,234,24,2381558
2014,2,11680730,일원1동,3412,1862,1550,7,414,699,772,852,668,6,199,410,427,419,401,1,215,289,345,433,267,947888
2014,2,11680740,일원2동,12103,9590,2513,58,3747,3827,2306,1651,514,45,3093,3185,1778,1183,306,13,654,642,528,468,208,1043911
2014,2,11680750,수서동,18928,10309,8619,41,3191,6300,4687,3028,1681,20,1415,3486,2361,1672,1355,21,1776,2814,2326,1356,326,1648393
2014,2,11710510,풍납1동,1304,632,672,0,135,313,400,291,165,0,42,124,187,165,114,0,93,189,213,126,51,1057487
2014,2,11710520,풍납2동,13043,4318,8725,5,3347,4597,2789,1599,706,2,574,1263,1154,884,441,3,2773,3334,1635,715,265,1999222
2014,2,11710531,거여1동,3702,2748,954,21,1109,1055,758,448,311,19,959,810,520,247,193,2,150,245,238,201,118,512307
2014,2,11710532,거여2동,2056,766,1290,4,237,444,613,534,224,1,69,195,228,164,109,3,168,249,385,370,115,510046
2014,2,11710540,마천1동,1022,485,537,2,81,199,302,282,156,2,15,73,130,162,103,0,66,126,172,120,53,504704
2014,2,11710550,마천2동,2626,1527,1099,1,217,570,786,732,320,0,108,315,460,416,228,1,109,255,326,316,92,936181
2014,2,11710561,방이1동,6404,4154,2250,19,801,1507,1530,1230,1317,7,288,911,951,854,1143,12,513,596,579,376,174,581968
2014,2,11710562,방이2동,19243,10773,8470,61,2830,5035,4768,4304,2245,27,1448,3188,2613,1994,1503,34,1382,1847,2155,2310,742,763928
2014,2,11710566,오륜동,2989,1842,1147,6,537,768,792,726,160,4,304,450,466,484,134,2,233,318,326,242,26,3150411
2014,2,11710570,오금동,12428,7598,4830,9,1073,2826,2855,2437,3228,5,464,1880,1826,1384,2039,4,609,946,1029,1053,1189,1691111
2014,2,11710580,송파1동,6559,3910,2649,15,970,1677,1607,1378,912,8,471,1083,989,768,591,7,499,594,618,610,321,683881
2014,2,11710590,송파2동,4755,2531,2224,38,1088,1626,1075,671,257,14,364,917,688,382,166,24,724,709,387,289,91,636016
2014,2,11710600,석촌동,9281,5770,3511,34,1477,2724,2173,1697,1176,21,726,1840,1350,1057,776,13,751,884,823,640,400,943819
2014,2,11710610,삼전동,5883,3743,2140,10,627,1405,1381,1236,1224,5,244,850,829,754,1061,5,383,555,552,482,163,992437
2014,2,11710620,가락본동,24647,15300,9347,68,3924,7424,6257,4146,2828,39,1755,4563,4151,2650,2142,29,2169,2861,2106,1496,686,1024764
2014,2,11710631,가락1동,8019,6066,1953,7,462,1685,2527,2163,1175,5,328,1387,1951,1517,878,2,134,298,576,646,297,1357317
2014,2,11710632,가락2동,7679,4481,3198,29,1186,2171,1979,1451,863,7,525,1315,1178,805,651,22,661,856,801,646,212,934057
2014,2,11710641,문정1동,5074,3229,1845,12,667,1354,1322,940,779,8,302,877,852,584,606,4,365,477,470,356,173,604321
2014,2,11710642,문정2동,8119,5590,2529,25,1202,2526,2226,1434,706,6,623,1749,1623,1011,578,19,579,777,603,423,128,2387651
2014,2,11710646,장지동,7881,5226,2655,23,721,1607,2178,2049,1303,8,295,1045,1463,1433,982,15,426,562,715,616,321,1295680
2014,2,11710647,위례동,837,699,138,0,20,75,313,366,63,0,2,46,266,329,56,0,18,29,47,37,7,2626871
2014,2,11710650,잠실본동,13702,8113,5589,40,2363,3911,3360,2481,1547,14,826,2327,2126,1653,1167,26,1537,1584,1234,828,380,1136161
2014,2,11710670,잠실2동,2721,1537,1184,4,469,805,759,537,147,1,213,460,434,323,106,3,256,345,325,214,41,2886358
2014,2,11710680,잠실3동,4233,1900,2333,115,1507,907,867,632,205,43,612,399,408,344,94,72,895,508,459,288,111,1506573
2014,2,11710690,잠실4동,1186,604,582,1,220,392,330,158,85,0,72,212,172,83,65,1,148,180,158,75,20,838370
2014,2,11710710,잠실6동,40726,21292,19434,201,6999,11633,12878,7145,1870,118,3647,7206,5479,3583,1259,83,3352,4427,7399,3562,611,1403041
2014,2,11710720,잠실7동,624,310,314,0,59,180,172,165,48,0,21,102,83,74,30,0,38,78,89,91,18,675008
2014,2,11740515,강일동,9806,7683,2123,37,1813,3483,2468,1478,527,27,1021,2780,2096,1278,481,10,792,703,372,200,46,3722759
2014,2,11740520,상일동,2945,1171,1774,2,528,955,647,607,206,1,101,301,261,345,162,1,427,654,386,262,44,1801282
2014,2,11740530,명일1동,2389,1010,1379,4,331,455,600,590,409,3,82,221,262,220,222,1,249,234,338,370,187,630284
2014,2,11740540,명일2동,2328,1202,1126,5,287,570,681,563,222,1,81,312,354,292,162,4,206,258,327,271,60,920946
2014,2,11740550,고덕1동,1176,514,662,0,156,259,325,317,119,0,29,119,137,151,78,0,127,140,188,166,41,1906565
2014,2,11740560,고덕2동,1365,606,759,1,118,286,386,456,118,1,36,131,152,218,68,0,82,155,234,238,50,2408099
2014,2,11740570,암사1동,2080,1147,933,1,216,477,567,551,268,1,74,262,305,324,181,0,142,215,262,227,87,738366
2014,2,11740580,암사2동,2324,1034,1290,15,336,509,746,508,210,7,112,243,276,236,160,8,224,266,470,272,50,2337773
2014,2,11740590,암사3동,1020,440,580,3,137,256,266,289,69,1,28,106,104,155,46,2,109,150,162,134,23,1843902
2014,2,11740600,천호1동,2766,1348,1418,6,317,557,639,673,574,3,95,250,309,334,357,3,222,307,330,339,217,669571
2014,2,11740610,천호2동,6859,3488,3371,20,1086,1618,1634,1433,1068,13,377,810,834,710,744,7,709,808,800,723,324,1828343
2014,2,11740620,천호3동,3297,1970,1327,15,437,871,800,715,459,5,175,569,481,443,297,10,262,302,319,272,162,569450
2014,2,11740640,성내1동,12352,7895,4457,16,1434,3439,3408,2720,1335,8,555,2026,2258,2014,1034,8,879,1413,1150,706,301,658437
2014,2,11740650,성내2동,3303,1789,1514,22,502,787,836,729,427,11,199,412,454,409,304,11,303,375,382,320,123,624632
2014,2,11740660,성내3동,5576,3169,2407,12,745,1509,1350,1107,853,8,291,922,778,648,522,4,454,587,572,459,331,641973
2014,2,11740685,길동,9550,4859,4691,28,1642,2593,2335,1866,1086,15,588,1384,1265,888,719,13,1054,1209,1070,978,367,1590598
2014,2,11740690,둔촌1동,764,450,314,0,60,147,159,209,189,0,18,65,61,131,175,0,42,82,98,78,14,897261
2014,2,11740700,둔촌2동,8007,4741,3266,12,1716,2783,1676,1274,546,5,848,1855,918,743,372,7,868,928,758,531,174,1592001
2014,3,11110515,청운효자동,5864,3759,2105,5,1006,2289,1392,885,287,3,468,1587,943,560,198,2,538,702,449,325,89,2429899
2014,3,11110530,사직동,62250,38930,23320,134,10087,21007,17026,9859,4137,48,3797,12453,13038,7005,2589,86,6290,8554,3988,2854,1548,1161995
2014,3,11110540,삼청동,3594,1857,1737,6,600,1171,973,642,202,4,156,570,592,406,129,2,444,601,381,236,73,1391632
2014,3,11110550,부암동,2729,1427,1302,3,590,725,781,465,165,0,161,417,471,266,112,3,429,308,310,199,53,2221363
2014,3,11110560,평창동,2177,1023,1154,4,307,570,532,520,244,1,87,280,292,226,137,3,220,290,240,294,107,8346900
2014,3,11110570,무악동,550,191,359,0,100,170,141,82,57,0,15,39,55,36,46,0,85,131,86,46,11,453220
2014,3,11110580,교남동,1107,603,504,1,123,339,308,188,148,1,34,172,181,107,108,0,89,167,127,81,40,355267
2014,3,11110600,가회동,17890,14875,3015,7,2965,6653,5053,2465,747,4,2015,5460,4594,2224,578,3,950,1193,459,241,169,565302
2014,3,11110615,종로1.2.3.4가동,129222,80728,48494,1207,22464,44203,35871,19285,6192,564,9261,25363,26303,14814,4423,643,13203,18840,9568,4471,1769,2430999
2014,3,11110630,종로5.6가동,21146,14277,6869,155,3932,7160,5648,3174,1077,57,1935,4941,4216,2353,775,98,1997,2219,1432,821,302,599631
2014,3,11110640,이화동,5192,2668,2524,23,1002,1715,1249,845,358,10,315,829,755,513,246,13,687,886,494,332,112,747067
2014,3,11110650,혜화동,4359,2310,2049,15,772,1249,1099,787,437,4,292,634,640,459,281,11,480,615,459,328,156,1161303
2014,3,11110670,창신1동,2180,975,1205,11,273,622,612,415,247,4,110,243,219,242,157,7,163,379,393,173,90,297271
2014,3,11110680,창신2동,719,308,411,1,84,199,192,173,70,0,16,91,93,73,35,1,68,108,99,100,35,257188
2014,3,11110690,창신3동,330,175,155,0,34,83,75,93,45,0,10,29,36,61,39,0,24,54,39,32,6,216230
2014,3,11110700,숭인1동,605,253,352,2,95,137,174,146,51,1,27,50,74,72,29,1,68,87,100,74,22,236777
2014,3,11110710,숭인2동,2441,1401,1040,3,320,598,603,487,430,0,136,346,360,266,293,3,184,252,243,221,137,359384
2014,3,11140520,소공동,137234,79297,57937,719,29831,49576,38259,16339,2510,158,9860,26931,27457,12966,1925,561,19971,22645,10802,3373,585,918284
2014,3,11140540,회현동,68912,43299,25613,474,15556,24311,18326,8561,1684,113,7731,14443,13271,6555,1186,361,7825,9868,5055,2006,498,909465
2014,3,11140550,명동,166211,89163,77048,463,27943,59529,49116,23867,5293,114,8194,25830,32424,18943,3658,349,19749,33699,16692,4924,1635,993909
2014,3,11140570,필동,22419,11501,10918,81,3913,6625,6781,3782,1237,34,1380,3676,3583,1914,914,47,2533,2949,3198,1868,323,1458582
2014,3,11140580,장충동,12496,6166,6330,41,3912,3864,2835,1399,445,14,1215,2106,1710,851,270,27,2697,1758,1125,548,175,1013897
2014,3,11140590,광희동,38497,20637,17860,996,10276,11316,8861,5272,1776,486,4539,6593,4948,2819,1252,510,5737,4723,3913,2453,524,745387
2014,3,11140605,을지로동,16493,10073,6420,102,2069,4367,4487,3338,2130,36,778,2518,2930,2255,1556,66,1291,1849,1557,1083,574,612013
2014,3,11140615,신당동,9723,5705,4018,27,2057,3348,2271,1426,594,10,1040,1845,1464,941,405,17,1017,1503,807,485,189,536647
2014,3,11140625,다산동,7171,3315,3856,21,1943,1856,1400,1305,646,10,591,1016,847,549,302,11,1352,840,553,756,344,532721
2014,3,11140635,약수동,2414,1059,1355,9,414,693,559,448,291,1,95,304,270,210,179,8,319,389,289,238,112,509395
2014,3,11140645,청구동,3624,2272,1352,9,535,1157,886,564,473,5,243,815,588,332,289,4,292,342,298,232,184,345114
2014,3,11140650,신당5동,1312,627,685,4,187,358,364,266,133,0,41,162,182,153,89,4,146,196,182,113,44,310367
2014,3,11140665,동화동,2206,1095,1111,6,435,632,511,427,195,5,125,303,277,243,142,1,310,329,234,184,53,330049
2014,3,11140670,황학동,2990,1898,1092,3,420,641,637,703,586,1,179,444,444,425,405,2,241,197,193,278,181,327694
2014,3,11140680,중림동,7129,4311,2818,14,1239,2126,1777,1172,801,6,422,1152,1238,852,641,8,817,974,539,320,160,487576
2014,3,11170510,후암동,3260,1166,2094,5,292,501,817,1287,358,4,94,258,322,323,165,1,198,243,495,964,193,868399
2014,3,11170520,용산2가동,1145,610,535,0,99,268,333,310,135,0,30,123,213,173,71,0,69,145,120,137,64,2047347
2014,3,11170530,남영동,23586,14439,9147,891,7214,7166,4499,2775,1041,432,3264,4883,3328,1833,699,459,3950,2283,1171,942,342,735947
2014,3,11170555,청파동,7701,3970,3731,20,1392,2194,1600,1455,1040,9,386,1037,897,842,799,11,1006,1157,703,613,241,867676
2014,3,11170560,원효로1동,7010,4992,2018,25,1036,2444,1873,1061,571,14,556,1834,1426,758,404,11,480,610,447,303,167,589294
2014,3,11170570,원효로2동,5917,4107,1810,12,578,1830,1273,1228,996,5,316,1371,947,796,672,7,262,459,326,432,324,915567
2014,3,11170580,효창동,1866,1016,850,4,242,553,486,410,171,0,77,296,295,230,118,4,165,257,191,180,53,470670
2014,3,11170590,용문동,811,430,381,1,112,250,254,139,55,1,26,155,144,71,33,0,86,95,110,68,22,289284
2014,3,11170625,한강로동,49346,28274,21072,195,9824,17554,12813,6637,2323,95,3784,9735,8229,4787,1644,100,6040,7819,4584,1850,679,3358956
2014,3,11170630,이촌1동,1620,743,877,3,202,430,393,309,283,1,51,159,182,136,214,2,151,271,211,173,69,2143668
2014,3,11170640,이촌2동,250,150,100,0,27,55,67,55,46,0,7,31,42,33,37,0,20,24,25,22,9,1191110
2014,3,11170650,이태원1동,4588,2696,1892,17,818,1262,1115,922,454,10,431,698,617,618,322,7,387,564,498,304,132,579369
2014,3,11170660,이태원2동,1746,982,764,1,315,628,425,240,137,0,160,350,242,136,94,1,155,278,183,104,43,879018
2014,3,11170685,한남동,13331,7043,6288,58,3281,4880,2820,1487,805,35,1226,2673,1756,871,482,23,2055,2207,1064,616,323,3198883
2014,3,11170690,서빙고동,4165,2126,2039,79,741,1410,1025,593,317,1,153,681,605,419,267,78,588,729,420,174,50,2198117
2014,3,11170700,보광동,545,281,264,1,62,123,141,133,85,0,22,59,73,71,56,1,40,64,68,62,29,890496
2014,3,11200520,왕십리2동,974,426,548,1,158,252,272,185,106,0,28,95,121,104,78,1,130,157,151,81,28,385254
2014,3,11200535,왕십리도선동,5787,3423,2364,14,935,1460,1470,1230,678,6,341,938,966,751,421,8,594,522,504,479,257,718816
2014,3,11200540,마장동,9326,6474,2852,7,832,2221,2549,2582,1135,5,443,1520,1813,1869,824,2,389,701,736,713,311,1082999
2014,3,11200550,사근동,4985,2738,2247,1,708,1194,1423,1221,438,0,133,566,863,857,319,1,575,628,560,364,119,1182945
2014,3,11200560,행당1동,12243,4997,7246,37,1091,2869,4436,3324,486,24,569,1740,1247,1082,335,13,522,1129,3189,2242,151,552563
2014,3,11200570,행당2동,562,157,405,0,68,164,167,114,49,0,8,39,46,37,27,0,60,125,121,77,22,457197
2014,3,11200580,응봉동,387,138,249,0,42,103,106,95,41,0,10,32,30,35,31,0,32,71,76,60,10,547736
2014,3,11200590,금호1가동,700,297,403,0,93,163,193,161,90,0,25,55,80,79,58,0,68,108,113,82,32,441318
2014,3,11200615,금호2.3가동,791,292,499,1,104,194,196,198,98,0,14,67,72,76,63,1,90,127,124,122,35,638261
2014,3,11200620,금호4가동,916,451,465,0,111,216,196,237,156,0,25,75,96,135,120,0,86,141,100,102,36,935263
2014,3,11200645,옥수동,1556,725,831,2,278,413,399,302,162,2,73,169,206,157,118,0,205,244,193,145,44,1239152
2014,3,11200650,성수1가1동,5029,3266,1763,11,608,1358,1350,1248,454,3,257,895,862,885,364,8,351,463,488,363,90,2248463
2014,3,11200660,성수1가2동,11526,7314,4212,117,2320,3389,2514,2026,1160,33,1146,2218,1756,1346,815,84,1174,1171,758,680,345,984783
2014,3,11200670,성수2가1동,42916,19189,23727,141,7890,12209,15069,6871,736,96,4853,7845,4185,1660,550,45,3037,4364,10884,5211,186,1126355
2014,3,11200690,성수2가3동,35161,22496,12665,129,5812,10623,8972,6073,3552,71,2608,6855,6090,4225,2647,58,3204,3768,2882,1848,905,1050781
2014,3,11200720,송정동,1499,884,615,3,237,448,402,263,146,2,118,237,226,188,113,1,119,211,176,75,33,584812
2014,3,11200790,용답동,16098,11589,4509,53,1333,3174,6455,3777,1306,20,650,2357,5295,2505,762,33,683,817,1160,1272,544,2379362
2014,3,11215710,화양동,4959,2185,2774,26,1150,1664,941,670,508,12,324,738,473,298,340,14,826,926,468,372,168,1124376
2014,3,11215730,군자동,4541,2615,1926,6,1087,1372,1119,635,322,4,448,866,668,397,232,2,639,506,451,238,90,733236
2014,3,11215740,중곡1동,4399,2553,1846,10,678,1089,1030,817,775,5,247,606,561,479,655,5,431,483,469,338,120,602769
2014,3,11215750,중곡2동,3133,1477,1656,3,500,841,868,602,319,1,158,399,412,297,210,2,342,442,456,305,109,544807
2014,3,11215760,중곡3동,1922,1057,865,8,268,423,500,482,241,3,94,231,259,293,177,5,174,192,241,189,64,600824
2014,3,11215770,중곡4동,2785,1498,1287,3,315,667,750,748,302,1,113,310,386,464,224,2,202,357,364,284,78,2295463
2014,3,11215780,능동,2722,1471,1251,6,448,804,676,514,274,1,147,432,398,290,203,5,301,372,278,224,71,1094134
2014,3,11215810,광장동,5611,3226,2385,24,874,1618,1477,1129,489,14,297,885,944,714,372,10,577,733,533,415,117,2889609
2014,3,11215820,자양1동,7373,4456,2917,15,888,1712,2017,2031,710,8,264,859,1274,1526,525,7,624,853,743,505,185,621606
2014,3,11215830,자양2동,5565,3555,2010,7,474,1305,1895,1436,448,2,201,762,1375,917,298,5,273,543,520,519,150,1630926
2014,3,11215840,자양3동,2294,1207,1087,3,305,530,536,454,466,2,88,267,253,214,383,1,217,263,283,240,83,1145609
2014,3,11215847,자양4동,2495,1721,774,11,320,569,599,588,408,5,162,364,415,421,354,6,158,205,184,167,54,1148618
2014,3,11215850,구의1동,4501,2854,1647,7,639,1206,1142,1067,440,5,277,740,795,725,312,2,362,466,347,342,128,553095
2014,3,11215860,구의2동,3593,1985,1608,28,469,833,939,895,429,14,151,439,540,543,298,14,318,394,399,352,131,1363952
2014,3,11215870,구의3동,12611,7692,4919,38,1433,3215,3349,3021,1555,26,729,2255,2092,1637,953,12,704,960,1257,1384,602,1453971
2014,3,11230536,용신동,24034,13541,10493,109,3359,6565,6502,4751,2748,31,1228,3785,3686,2958,1853,78,2131,2780,2816,1793,895,1590771
2014,3,11230545,제기동,5198,3059,2139,9,644,1171,1372,1239,763,2,248,709,834,731,535,7,396,462,538,508,228,1184853
2014,3,11230560,전농1동,2095,1115,980,11,305,470,605,471,233,9,121,278,338,237,132,2,184,192,267,234,101,1140490
2014,3,11230570,전농2동,3003,1560,1443,6,354,822,851,718,252,1,67,349,475,461,207,5,287,473,376,257,45,983768
2014,3,11230600,답십리1동,6044,3478,2566,26,1077,1583,1461,1105,792,14,571,1046,765,547,535,12,506,537,696,558,257,838156
2014,3,11230610,답십리2동,3347,2103,1244,3,383,857,880,723,501,2,175,572,567,451,336,1,208,285,313,272,165,814945
2014,3,11230650,장안1동,13144,8023,5121,31,1560,3080,3198,2851,2424,7,623,1784,2036,1768,1805,24,937,1296,1162,1083,619,1360347
2014,3,11230660,장안2동,5699,2923,2776,21,813,1472,1506,1240,647,9,268,743,778,679,446,12,545,729,728,561,201,1119438
2014,3,11230705,청량리동,5997,3731,2266,8,873,1678,1429,1390,619,4,318,1003,954,1004,448,4,555,675,475,386,171,1197287
2014,3,11230710,회기동,3763,1446,2317,1,852,1379,842,578,111,1,249,582,303,253,58,0,603,797,539,325,53,829432
2014,3,11230720,휘경1동,1107,628,479,4,149,247,280,233,194,0,50,143,172,136,127,4,99,104,108,97,67,519932
2014,3,11230730,휘경2동,3668,1445,2223,2,745,1049,935,717,220,1,188,443,411,296,106,1,557,606,524,421,114,1207585
2014,3,11230740,이문1동,4433,2489,1944,4,569,1149,1272,1048,391,0,130,514,813,735,297,4,439,635,459,313,94,986690
2014,3,11230750,이문2동,830,460,370,1,107,139,239,231,113,1,32,48,131,156,92,0,75,91,108,75,21,698476
2014,3,11260520,면목2동,2329,1260,1069,2,288,480,654,612,293,0,93,253,334,358,222,2,195,227,320,254,71,743106
2014,3,11260540,면목4동,1513,929,584,0,126,284,400,513,190,0,34,133,248,359,155,0,92,151,152,154,35,821882
2014,3,11260550,면목5동,1177,772,405,3,115,228,317,350,164,1,42,134,195,269,131,2,73,94,122,81,33,591696
2014,3,11260565,면목본동,2128,941,1187,2,230,425,620,604,247,1,56,188,265,268,163,1,174,237,355,336,84,840931
2014,3,11260570,면목7동,1136,592,544,1,144,223,326,305,137,0,29,71,177,203,112,1,115,152,149,102,25,1202721
2014,3,11260575,면목3.8동,3701,2073,1628,4,513,781,991,961,451,1,118,358,556,676,364,3,395,423,435,285,87,1591050
2014,3,11260580,상봉1동,2654,1540,1114,14,272,523,699,775,371,11,105,255,365,523,281,3,167,268,334,252,90,917193
2014,3,11260590,상봉2동,8938,5619,3319,26,977,2221,2533,1820,1361,9,481,1596,1408,1041,1084,17,496,625,1125,779,277,658991
2014,3,11260600,중화1동,1553,608,945,3,248,386,467,331,118,0,53,148,179,153,75,3,195,238,288,178,43,637209
2014,3,11260610,중화2동,2533,1457,1076,5,255,488,608,524,653,4,78,283,337,302,453,1,177,205,271,222,200,960402
2014,3,11260620,묵1동,2733,1242,1491,4,359,744,747,630,249,2,114,350,329,281,166,2,245,394,418,349,83,1184393
2014,3,11260630,묵2동,2197,1424,773,2,228,530,675,565,197,1,92,336,456,398,141,1,136,194,219,167,56,682005
2014,3,11260655,망우본동,4906,2481,2425,11,659,1129,1261,1264,582,6,158,501,635,748,433,5,501,628,626,516,149,3074745
2014,3,11260660,망우3동,1520,780,740,5,126,281,440,441,227,4,31,149,189,248,159,1,95,132,251,193,68,967313
2014,3,11260680,신내1동,4366,2121,2245,6,733,928,1099,1158,442,2,138,434,556,660,331,4,595,494,543,498,111,2361684
2014,3,11260690,신내2동,3569,1754,1815,3,327,884,998,993,364,1,88,356,436,641,232,2,239,528,562,352,132,939758
2014,3,11290525,성북동,2695,1265,1430,6,489,871,696,441,192,6,144,401,360,236,118,0,345,470,336,205,74,3067396
2014,3,11290555,삼선동,7672,4238,3434,15,988,1778,2051,1989,851,5,322,884,1159,1337,531,10,666,894,892,652,320,1177823
2014,3,11290575,동선동,5350,2317,3033,21,980,1097,1158,1036,1058,9,223,525,618,472,470,12,757,572,540,564,588,729672
2014,3,11290580,돈암1동,858,321,537,7,133,237,227,172,82,4,33,84,76,69,55,3,100,153,151,103,27,461503
2014,3,11290590,돈암2동,518,181,337,1,103,167,129,89,29,0,20,56,56,27,22,1,83,111,73,62,7,414465
2014,3,11290600,안암동,5643,2633,3010,6,1373,1810,1313,813,328,2,384,812,727,473,235,4,989,998,586,340,93,1295307
2014,3,11290610,보문동,2781,1477,1304,9,371,566,658,613,564,1,107,307,364,325,373,8,264,259,294,288,191,551172
2014,3,11290620,정릉1동,986,404,582,1,121,242,291,237,94,0,20,95,128,103,58,1,101,147,163,134,36,475568
2014,3,11290630,정릉2동,1350,651,699,4,209,325,356,316,140,3,67,138,165,180,98,1,142,187,191,136,42,1165255
2014,3,11290640,정릉3동,2488,1517,971,1,348,511,751,646,231,1,98,248,487,497,186,0,250,263,264,149,45,3182234
2014,3,11290650,정릉4동,2404,1570,834,5,219,421,661,774,324,5,62,204,467,578,254,0,157,217,194,196,70,3714207
2014,3,11290660,길음1동,1576,544,1032,10,271,377,447,273,198,6,42,138,142,88,128,4,229,239,305,185,70,753885
2014,3,11290685,길음2동,1089,526,563,3,216,289,242,210,129,1,58,137,109,117,104,2,158,152,133,93,25,423663
2014,3,11290705,종암동,2930,1526,1404,7,394,717,928,636,248,1,111,341,511,398,164,6,283,376,417,238,84,1494677
2014,3,11290715,월곡1동,3292,1718,1574,4,412,759,907,720,490,1,168,391,442,374,342,3,244,368,465,346,148,974658
2014,3,11290725,월곡2동,4624,2549,2075,8,647,1293,1147,957,572,7,276,761,624,556,325,1,371,532,523,401,247,1330228
2014,3,11290760,장위1동,816,291,525,1,77,149,264,229,96,1,15,51,100,85,39,0,62,98,164,144,57,714821
2014,3,11290770,장위2동,2437,1489,948,4,200,434,571,603,625,3,78,228,300,396,484,1,122,206,271,207,141,682224
2014,3,11290780,장위3동,1586,946,640,4,159,298,445,472,208,2,59,167,251,294,173,2,100,131,194,178,35,663549
2014,3,11290810,석관동,3313,1971,1342,5,278,619,810,705,896,1,68,308,455,426,713,4,210,311,355,279,183,1773773
2014,3,11305534,삼양동,1316,586,730,1,175,247,357,359,177,1,27,96,134,200,128,0,148,151,223,159,49,959451
2014,3,11305535,미아동,2071,884,1187,1,310,490,541,454,275,0,95,199,238,199,153,1,215,291,303,255,122,835492
2014,3,11305545,송중동,2677,1136,1541,6,389,695,768,538,281,0,114,297,340,223,162,6,275,398,428,315,119,1085065
2014,3,11305555,송천동,2564,1213,1351,13,341,607,684,606,313,6,82,263,330,307,225,7,259,344,354,299,88,928301
2014,3,11305575,삼각산동,943,296,647,0,131,281,304,170,57,0,21,77,83,76,39,0,110,204,221,94,18,603256
2014,3,11305590,번1동,3647,2070,1577,12,430,734,1015,961,495,5,145,403,630,609,278,7,285,331,385,352,217,619363
2014,3,11305600,번2동,2138,1324,814,3,159,394,712,666,204,2,41,207,417,498,159,1,118,187,295,168,45,992960
2014,3,11305606,번3동,1336,680,656,8,135,284,335,359,215,7,42,163,181,172,115,1,93,121,154,187,100,1075371
2014,3,11305610,수유1동,2695,1480,1215,9,255,499,760,790,382,6,75,215,416,490,278,3,180,284,344,300,104,1748455
2014,3,11305620,수유2동,2156,1101,1055,5,205,329,466,525,626,2,72,197,231,249,350,3,133,132,235,276,276,593685
2014,3,11305630,수유3동,4032,2119,1913,7,410,1032,1106,1010,467,4,111,473,604,641,286,3,299,559,502,369,181,725084
2014,3,11305645,우이동,1547,1012,535,2,140,247,381,516,261,0,51,136,233,378,214,2,89,111,148,138,47,10680138
2014,3,11305660,인수동,3642,1758,1884,2,440,890,948,886,476,1,131,425,435,416,350,1,309,465,513,470,126,2869695
2014,3,11320511,창1동,1861,828,1033,4,213,387,484,481,292,1,47,152,222,248,158,3,166,235,262,233,134,1104916
2014,3,11320512,창2동,1987,1020,967,12,244,373,606,488,264,7,81,186,285,273,188,5,163,187,321,215,76,654615
2014,3,11320513,창3동,756,290,466,1,103,166,241,180,65,1,18,59,98,74,40,0,85,107,143,106,25,635079
2014,3,11320514,창4동,3361,2124,1237,3,295,584,906,1009,564,0,80,294,561,723,466,3,215,290,345,286,98,1155759
2014,3,11320515,창5동,4398,2266,2132,7,502,1105,1293,1136,355,1,151,519,678,673,244,6,351,586,615,463,111,676820
2014,3,11320521,도봉1동,3061,1966,1095,3,180,396,811,1028,643,1,63,222,534,725,421,2,117,174,277,303,222,8547209
2014,3,11320522,도봉2동,4518,2687,1831,6,299,788,1060,1060,1305,4,117,374,618,642,932,2,182,414,442,418,373,1204332
2014,3,11320660,쌍문1동,2332,1009,1323,6,311,386,658,698,273,4,41,144,262,361,197,2,270,242,396,337,76,1177010
2014,3,11320670,쌍문2동,2491,1353,1138,14,240,489,628,710,410,9,90,254,322,422,256,5,150,235,306,288,154,539384
2014,3,11320680,쌍문3동,1814,809,1005,2,331,476,520,341,144,2,68,232,256,176,75,0,263,244,264,165,69,504867
2014,3,11320681,쌍문4동,1013,381,632,2,116,246,263,299,87,0,21,93,81,126,60,2,95,153,182,173,27,543784
2014,3,11320690,방학1동,4704,2634,2070,10,483,891,1185,1386,749,4,180,476,619,818,537,6,303,415,566,568,212,1041785
2014,3,11320700,방학2동,1197,604,593,1,106,270,346,324,150,0,34,140,151,168,111,1,72,130,195,156,39,1102018
2014,3,11320710,방학3동,1680,806,874,0,119,311,431,555,264,0,31,133,175,270,197,0,88,178,256,285,67,1856777
2014,3,11350560,월계1동,3300,2034,1266,3,436,819,800,836,406,1,200,479,500,561,293,2,236,340,300,275,113,1218934
2014,3,11350570,월계2동,1628,811,817,6,160,334,480,455,193,5,45,128,232,247,154,1,115,206,248,208,39,1991095
2014,3,11350580,월계3동,1239,565,674,2,120,259,386,331,141,0,31,101,160,174,99,2,89,158,226,157,42,1133881
2014,3,11350595,공릉1동,7896,4230,3666,21,797,1456,1956,2075,1591,10,279,842,1054,1063,982,11,518,614,902,1012,609,1217193
2014,3,11350600,공릉2동,6042,2892,3150,4,928,1401,1529,1489,691,2,204,562,705,902,517,2,724,839,824,587,174,7207339
2014,3,11350611,하계1동,6539,3646,2893,16,990,1632,1762,1626,513,9,341,788,1035,1127,346,7,649,844,727,499,167,1467562
2014,3,11350612,하계2동,536,162,374,1,51,106,163,175,40,0,10,19,34,67,32,1,41,87,129,108,8,513857
2014,3,11350619,중계본동,2037,965,1072,2,205,384,545,476,425,2,64,172,247,232,248,0,141,212,298,244,177,2094464
2014,3,11350621,중계1동,1346,581,765,6,189,270,397,309,175,2,45,106,138,154,136,4,144,164,259,155,39,624508
2014,3,11350624,중계4동,1857,832,1025,4,149,366,549,536,253,2,41,169,223,229,168,2,108,197,326,307,85,1540528
2014,3,11350625,중계2.3동,2367,973,1394,3,294,513,715,646,196,1,88,236,268,251,129,2,206,277,447,395,67,912217
2014,3,11350630,상계1동,4385,2157,2228,16,462,848,1274,1100,685,8,173,460,592,521,403,8,289,388,682,579,282,4997346
2014,3,11350640,상계2동,3481,1413,2068,19,590,754,905,854,359,9,177,344,351,337,195,10,413,410,554,517,164,629194
2014,3,11350665,상계3.4동,2954,1715,1239,5,177,323,761,992,696,0,39,154,461,653,408,5,138,169,300,339,288,5751720
2014,3,11350670,상계5동,1535,597,938,3,111,222,396,442,361,0,42,107,145,132,171,3,69,115,251,310,190,473604
2014,3,11350695,상계6.7동,7760,3231,4529,7,1328,2032,2078,1652,663,3,269,703,908,959,389,4,1059,1329,1170,693,274,1434043
2014,3,11350700,상계8동,906,284,622,3,85,185,298,244,91,3,15,32,60,109,65,0,70,153,238,135,26,668937
2014,3,11350710,상계9동,1156,440,716,3,112,308,348,283,102,1,23,78,112,146,80,2,89,230,236,137,22,833448
2014,3,11350720,상계10동,931,325,606,0,90,188,279,283,91,0,20,49,99,110,47,0,70,139,180,173,44,802642
2014,3,11380510,녹번동,5926,3084,2842,13,561,1452,1656,1537,707,5,176,659,871,939,434,8,385,793,785,598,273,1923020
2014,3,11380520,불광1동,2459,1030,1429,6,416,821,618,429,169,3,95,322,302,205,103,3,321,499,316,224,66,2948578
2014,3,11380530,불광2동,2996,1455,1541,15,309,660,867,817,328,11,88,295,439,454,168,4,221,365,428,363,160,1756596
2014,3,11380551,갈현1동,1861,847,1014,8,294,446,504,383,226,4,80,192,232,204,135,4,214,254,272,179,91,909869
2014,3,11380552,갈현2동,2701,1109,1592,4,333,653,693,704,314,2,103,300,268,263,173,2,230,353,425,441,141,1018512
2014,3,11380560,구산동,3869,1786,2083,13,461,784,904,1174,533,3,135,314,388,634,312,10,326,470,516,540,221,1316383
2014,3,11380570,대조동,2824,1214,1610,7,353,656,829,604,375,0,82,283,338,293,218,7,271,373,491,311,157,867572
2014,3,11380580,응암1동,3302,1529,1773,8,396,856,903,768,371,3,121,377,405,371,252,5,275,479,498,397,119,1126418
2014,3,11380590,응암2동,1072,525,547,1,118,224,287,312,130,0,17,72,147,194,95,1,101,152,140,118,35,554079
2014,3,11380600,응암3동,2450,971,1479,7,331,548,698,577,289,3,87,227,267,232,155,4,244,321,431,345,134,933101
2014,3,11380625,역촌동,3306,1445,1861,7,349,731,935,842,442,4,121,345,403,324,248,3,228,386,532,518,194,1138805
2014,3,11380631,신사1동,1818,904,914,6,239,346,515,464,248,2,74,155,250,238,185,4,165,191,265,226,63,823498
2014,3,11380632,신사2동,1226,714,512,0,100,234,333,348,211,0,18,102,189,228,177,0,82,132,144,120,34,1050676
2014,3,11380640,증산동,2204,1391,813,6,199,469,595,571,364,5,70,257,344,405,310,1,129,212,251,166,54,929526
2014,3,11380650,수색동,1500,715,785,4,303,395,346,288,164,2,52,164,175,194,128,2,251,231,171,94,36,1169504
2014,3,11380690,진관동,2704,1344,1360,5,224,506,812,866,291,3,50,184,372,526,209,2,174,322,440,340,82,12836383
2014,3,11410520,천연동,1026,442,584,1,98,277,276,257,117,1,21,99,122,120,79,0,77,178,154,137,38,866603
2014,3,11410555,북아현동,954,438,516,0,105,179,249,286,135,0,26,89,95,155,73,0,79,90,154,131,62,461555
2014,3,11410565,충현동,22443,13315,9128,45,3436,7739,6444,3718,1061,19,1426,4494,4174,2469,733,26,2010,3245,2270,1249,328,1139343
2014,3,11410585,신촌동,16978,6954,10024,50,4201,5522,3938,2444,823,22,1103,1942,1919,1413,555,28,3098,3580,2019,1031,268,2504686
2014,3,11410615,연희동,7354,4005,3349,18,851,1850,1958,1861,816,6,296,936,1027,1214,526,12,555,914,931,647,290,2965760
2014,3,11410620,홍제1동,1482,631,851,0,227,371,407,321,156,0,38,141,185,150,117,0,189,230,222,171,39,1492096
2014,3,11410640,홍제3동,1424,566,858,1,187,282,380,315,259,1,47,104,146,124,144,0,140,178,234,191,115,1093373
2014,3,11410655,홍제2동,691,322,369,0,71,133,183,196,108,0,26,63,76,84,73,0,45,70,107,112,35,705399
2014,3,11410660,홍은1동,719,255,464,1,71,160,184,185,118,0,20,54,61,54,66,1,51,106,123,131,52,1538023
2014,3,11410685,홍은2동,3488,1880,1608,8,546,787,902,829,416,5,175,366,494,521,319,3,371,421,408,308,97,2049745
2014,3,11410690,남가좌1동,646,386,260,1,91,124,181,156,93,0,13,48,129,125,71,1,78,76,52,31,22,484765
2014,3,11410700,남가좌2동,1387,624,763,4,174,358,387,309,155,2,46,150,158,167,101,2,128,208,229,142,54,787125
2014,3,11410710,북가좌1동,1278,779,499,5,107,196,342,344,284,2,26,88,187,250,226,3,81,108,155,94,58,562752
2014,3,11410720,북가좌2동,2365,1232,1133,4,247,441,601,692,380,1,91,225,302,369,244,3,156,216,299,323,136,806705
2014,3,11440555,아현동,22891,14062,8829,104,3837,8250,6296,3525,879,40,1529,5107,4268,2488,630,64,2308,3143,2028,1037,249,870645
2014,3,11440565,공덕동,9471,6004,3467,13,1851,2499,3147,1317,644,3,717,1470,2484,953,377,10,1134,1029,663,364,267,891209
2014,3,11440585,도화동,11551,6272,5279,41,2566,3243,2784,1793,1124,21,969,1819,1625,1058,780,20,1597,1424,1159,735,344,863516
2014,3,11440590,용강동,15451,9138,6313,22,1918,4481,3645,3503,1882,9,798,2875,2415,1823,1218,13,1120,1606,1230,1680,664,910388
2014,3,11440600,대흥동,7594,3815,3779,15,1469,2329,1605,1261,915,6,425,1185,961,728,510,9,1044,1144,644,533,405,854083
2014,3,11440610,염리동,18793,11743,7050,69,1651,3634,5964,6950,525,26,526,1694,3189,5950,358,43,1125,1940,2775,1000,167,549601
2014,3,11440630,신수동,4449,2344,2105,6,579,1234,1144,749,737,3,194,690,712,399,346,3,385,544,432,350,391,914314
2014,3,11440655,서강동,7357,4347,3010,22,1612,2346,1653,1173,551,6,530,1434,1192,775,410,16,1082,912,461,398,141,1890596
2014,3,11440660,서교동,42909,22897,20012,296,10668,13786,8987,5731,3441,113,3896,7937,5548,3085,2318,183,6772,5849,3439,2646,1123,1641475
2014,3,11440680,합정동,8832,5177,3655,46,1937,3216,2086,1080,467,12,648,1985,1463,721,348,34,1289,1231,623,359,119,1792621
2014,3,11440690,망원1동,2796,1094,1702,13,342,498,558,519,866,10,133,267,286,180,218,3,209,231,272,339,648,1111518
2014,3,11440700,망원2동,2682,1214,1468,1,326,736,840,515,264,0,118,392,349,181,174,1,208,344,491,334,90,1209563
2014,3,11440710,연남동,3656,2103,1553,11,628,1221,950,564,282,4,215,716,576,369,223,7,413,505,374,195,59,641653
2014,3,11440720,성산1동,8989,6069,2920,37,1132,2108,1914,1392,2406,27,515,1311,1180,872,2164,10,617,797,734,520,242,855779
2014,3,11440730,성산2동,6404,2550,3854,22,467,828,1437,2233,1417,20,232,443,692,663,500,2,235,385,745,1570,917,1990923
2014,3,11440740,상암동,27281,16331,10950,138,8119,10637,5713,1848,826,67,3344,6535,4320,1386,679,71,4775,4102,1393,462,147,7646126
2014,3,11470510,목1동,11990,7503,4487,27,1783,3777,3473,2130,800,13,683,2288,2466,1481,572,14,1100,1489,1007,649,228,1572490
2014,3,11470520,목2동,1909,1003,906,2,256,579,520,402,150,1,92,325,279,209,97,1,164,254,241,193,53,1021500
2014,3,11470530,목3동,1444,614,830,4,181,360,412,342,145,3,47,161,160,148,95,1,134,199,252,194,50,533074
2014,3,11470540,목4동,2099,1170,929,10,222,412,550,608,297,5,89,236,273,350,217,5,133,176,277,258,80,578170
2014,3,11470550,목5동,5874,2203,3671,8,1132,1660,1437,994,643,4,230,506,547,478,438,4,902,1154,890,516,205,2055129
2014,3,11470560,신월1동,2426,1516,910,3,170,479,729,724,321,1,61,290,432,489,243,2,109,189,297,235,78,625887
2014,3,11470570,신월2동,2046,1066,980,0,167,384,612,618,265,0,51,185,315,341,174,0,116,199,297,277,91,608140
2014,3,11470580,신월3동,2443,1329,1114,11,224,491,688,738,291,5,82,229,330,452,231,6,142,262,358,286,60,932122
2014,3,11470590,신월4동,1730,1039,691,2,154,336,421,505,312,2,55,171,221,333,257,0,99,165,200,172,55,470224
2014,3,11470600,신월5동,1787,809,978,6,198,359,509,532,183,6,48,140,214,271,130,0,150,219,295,261,53,523363
2014,3,11470610,신월6동,1218,647,571,1,157,221,356,342,141,1,44,101,180,209,112,0,113,120,176,133,29,437027
2014,3,11470611,신월7동,3410,2358,1052,4,295,546,949,1035,581,3,170,347,630,730,478,1,125,199,319,305,103,1403954
2014,3,11470620,신정1동,2203,1145,1058,1,211,541,639,479,332,1,66,256,350,257,215,0,145,285,289,222,117,722680
2014,3,11470630,신정2동,1635,685,950,2,202,358,497,396,180,2,51,163,193,155,121,0,151,195,304,241,59,594999
2014,3,11470640,신정3동,5848,3512,2336,5,655,1458,1542,1296,892,2,217,816,875,828,774,3,438,642,667,468,118,2650845
2014,3,11470650,신정4동,7732,4256,3476,8,990,1743,1839,1693,1459,4,302,914,978,877,1181,4,688,829,861,816,278,996406
2014,3,11470670,신정6동,4921,2762,2159,9,461,1225,1379,1442,405,6,195,562,704,1028,267,3,266,663,675,414,138,972556
2014,3,11470680,신정7동,1863,889,974,3,198,431,579,459,193,1,59,195,284,225,125,2,139,236,295,234,68,1144112
2014,3,11500510,염창동,10558,6743,3815,31,1500,3250,2868,1947,962,14,618,2063,1990,1298,760,17,882,1187,878,649,202,1957926
2014,3,11500520,등촌1동,8416,5210,3206,69,1470,2453,2262,1495,667,45,686,1557,1510,965,447,24,784,896,752,530,220,649434
2014,3,11500530,등촌2동,2141,1237,904,1,218,502,580,594,246,1,69,233,341,394,199,0,149,269,239,200,47,908847
2014,3,11500535,등촌3동,16790,8949,7841,76,2951,3741,3941,4559,1522,57,1423,2409,2189,1907,964,19,1528,1332,1752,2652,558,1049363
2014,3,11500540,화곡1동,3774,1833,1941,12,456,1010,1094,855,347,6,161,514,532,396,224,6,295,496,562,459,123,1194778
2014,3,11500550,화곡2동,1251,522,729,0,156,300,402,299,94,0,56,154,158,98,56,0,100,146,244,201,38,456061
2014,3,11500560,화곡3동,1648,662,986,3,269,337,440,418,181,1,71,142,199,144,105,2,198,195,241,274,76,515596
2014,3,11500570,화곡4동,1556,712,844,4,221,355,461,390,125,1,62,186,196,188,79,3,159,169,265,202,46,853460
2014,3,11500590,화곡본동,2292,933,1359,4,296,568,619,499,306,2,48,234,250,206,193,2,248,334,369,293,113,1007050
2014,3,11500591,화곡6동,8544,5376,3168,14,831,2264,2311,2199,925,7,360,1350,1445,1542,672,7,471,914,866,657,253,1034624
2014,3,11500593,화곡8동,1224,535,689,5,169,341,315,232,162,1,46,160,142,90,96,4,123,181,173,142,66,567208
2014,3,11500603,가양1동,6909,4529,2380,21,917,1810,1999,1501,661,17,503,1166,1310,1040,493,4,414,644,689,461,168,5908521
2014,3,11500604,가양2동,2323,1196,1127,16,384,611,462,430,420,6,154,292,211,203,330,10,230,319,251,227,90,996881
2014,3,11500605,가양3동,4869,3174,1695,12,794,1621,1219,706,517,5,377,1122,824,415,431,7,417,499,395,291,86,691403
2014,3,11500611,발산1동,5505,3105,2400,8,591,1172,1500,1548,686,3,165,574,837,992,534,5,426,598,663,556,152,3032326
2014,3,11500615,우장산동,3270,1424,1846,7,462,824,829,768,380,4,115,381,383,301,240,3,347,443,446,467,140,1268459
2014,3,11500620,공항동,34202,19100,15102,19,6848,11886,10104,4564,781,8,1419,5193,7680,4116,684,11,5429,6693,2424,448,97,11377979
2014,3,11500630,방화1동,6930,4763,2167,11,823,1718,2082,1724,572,5,505,1277,1510,1172,294,6,318,441,572,552,278,1125789
2014,3,11500640,방화2동,3853,2534,1319,5,370,879,955,1055,589,5,173,578,596,735,447,0,197,301,359,320,142,5564098
2014,3,11500641,방화3동,3055,1863,1192,4,269,685,770,857,470,3,62,308,481,637,372,1,207,377,289,220,98,1964100
2014,3,11530510,신도림동,8935,5457,3478,28,1607,2928,2311,1469,592,9,679,1788,1487,1029,465,19,928,1140,824,440,127,1312211
2014,3,11530520,구로1동,2140,989,1151,1,211,560,490,369,509,0,93,316,259,166,155,1,118,244,231,203,354,1004193
2014,3,11530530,구로2동,25055,13980,11075,73,4155,8229,6342,4448,1808,27,1471,4112,3940,3061,1369,46,2684,4117,2402,1387,439,1807452
2014,3,11530540,구로3동,74238,47243,26995,308,17214,28598,16590,8099,3429,163,8296,19992,11547,4742,2503,145,8918,8606,5043,3357,926,1033159
2014,3,11530550,구로4동,2541,1150,1391,5,266,585,717,560,408,2,66,235,309,252,286,3,200,350,408,308,122,538215
2014,3,11530560,구로5동,17790,10397,7393,73,3707,5783,3737,2942,1548,41,1558,3540,2510,1808,940,32,2149,2243,1227,1134,608,1075552
2014,3,11530595,가리봉동,1274,501,773,2,114,257,320,321,260,2,28,117,115,119,120,0,86,140,205,202,140,415751
2014,3,11530720,고척1동,5030,3085,1945,11,484,1046,1333,1228,928,8,190,578,783,791,735,3,294,468,550,437,193,1100132
2014,3,11530730,고척2동,1645,836,809,3,207,378,539,383,135,1,79,180,267,212,97,2,128,198,272,171,38,1013917
2014,3,11530740,개봉1동,2639,1207,1432,3,298,535,754,711,338,1,92,271,312,334,197,2,206,264,442,377,141,1168155
2014,3,11530750,개봉2동,1114,478,636,1,152,251,349,242,119,0,15,109,149,123,82,1,137,142,200,119,37,825368
2014,3,11530760,개봉3동,2518,1550,968,1,127,307,396,440,1247,0,34,121,163,225,1007,1,93,186,233,215,240,831642
2014,3,11530770,오류1동,2129,1075,1054,11,280,438,578,510,312,4,81,228,282,268,212,7,199,210,296,242,100,707130
2014,3,11530780,오류2동,3386,1905,1481,4,338,783,966,835,460,4,104,400,509,527,361,0,234,383,457,308,99,4314692
2014,3,11530790,수궁동,4045,2687,1358,13,465,903,1123,1097,444,8,248,598,696,757,380,5,217,305,427,340,64,2684146
2014,3,11545510,가산동,122618,79565,43053,997,27415,44451,29217,14221,6317,504,13532,31041,20621,9290,4577,493,13883,13410,8596,4931,1740,2245346
2014,3,11545610,독산1동,14061,9623,4438,57,1715,3544,4006,3386,1353,40,1083,2626,2579,2254,1041,17,632,918,1427,1132,312,1956086
2014,3,11545620,독산2동,1345,643,702,3,148,271,390,342,191,0,43,109,171,176,144,3,105,162,219,166,47,596742
2014,3,11545630,독산3동,5096,2997,2099,4,505,785,1053,1110,1639,2,150,336,439,585,1485,2,355,449,614,525,154,982894
2014,3,11545640,독산4동,2015,1122,893,1,307,482,598,378,249,0,176,274,307,189,176,1,131,208,291,189,73,605029
2014,3,11545670,시흥1동,8433,4171,4262,43,1518,2288,1936,1788,860,21,622,1118,929,988,493,22,896,1170,1007,800,367,1437595
2014,3,11545680,시흥2동,1168,344,824,3,144,294,327,321,79,0,17,82,93,106,46,3,127,212,234,215,33,1170211
2014,3,11545690,시흥3동,9398,6356,3042,21,616,1912,2856,2413,1580,13,326,1260,1780,1631,1346,8,290,652,1076,782,234,1328458
2014,3,11545700,시흥4동,786,281,505,1,52,170,260,216,87,0,12,44,83,83,59,1,40,126,177,133,28,873884
2014,3,11545710,시흥5동,1806,1041,765,0,129,274,559,613,231,0,32,127,299,409,174,0,97,147,260,204,57,1368598
2014,3,11560515,영등포본동,2039,989,1050,5,265,444,496,504,325,1,100,208,222,257,201,4,165,236,274,247,124,843586
2014,3,11560535,영등포동,23921,14267,9654,65,3498,7019,6391,4352,2596,18,1425,3933,4258,2932,1701,47,2073,3086,2133,1420,895,1390482
2014,3,11560540,여의동,268104,179627,88477,1853,60183,102567,66197,29524,7780,757,28056,70089,52737,22972,5016,1096,32127,32478,13460,6552,2764,6703511
2014,3,11560550,당산1동,14736,8636,6100,22,1828,3860,3418,3042,2566,10,668,2189,2064,2007,1698,12,1160,1671,1354,1035,868,746447
2014,3,11560560,당산2동,17207,10188,7019,55,2575,4190,3851,3414,3122,30,1164,2503,2266,2105,2120,25,1411,1687,1585,1309,1002,1526636
2014,3,11560585,도림동,1742,1097,645,6,165,337,470,441,323,4,70,181,316,303,223,2,95,156,154,138,100,539427
2014,3,11560605,문래동,33296,21739,11557,86,6786,11362,8137,4724,2201,47,3512,7545,5484,3318,1833,39,3274,3817,2653,1406,368,1738475
2014,3,11560610,양평1동,19389,11132,8257,115,3764,5009,4727,3913,1861,61,1763,3165,2688,2100,1355,54,2001,1844,2039,1813,506,869573
2014,3,11560620,양평2동,30297,16375,13922,134,5842,11551,8300,3397,1073,67,2335,6408,4597,2087,881,67,3507,5143,3703,1310,192,2573400
2014,3,11560630,신길1동,4922,2776,2146,3,615,1169,1017,1256,862,2,223,792,557,691,511,1,392,377,460,565,351,762886
2014,3,11560650,신길3동,1543,914,629,1,138,316,415,375,298,0,49,191,230,224,220,1,89,125,185,151,78,510335
2014,3,11560660,신길4동,1197,639,558,2,180,372,349,214,80,0,75,217,189,109,49,2,105,155,160,105,31,298738
2014,3,11560670,신길5동,967,500,467,2,113,229,238,255,130,1,29,121,128,130,91,1,84,108,110,125,39,498387
2014,3,11560680,신길6동,2276,1139,1137,11,230,581,580,474,400,2,52,292,293,249,251,9,178,289,287,225,149,676005
2014,3,11560690,신길7동,2331,1343,988,0,425,554,578,526,248,0,309,304,315,263,152,0,116,250,263,263,96,599547
2014,3,11560700,대림1동,2484,964,1520,10,647,666,589,382,190,4,118,277,269,176,120,6,529,389,320,206,70,493503
2014,3,11560710,대림2동,2247,1060,1187,4,290,577,682,422,272,1,90,242,284,230,213,3,200,335,398,192,59,574495
2014,3,11560720,대림3동,7377,4269,3108,14,959,1770,1982,1724,928,4,481,1144,1230,896,514,10,478,626,752,828,414,933892
2014,3,11590510,노량진1동,4420,2739,1681,8,490,1094,1217,1089,522,6,182,658,814,706,373,2,308,436,403,383,149,1876800
2014,3,11590520,노량진2동,3909,2061,1848,3,478,1060,953,959,456,2,226,412,485,637,299,1,252,648,468,322,157,619921
2014,3,11590530,상도1동,3572,1776,1796,3,487,996,1032,760,294,1,142,462,542,422,207,2,345,534,490,338,87,1492421
2014,3,11590540,상도2동,2260,962,1298,7,269,547,679,527,231,4,64,249,284,230,131,3,205,298,395,297,100,771971
2014,3,11590550,상도3동,1000,413,587,2,104,212,266,276,140,1,15,92,102,120,83,1,89,120,164,156,57,662403
2014,3,11590560,상도4동,1482,544,938,1,205,346,427,330,173,0,43,136,181,112,72,1,162,210,246,218,101,947172
2014,3,11590605,흑석동,5139,2469,2670,5,1030,1439,1391,912,362,1,254,555,765,610,284,4,776,884,626,302,78,2062251
2014,3,11590620,사당1동,4440,2401,2039,8,852,1157,1190,754,479,4,238,621,741,456,341,4,614,536,449,298,138,630335
2014,3,11590630,사당2동,2577,1202,1375,10,355,675,678,546,313,4,107,331,317,261,182,6,248,344,361,285,131,3064442
2014,3,11590640,사당3동,2131,1151,980,1,285,462,488,397,498,0,85,225,260,224,357,1,200,237,228,173,141,898029
2014,3,11590650,사당4동,937,501,436,0,80,178,238,211,230,0,21,79,122,113,166,0,59,99,116,98,64,431219
2014,3,11590651,사당5동,911,443,468,2,143,253,256,187,70,2,70,113,120,88,50,0,73,140,136,99,20,658780
2014,3,11590660,대방동,9224,5404,3820,37,1182,2724,2064,1953,1264,6,433,1759,1335,1062,809,31,749,965,729,891,455,1591876
2014,3,11590670,신대방1동,3495,2044,1451,8,444,798,708,811,726,4,172,481,423,482,482,4,272,317,285,329,244,685547
2014,3,11590680,신대방2동,18872,10214,8658,59,3207,4945,4058,4377,2226,25,1633,3155,2171,2104,1126,34,1574,1790,1887,2273,1100,1024271
2014,3,11620525,보라매동,4609,1967,2642,7,606,1510,1660,531,295,2,164,510,839,256,196,5,442,1000,821,275,99,758003
2014,3,11620545,청림동,413,169,244,6,66,94,109,82,56,6,16,30,45,33,39,0,50,64,64,49,17,305629
2014,3,11620565,성현동,1082,412,670,5,127,272,352,236,90,1,29,98,109,112,63,4,98,174,243,124,27,695625
2014,3,11620575,행운동,2965,1507,1458,12,455,845,738,567,348,5,151,479,392,281,199,7,304,366,346,286,149,739229
2014,3,11620585,낙성대동,11144,6404,4740,8,1322,3586,2724,2346,1158,2,397,1757,1628,1655,965,6,925,1829,1096,691,193,2341406
2014,3,11620595,청룡동,7003,4065,2938,10,673,1686,1937,1857,840,5,258,870,1127,1252,553,5,415,816,810,605,287,1186204
2014,3,11620605,은천동,3441,1557,1884,9,457,696,813,912,554,4,145,348,372,399,289,5,312,348,441,513,265,738181
2014,3,11620615,중앙동,1806,896,910,1,268,482,462,336,257,0,80,236,264,160,156,1,188,246,198,176,101,385136
2014,3,11620625,인헌동,2757,1419,1338,1,374,670,678,567,467,1,126,370,308,283,331,0,248,300,370,284,136,709688
2014,3,11620630,남현동,3377,2135,1242,8,516,851,851,693,458,4,267,545,562,426,331,4,249,306,289,267,127,4218667
2014,3,11620645,서원동,3199,1494,1705,33,569,696,677,639,585,13,167,334,326,298,356,20,402,362,351,341,229,642690
2014,3,11620655,신원동,873,306,567,2,135,194,213,220,109,1,19,71,84,82,49,1,116,123,129,138,60,549115
2014,3,11620665,서림동,1232,757,475,0,100,221,319,386,206,0,28,114,188,262,165,0,72,107,131,124,41,981577
2014,3,11620685,신사동,1938,1063,875,2,238,446,523,489,240,1,102,254,290,256,160,1,136,192,233,233,80,609167
2014,3,11620695,신림동,2094,1078,1016,9,360,491,534,418,282,4,130,279,273,209,183,5,230,212,261,209,99,507666
2014,3,11620715,난향동,1347,481,866,10,118,218,293,389,319,9,32,67,84,91,198,1,86,151,209,298,121,786985
2014,3,11620725,조원동,3675,2302,1373,9,360,869,1088,869,480,4,181,565,681,539,332,5,179,304,407,330,148,652569
2014,3,11620735,대학동,1960,1169,791,1,197,456,556,541,209,1,64,235,330,375,164,0,133,221,226,166,45,8107585
2014,3,11620745,삼성동,1103,516,587,8,150,227,267,290,161,4,33,79,110,164,126,4,117,148,157,126,35,2591742
2014,3,11620765,미성동,3049,1571,1478,1,292,593,860,759,544,0,71,279,445,417,359,1,221,314,415,342,185,1355300
2014,3,11620775,난곡동,865,348,517,1,100,242,244,215,63,0,15,84,101,113,35,1,85,158,143,102,28,982294
2014,3,11650510,서초1동,35615,19747,15868,184,9277,11442,7855,4499,2358,88,3745,7113,4684,2411,1706,96,5532,4329,3171,2088,652,1383210
2014,3,11650520,서초2동,65619,48821,16798,198,11453,23097,18098,9199,3574,126,6740,17409,14732,7230,2584,72,4713,5688,3366,1969,990,1229759
2014,3,11650530,서초3동,69322,39365,29957,222,13295,22495,17638,10291,5381,93,4707,12586,11399,6535,4045,129,8588,9909,6239,3756,1336,3027494
2014,3,11650531,서초4동,24110,13265,10845,75,6312,8858,4882,2700,1283,25,2165,4971,3390,1824,890,50,4147,3887,1492,876,393,882770
2014,3,11650540,잠원동,18690,12080,6610,78,3696,6584,4416,2254,1662,32,1460,4498,3319,1509,1262,46,2236,2086,1097,745,400,1840832
2014,3,11650550,반포본동,1219,667,552,1,124,317,341,295,141,0,49,150,179,199,90,1,75,167,162,96,51,1491264
2014,3,11650560,반포1동,6891,4083,2808,19,1379,2494,1457,917,625,11,552,1553,982,573,412,8,827,941,475,344,213,1000549
2014,3,11650570,반포2동,1725,914,811,7,269,491,460,340,158,4,76,239,269,208,118,3,193,252,191,132,40,1258050
2014,3,11650580,반포3동,7331,3405,3926,40,1386,2248,1730,1142,785,15,677,1013,911,402,387,25,709,1235,819,740,398,1325140
2014,3,11650581,반포4동,27867,11742,16125,53,7249,9102,6282,3287,1894,10,1657,4012,3174,1795,1094,43,5592,5090,3108,1492,800,1416005
2014,3,11650590,방배본동,7325,3695,3630,11,1077,1979,1872,1513,873,6,427,1241,921,558,542,5,650,738,951,955,331,660469
2014,3,11650600,방배1동,10371,5640,4731,66,2553,3645,2264,1202,641,14,884,2210,1398,688,446,52,1669,1435,866,514,195,691215
2014,3,11650610,방배2동,21402,15660,5742,18,1688,3827,7565,6726,1578,4,650,2525,5892,5339,1250,14,1038,1302,1673,1387,328,1901725
2014,3,11650620,방배3동,9998,6360,3638,31,1723,3142,2235,1673,1194,12,704,1929,1656,1137,922,19,1019,1213,579,536,272,2411856
2014,3,11650621,방배4동,11382,6542,4840,67,2172,3636,2734,1679,1094,31,822,2115,1720,1072,782,36,1350,1521,1014,607,312,954529
2014,3,11650651,양재1동,31368,19342,12026,157,5505,9945,7039,4612,4110,73,2300,6414,4864,3013,2678,84,3205,3531,2175,1599,1432,5711370
2014,3,11650652,양재2동,119194,99566,19628,165,13004,30538,41270,30873,3344,90,8856,24623,36139,27369,2489,75,4148,5915,5131,3504,855,7516954
2014,3,11650660,내곡동,4338,2735,1603,8,603,1213,1104,985,425,5,219,664,766,768,313,3,384,549,338,217,112,13190710
2014,3,11680510,신사동,23377,11347,12030,110,6806,8176,4606,2363,1316,29,1994,4313,2760,1356,895,81,4812,3863,1846,1007,421,1736994
2014,3,11680521,논현1동,41431,22819,18612,134,10378,14788,8416,4712,3003,40,3641,8632,5536,2831,2139,94,6737,6156,2880,1881,864,1254345
2014,3,11680531,논현2동,64028,36745,27283,281,15900,23354,13388,6956,4149,123,5682,13391,9517,5108,2924,158,10218,9963,3871,1848,1225,1445565
2014,3,11680545,압구정동,30912,13815,17097,213,9057,10680,5622,3349,1991,81,2769,5174,3044,1659,1088,132,6288,5506,2578,1690,903,2520945
2014,3,11680565,청담동,39718,19708,20010,178,10168,14955,8154,3918,2345,39,2804,7519,5244,2415,1687,139,7364,7436,2910,1503,658,2384707
2014,3,11680580,삼성1동,109116,73598,35518,618,20442,36537,27109,18863,5547,403,9312,24610,20873,14587,3813,215,11130,11927,6236,4276,1734,1926134
2014,3,11680590,삼성2동,46879,23905,22974,292,13805,14899,9516,5718,2649,149,5294,8687,5037,2975,1763,143,8511,6212,4479,2743,886,1247821
2014,3,11680600,대치1동,3157,1342,1815,25,566,994,765,506,301,11,123,360,375,262,211,14,443,634,390,244,90,795761
2014,3,11680610,대치2동,58519,35961,22558,507,12033,20393,13130,8013,4443,113,5009,13349,9621,5032,2837,394,7024,7044,3509,2981,1606,2043875
2014,3,11680630,대치4동,31103,18919,12184,105,6153,11706,8091,3528,1520,18,2412,7303,5552,2508,1126,87,3741,4403,2539,1020,394,717795
2014,3,11680640,역삼1동,203607,113067,90540,777,40676,69532,55242,27534,9846,412,17129,43381,32556,13542,6047,365,23547,26151,22686,13992,3799,2360116
2014,3,11680650,역삼2동,56036,34957,21079,219,13594,19987,14001,5761,2474,92,5556,12846,10586,4137,1740,127,8038,7141,3415,1624,734,1127531
2014,3,11680655,도곡1동,21271,9180,12091,201,4224,6136,6740,2915,1055,102,1743,3216,2148,1233,738,99,2481,2920,4592,1682,317,1022697
2014,3,11680656,도곡2동,16897,10212,6685,40,2659,5284,4389,2481,2044,10,1041,3253,3204,1624,1080,30,1618,2031,1185,857,964,1025651
2014,3,11680660,개포1동,1025,664,361,1,106,244,239,237,198,0,50,147,142,160,165,1,56,97,97,77,33,973078
2014,3,11680670,개포2동,2134,1099,1035,3,225,383,556,674,293,2,60,153,273,392,219,1,165,230,283,282,74,2371826
2014,3,11680690,개포4동,7621,4769,2852,22,952,2166,1967,1493,1021,15,420,1432,1289,895,718,7,532,734,678,598,303,1561449
2014,3,11680700,세곡동,2098,1086,1012,1,207,464,544,538,344,0,60,231,266,284,245,1,147,233,278,254,99,5894759
2014,3,11680720,일원본동,6889,1846,5043,0,2179,2842,1265,468,135,0,334,700,467,234,111,0,1845,2142,798,234,24,2381558
2014,3,11680730,일원1동,3412,1862,1550,7,414,699,772,852,668,6,199,410,427,419,401,1,215,289,345,433,267,947888
2014,3,11680740,일원2동,12103,9590,2513,58,3747,3827,2306,1651,514,45,3093,3185,1778,1183,306,13,654,642,528,468,208,1043911
2014,3,11680750,수서동,18928,10309,8619,41,3191,6300,4687,3028,1681,20,1415,3486,2361,1672,1355,21,1776,2814,2326,1356,326,1648393
2014,3,11710510,풍납1동,1304,632,672,0,135,313,400,291,165,0,42,124,187,165,114,0,93,189,213,126,51,1057487
2014,3,11710520,풍납2동,13043,4318,8725,5,3347,4597,2789,1599,706,2,574,1263,1154,884,441,3,2773,3334,1635,715,265,1999222
2014,3,11710531,거여1동,3702,2748,954,21,1109,1055,758,448,311,19,959,810,520,247,193,2,150,245,238,201,118,512307
2014,3,11710532,거여2동,2056,766,1290,4,237,444,613,534,224,1,69,195,228,164,109,3,168,249,385,370,115,510046
2014,3,11710540,마천1동,1022,485,537,2,81,199,302,282,156,2,15,73,130,162,103,0,66,126,172,120,53,504704
2014,3,11710550,마천2동,2626,1527,1099,1,217,570,786,732,320,0,108,315,460,416,228,1,109,255,326,316,92,936181
2014,3,11710561,방이1동,6404,4154,2250,19,801,1507,1530,1230,1317,7,288,911,951,854,1143,12,513,596,579,376,174,581968
2014,3,11710562,방이2동,19243,10773,8470,61,2830,5035,4768,4304,2245,27,1448,3188,2613,1994,1503,34,1382,1847,2155,2310,742,763928
2014,3,11710566,오륜동,2989,1842,1147,6,537,768,792,726,160,4,304,450,466,484,134,2,233,318,326,242,26,3150411
2014,3,11710570,오금동,12428,7598,4830,9,1073,2826,2855,2437,3228,5,464,1880,1826,1384,2039,4,609,946,1029,1053,1189,1691111
2014,3,11710580,송파1동,6559,3910,2649,15,970,1677,1607,1378,912,8,471,1083,989,768,591,7,499,594,618,610,321,683881
2014,3,11710590,송파2동,4755,2531,2224,38,1088,1626,1075,671,257,14,364,917,688,382,166,24,724,709,387,289,91,636016
2014,3,11710600,석촌동,9281,5770,3511,34,1477,2724,2173,1697,1176,21,726,1840,1350,1057,776,13,751,884,823,640,400,943819
2014,3,11710610,삼전동,5883,3743,2140,10,627,1405,1381,1236,1224,5,244,850,829,754,1061,5,383,555,552,482,163,992437
2014,3,11710620,가락본동,24647,15300,9347,68,3924,7424,6257,4146,2828,39,1755,4563,4151,2650,2142,29,2169,2861,2106,1496,686,1024764
2014,3,11710631,가락1동,8019,6066,1953,7,462,1685,2527,2163,1175,5,328,1387,1951,1517,878,2,134,298,576,646,297,1357317
2014,3,11710632,가락2동,7679,4481,3198,29,1186,2171,1979,1451,863,7,525,1315,1178,805,651,22,661,856,801,646,212,934057
2014,3,11710641,문정1동,5074,3229,1845,12,667,1354,1322,940,779,8,302,877,852,584,606,4,365,477,470,356,173,604321
2014,3,11710642,문정2동,8119,5590,2529,25,1202,2526,2226,1434,706,6,623,1749,1623,1011,578,19,579,777,603,423,128,2387651
2014,3,11710646,장지동,7881,5226,2655,23,721,1607,2178,2049,1303,8,295,1045,1463,1433,982,15,426,562,715,616,321,1295680
2014,3,11710647,위례동,837,699,138,0,20,75,313,366,63,0,2,46,266,329,56,0,18,29,47,37,7,2626871
2014,3,11710650,잠실본동,13702,8113,5589,40,2363,3911,3360,2481,1547,14,826,2327,2126,1653,1167,26,1537,1584,1234,828,380,1136161
2014,3,11710670,잠실2동,2721,1537,1184,4,469,805,759,537,147,1,213,460,434,323,106,3,256,345,325,214,41,2886358
2014,3,11710680,잠실3동,4233,1900,2333,115,1507,907,867,632,205,43,612,399,408,344,94,72,895,508,459,288,111,1506573
2014,3,11710690,잠실4동,1186,604,582,1,220,392,330,158,85,0,72,212,172,83,65,1,148,180,158,75,20,838370
2014,3,11710710,잠실6동,40726,21292,19434,201,6999,11633,12878,7145,1870,118,3647,7206,5479,3583,1259,83,3352,4427,7399,3562,611,1403041
2014,3,11710720,잠실7동,624,310,314,0,59,180,172,165,48,0,21,102,83,74,30,0,38,78,89,91,18,675008
2014,3,11740515,강일동,9806,7683,2123,37,1813,3483,2468,1478,527,27,1021,2780,2096,1278,481,10,792,703,372,200,46,3722759
2014,3,11740520,상일동,2945,1171,1774,2,528,955,647,607,206,1,101,301,261,345,162,1,427,654,386,262,44,1801282
2014,3,11740530,명일1동,2389,1010,1379,4,331,455,600,590,409,3,82,221,262,220,222,1,249,234,338,370,187,630284
2014,3,11740540,명일2동,2328,1202,1126,5,287,570,681,563,222,1,81,312,354,292,162,4,206,258,327,271,60,920946
2014,3,11740550,고덕1동,1176,514,662,0,156,259,325,317,119,0,29,119,137,151,78,0,127,140,188,166,41,1906565
2014,3,11740560,고덕2동,1365,606,759,1,118,286,386,456,118,1,36,131,152,218,68,0,82,155,234,238,50,2408099
2014,3,11740570,암사1동,2080,1147,933,1,216,477,567,551,268,1,74,262,305,324,181,0,142,215,262,227,87,738366
2014,3,11740580,암사2동,2324,1034,1290,15,336,509,746,508,210,7,112,243,276,236,160,8,224,266,470,272,50,2337773
2014,3,11740590,암사3동,1020,440,580,3,137,256,266,289,69,1,28,106,104,155,46,2,109,150,162,134,23,1843902
2014,3,11740600,천호1동,2766,1348,1418,6,317,557,639,673,574,3,95,250,309,334,357,3,222,307,330,339,217,669571
2014,3,11740610,천호2동,6859,3488,3371,20,1086,1618,1634,1433,1068,13,377,810,834,710,744,7,709,808,800,723,324,1828343
2014,3,11740620,천호3동,3297,1970,1327,15,437,871,800,715,459,5,175,569,481,443,297,10,262,302,319,272,162,569450
2014,3,11740640,성내1동,12352,7895,4457,16,1434,3439,3408,2720,1335,8,555,2026,2258,2014,1034,8,879,1413,1150,706,301,658437
2014,3,11740650,성내2동,3303,1789,1514,22,502,787,836,729,427,11,199,412,454,409,304,11,303,375,382,320,123,624632
2014,3,11740660,성내3동,5576,3169,2407,12,745,1509,1350,1107,853,8,291,922,778,648,522,4,454,587,572,459,331,641973
2014,3,11740685,길동,9550,4859,4691,28,1642,2593,2335,1866,1086,15,588,1384,1265,888,719,13,1054,1209,1070,978,367,1590598
2014,3,11740690,둔촌1동,764,450,314,0,60,147,159,209,189,0,18,65,61,131,175,0,42,82,98,78,14,897261
2014,3,11740700,둔촌2동,8007,4741,3266,12,1716,2783,1676,1274,546,5,848,1855,918,743,372,7,868,928,758,531,174,1592001
2014,4,11110515,청운효자동,5896,3790,2106,5,1132,2237,1360,895,267,1,562,1550,931,562,184,4,570,687,429,333,83,2429899
2014,4,11110530,사직동,64245,39846,24399,244,10958,21264,17140,10248,4391,73,4079,12692,13211,7134,2657,171,6879,8572,3929,3114,1734,1161995
2014,4,11110540,삼청동,3772,1948,1824,6,675,1204,1023,674,190,4,180,602,627,418,117,2,495,602,396,256,73,1391632
2014,4,11110550,부암동,2719,1421,1298,4,611,705,774,464,161,1,180,409,467,263,101,3,431,296,307,201,60,2221363
2014,4,11110560,평창동,2249,1061,1188,4,326,584,552,533,250,1,94,293,295,236,142,3,232,291,257,297,108,8346900
2014,4,11110570,무악동,558,193,365,0,109,166,146,83,54,0,15,38,60,36,44,0,94,128,86,47,10,453220
2014,4,11110580,교남동,1143,606,537,2,141,324,314,192,170,0,47,157,172,109,121,2,94,167,142,83,49,355267
2014,4,11110600,가회동,17880,14924,2956,13,3094,6750,5066,2355,602,6,2088,5541,4629,2146,514,7,1006,1209,437,209,88,565302
2014,4,11110615,종로1.2.3.4가동,132423,81548,50875,1899,23801,44799,36602,19235,6087,918,9761,25643,26480,14523,4223,981,14040,19156,10122,4712,1864,2430999
2014,4,11110630,종로5.6가동,22052,14868,7184,226,4293,7467,5837,3152,1077,75,2164,5161,4367,2327,774,151,2129,2306,1470,825,303,599631
2014,4,11110640,이화동,5276,2723,2553,36,1040,1658,1298,875,369,14,323,823,791,518,254,22,717,835,507,357,115,747067
2014,4,11110650,혜화동,4444,2344,2100,21,834,1255,1110,799,425,4,324,649,639,456,272,17,510,606,471,343,153,1161303
2014,4,11110670,창신1동,2252,1048,1204,11,306,642,619,431,243,6,132,272,246,236,156,5,174,370,373,195,87,297271
2014,4,11110680,창신2동,722,312,410,0,96,204,188,169,65,0,24,94,92,71,31,0,72,110,96,98,34,257188
2014,4,11110690,창신3동,312,166,146,1,31,81,64,90,45,1,9,28,29,61,38,0,22,53,35,29,7,216230
2014,4,11110700,숭인1동,607,262,345,2,95,137,177,145,51,1,29,55,71,77,29,1,66,82,106,68,22,236777
2014,4,11110710,숭인2동,2561,1436,1125,10,376,614,625,505,431,5,160,357,353,274,287,5,216,257,272,231,144,359384
2014,4,11140520,소공동,144246,85033,59213,976,32797,49899,40476,17619,2479,271,11581,28054,29182,14028,1917,705,21216,21845,11294,3591,562,918284
2014,4,11140540,회현동,69710,44382,25328,662,16863,24275,18318,8074,1518,194,8720,14445,13424,6466,1133,468,8143,9830,4894,1608,385,909465
2014,4,11140550,명동,165973,87768,78205,693,29376,59051,48547,23195,5111,171,8714,25598,31691,18122,3472,522,20662,33453,16856,5073,1639,993909
2014,4,11140570,필동,23597,11778,11819,128,4352,6692,7016,4056,1353,53,1568,3744,3576,1917,920,75,2784,2948,3440,2139,433,1458582
2014,4,11140580,장충동,11567,6210,5357,90,3496,3506,2707,1320,448,40,1307,2060,1693,828,282,50,2189,1446,1014,492,166,1013897
2014,4,11140590,광희동,40121,21160,18961,1592,10603,11327,9162,5675,1762,728,4671,6652,5000,2907,1202,864,5932,4675,4162,2768,560,745387
2014,4,11140605,을지로동,16743,10208,6535,99,2140,4410,4525,3400,2169,31,854,2550,2909,2291,1573,68,1286,1860,1616,1109,596,612013
2014,4,11140615,신당동,10386,5978,4408,48,2375,3478,2366,1488,631,18,1202,1895,1483,962,418,30,1173,1583,883,526,213,536647
2014,4,11140625,다산동,7315,3421,3894,73,2049,1905,1366,1292,630,21,684,1079,815,532,290,52,1365,826,551,760,340,532721
2014,4,11140635,약수동,2509,1111,1398,12,450,701,583,470,293,2,112,321,282,216,178,10,338,380,301,254,115,509395
2014,4,11140645,청구동,3635,2339,1296,8,606,1115,853,577,476,7,303,804,583,353,289,1,303,311,270,224,187,345114
2014,4,11140650,신당5동,1400,683,717,7,216,368,384,291,134,1,53,176,194,167,92,6,163,192,190,124,42,310367
2014,4,11140665,동화동,2172,1121,1051,9,468,602,494,431,168,7,158,322,268,239,127,2,310,280,226,192,41,330049
2014,4,11140670,황학동,3125,1917,1208,7,492,674,670,726,556,1,200,444,457,439,376,6,292,230,213,287,180,327694
2014,4,11140680,중림동,6852,3996,2856,19,1303,1982,1679,1136,733,7,446,1052,1127,785,579,12,857,930,552,351,154,487576
2014,4,11170510,후암동,3198,1192,2006,6,345,511,769,1205,362,4,118,272,321,314,163,2,227,239,448,891,199,868399
2014,4,11170520,용산2가동,1135,607,528,0,109,268,339,295,124,0,39,124,212,169,63,0,70,144,127,126,61,2047347
2014,4,11170530,남영동,24545,14781,9764,1347,7806,7022,4598,2761,1011,623,3644,4737,3331,1797,649,724,4162,2285,1267,964,362,735947
2014,4,11170555,청파동,7562,4030,3532,27,1331,2024,1657,1513,1010,12,389,964,949,899,817,15,942,1060,708,614,193,867676
2014,4,11170560,원효로1동,6972,4944,2028,37,1124,2409,1838,1026,538,24,630,1794,1398,724,374,13,494,615,440,302,164,589294
2014,4,11170570,원효로2동,5972,4190,1782,26,632,1798,1258,1269,989,15,349,1366,936,835,689,11,283,432,322,434,300,915567
2014,4,11170580,효창동,1841,990,851,4,255,534,474,422,152,0,79,291,282,231,107,4,176,243,192,191,45,470670
2014,4,11170590,용문동,857,464,393,3,124,269,248,149,64,2,36,169,141,79,37,1,88,100,107,70,27,289284
2014,4,11170625,한강로동,50714,28645,22069,382,10647,17915,13035,6539,2196,161,4179,9861,8221,4678,1545,221,6468,8054,4814,1861,651,3358956
2014,4,11170630,이촌1동,1669,769,900,7,206,454,396,322,284,1,57,169,188,142,212,6,149,285,208,180,72,2143668
2014,4,11170640,이촌2동,247,146,101,0,26,51,73,53,44,0,8,27,46,31,34,0,18,24,27,22,10,1191110
2014,4,11170650,이태원1동,4728,2801,1927,23,933,1299,1121,921,431,12,514,732,640,610,293,11,419,567,481,311,138,579369
2014,4,11170660,이태원2동,1920,1083,837,4,397,672,437,266,144,1,213,367,253,150,99,3,184,305,184,116,45,879018
2014,4,11170685,한남동,13583,7157,6426,78,3615,4795,2800,1496,799,43,1371,2663,1722,873,485,35,2244,2132,1078,623,314,3198883
2014,4,11170690,서빙고동,4617,2421,2196,116,821,1477,1181,707,315,4,202,733,691,528,263,112,619,744,490,179,52,2198117
2014,4,11170700,보광동,567,281,286,0,59,129,146,147,86,0,20,59,73,77,52,0,39,70,73,70,34,890496
2014,4,11200520,왕십리2동,981,424,557,3,154,243,281,202,98,0,30,87,128,107,72,3,124,156,153,95,26,385254
2014,4,11200535,왕십리도선동,6374,3370,3004,22,1052,1563,1824,1275,638,13,359,921,963,720,394,9,693,642,861,555,244,718816
2014,4,11200540,마장동,9425,6447,2978,16,904,2268,2604,2537,1096,7,470,1549,1833,1800,788,9,434,719,771,737,308,1082999
2014,4,11200550,사근동,5130,2820,2310,3,802,1246,1436,1237,406,0,184,598,870,870,298,3,618,648,566,367,108,1182945
2014,4,11200560,행당1동,12709,5137,7572,61,1266,2936,4588,3342,516,38,636,1749,1255,1073,386,23,630,1187,3333,2269,130,552563
2014,4,11200570,행당2동,607,174,433,3,83,173,167,126,55,0,13,47,43,39,32,3,70,126,124,87,23,457197
2014,4,11200580,응봉동,369,142,227,0,38,93,98,97,43,0,9,29,29,40,35,0,29,64,69,57,8,547736
2014,4,11200590,금호1가동,699,298,401,0,91,164,206,152,86,0,20,54,86,77,61,0,71,110,120,75,25,441318
2014,4,11200615,금호2.3가동,873,343,530,5,111,197,212,212,136,1,18,69,77,86,92,4,93,128,135,126,44,638261
2014,4,11200620,금호4가동,890,431,459,2,110,194,192,236,156,0,28,66,90,128,119,2,82,128,102,108,37,935263
2014,4,11200645,옥수동,1570,733,837,1,281,410,407,317,154,1,75,169,204,169,115,0,206,241,203,148,39,1239152
2014,4,11200650,성수1가1동,5032,3224,1808,19,627,1309,1354,1254,469,9,264,854,843,881,373,10,363,455,511,373,96,2248463
2014,4,11200660,성수1가2동,14069,8564,5505,186,3247,3991,2898,2389,1358,52,1377,2546,1961,1622,1006,134,1870,1445,937,767,352,984783
2014,4,11200670,성수2가1동,43685,19344,24341,452,8184,12280,15380,6708,681,198,5024,7871,4133,1604,514,254,3160,4409,11247,5104,167,1126355
2014,4,11200690,성수2가3동,35623,22620,13003,205,6492,10672,9028,5887,3339,120,2933,6920,6070,4095,2482,85,3559,3752,2958,1792,857,1050781
2014,4,11200720,송정동,1573,947,626,2,258,460,426,279,148,1,140,245,249,202,110,1,118,215,177,77,38,584812
2014,4,11200790,용답동,17101,12166,4935,65,1518,3530,6504,4051,1433,21,813,2648,5352,2562,770,44,705,882,1152,1489,663,2379362
2014,4,11215710,화양동,5021,2209,2812,39,1218,1649,954,686,475,15,367,738,471,307,311,24,851,911,483,379,164,1124376
2014,4,11215730,군자동,4538,2519,2019,10,1126,1388,1079,644,291,4,443,858,626,390,198,6,683,530,453,254,93,733236
2014,4,11215740,중곡1동,4177,2434,1743,13,671,976,1020,769,728,8,253,523,556,453,641,5,418,453,464,316,87,602769
2014,4,11215750,중곡2동,3163,1496,1667,5,485,834,897,623,319,2,142,411,430,305,206,3,343,423,467,318,113,544807
2014,4,11215760,중곡3동,1887,1032,855,8,240,417,484,484,254,5,82,227,249,294,175,3,158,190,235,190,79,600824
2014,4,11215770,중곡4동,2825,1520,1305,5,342,685,765,743,285,3,133,326,390,457,211,2,209,359,375,286,74,2295463
2014,4,11215780,능동,2647,1414,1233,10,467,766,655,487,262,5,157,406,390,263,193,5,310,360,265,224,69,1094134
2014,4,11215810,광장동,5704,3246,2458,43,888,1614,1516,1152,491,26,328,888,944,705,355,17,560,726,572,447,136,2889609
2014,4,11215820,자양1동,7589,4571,3018,25,982,1764,2086,2049,683,11,310,890,1328,1527,505,14,672,874,758,522,178,621606
2014,4,11215830,자양2동,5368,3427,1941,7,490,1216,1826,1410,419,1,213,726,1315,885,287,6,277,490,511,525,132,1630926
2014,4,11215840,자양3동,2382,1263,1119,12,354,524,547,487,458,11,121,275,254,226,376,1,233,249,293,261,82,1145609
2014,4,11215847,자양4동,2193,1338,855,20,360,617,537,419,240,8,177,405,338,225,185,12,183,212,199,194,55,1148618
2014,4,11215850,구의1동,4561,2838,1723,12,673,1223,1139,1083,431,9,313,743,767,719,287,3,360,480,372,364,144,553095
2014,4,11215860,구의2동,3603,2007,1596,46,496,822,944,863,432,19,164,436,551,531,306,27,332,386,393,332,126,1363952
2014,4,11215870,구의3동,12770,7635,5135,44,1536,3235,3372,3057,1526,17,770,2232,2078,1613,925,27,766,1003,1294,1444,601,1453971
2014,4,11230536,용신동,24864,14025,10839,149,3804,6664,6625,4868,2754,39,1539,3894,3743,3008,1802,110,2265,2770,2882,1860,952,1590771
2014,4,11230545,제기동,5330,3089,2241,20,709,1197,1418,1255,731,4,288,715,856,736,490,16,421,482,562,519,241,1184853
2014,4,11230560,전농1동,2137,1126,1011,9,322,495,611,477,223,4,137,299,325,236,125,5,185,196,286,241,98,1140490
2014,4,11230570,전농2동,2979,1524,1455,6,376,800,855,710,232,1,80,332,472,448,191,5,296,468,383,262,41,983768
2014,4,11230600,답십리1동,6164,3616,2548,68,1163,1587,1476,1120,750,45,648,1031,771,573,548,23,515,556,705,547,202,838156
2014,4,11230610,답십리2동,3362,2097,1265,5,394,841,898,743,481,2,176,555,573,461,330,3,218,286,325,282,151,814945
2014,4,11230650,장안1동,13495,8235,5260,47,1709,3164,3299,2893,2383,17,723,1842,2090,1798,1765,30,986,1322,1209,1095,618,1360347
2014,4,11230660,장안2동,5973,3009,2964,32,871,1475,1602,1339,654,13,283,747,814,713,439,19,588,728,788,626,215,1119438
2014,4,11230705,청량리동,5432,3198,2234,7,893,1491,1269,1176,596,4,323,875,799,772,425,3,570,616,470,404,171,1197287
2014,4,11230710,회기동,3899,1517,2382,8,920,1386,862,602,121,5,270,592,326,265,59,3,650,794,536,337,62,829432
2014,4,11230720,휘경1동,1177,658,519,7,169,259,308,246,188,3,61,147,188,136,123,4,108,112,120,110,65,519932
2014,4,11230730,휘경2동,3802,1524,2278,3,782,1093,976,723,225,2,192,468,437,311,114,1,590,625,539,412,111,1207585
2014,4,11230740,이문1동,4491,2520,1971,4,608,1143,1290,1071,375,0,155,516,826,743,280,4,453,627,464,328,95,986690
2014,4,11230750,이문2동,848,451,397,4,109,154,240,232,109,2,31,51,131,147,89,2,78,103,109,85,20,698476
2014,4,11260520,면목2동,2327,1214,1113,3,306,479,651,607,281,0,96,250,319,342,207,3,210,229,332,265,74,743106
2014,4,11260540,면목4동,1562,952,610,2,138,278,426,526,192,2,35,128,261,371,155,0,103,150,165,155,37,821882
2014,4,11260550,면목5동,1142,734,408,2,107,208,322,334,169,0,39,124,185,250,136,2,68,84,137,84,33,591696
2014,4,11260565,면목본동,2221,976,1245,1,245,433,652,625,265,1,60,189,288,264,174,0,185,244,364,361,91,840931
2014,4,11260570,면목7동,1142,589,553,3,153,227,323,303,133,0,28,84,170,200,107,3,125,143,153,103,26,1202721
2014,4,11260575,면목3.8동,3685,2061,1624,3,515,775,1009,975,408,1,126,363,563,681,327,2,389,412,446,294,81,1591050
2014,4,11260580,상봉1동,2731,1498,1233,12,289,494,700,798,438,8,98,215,348,517,312,4,191,279,352,281,126,917193
2014,4,11260590,상봉2동,9158,5641,3517,34,1095,2321,2601,1815,1292,13,542,1655,1404,1029,998,21,553,666,1197,786,294,658991
2014,4,11260600,중화1동,1566,629,937,3,243,396,484,332,108,0,54,150,192,160,73,3,189,246,292,172,35,637209
2014,4,11260610,중화2동,2593,1468,1125,8,269,499,640,550,627,7,85,282,346,311,437,1,184,217,294,239,190,960402
2014,4,11260620,묵1동,2608,1165,1443,7,343,702,720,614,222,4,98,311,312,283,157,3,245,391,408,331,65,1184393
2014,4,11260630,묵2동,1465,743,722,1,180,341,431,338,174,0,55,177,222,173,116,1,125,164,209,165,58,682005
2014,4,11260655,망우본동,5004,2529,2475,20,695,1147,1292,1248,602,9,164,513,647,737,459,11,531,634,645,511,143,3074745
2014,4,11260660,망우3동,1571,812,759,8,142,290,448,460,223,8,37,157,199,249,162,0,105,133,249,211,61,967313
2014,4,11260680,신내1동,5363,2927,2436,6,885,1198,1413,1416,445,3,223,649,814,901,337,3,662,549,599,515,108,2361684
2014,4,11260690,신내2동,3631,1769,1862,4,348,884,1015,1023,357,2,92,358,450,645,222,2,256,526,565,378,135,939758
2014,4,11290525,성북동,2786,1263,1523,12,522,912,707,446,187,8,149,419,344,228,115,4,373,493,363,218,72,3067396
2014,4,11290555,삼선동,7646,4124,3522,31,978,1745,2064,2038,790,17,312,843,1141,1332,479,14,666,902,923,706,311,1177823
2014,4,11290575,동선동,5550,2469,3081,37,987,1097,1205,1126,1098,11,231,546,651,526,504,26,756,551,554,600,594,729672
2014,4,11290580,돈암1동,853,311,542,4,135,231,231,176,76,2,34,82,81,70,42,2,101,149,150,106,34,461503
2014,4,11290590,돈암2동,535,181,354,1,114,180,121,90,29,0,24,64,50,24,19,1,90,116,71,66,10,414465
2014,4,11290600,안암동,5899,2853,3046,7,1470,1872,1395,823,332,1,436,889,788,498,241,6,1034,983,607,325,91,1295307
2014,4,11290610,보문동,2943,1554,1389,7,376,591,698,611,660,0,126,305,375,321,427,7,250,286,323,290,233,551172
2014,4,11290620,정릉1동,958,391,567,2,110,218,294,232,102,0,16,84,121,107,63,2,94,134,173,125,39,475568
2014,4,11290630,정릉2동,1420,691,729,9,218,313,383,336,161,5,68,123,190,192,113,4,150,190,193,144,48,1165255
2014,4,11290640,정릉3동,2627,1579,1048,1,389,542,778,675,242,1,111,264,500,518,185,0,278,278,278,157,57,3182234
2014,4,11290650,정릉4동,2433,1583,850,4,236,438,674,761,320,3,59,219,474,577,251,1,177,219,200,184,69,3714207
2014,4,11290660,길음1동,1624,555,1069,10,277,389,453,306,189,7,45,138,145,93,127,3,232,251,308,213,62,753885
2014,4,11290685,길음2동,1133,548,585,6,247,289,252,208,131,3,80,138,115,105,107,3,167,151,137,103,24,423663
2014,4,11290705,종암동,3084,1558,1526,11,439,750,957,665,262,1,129,346,522,406,154,10,310,404,435,259,108,1494677
2014,4,11290715,월곡1동,3485,1836,1649,7,437,756,933,740,612,2,181,388,452,389,424,5,256,368,481,351,188,974658
2014,4,11290725,월곡2동,4555,2469,2086,12,694,1252,1155,942,500,9,295,746,621,535,263,3,399,506,534,407,237,1330228
2014,4,11290760,장위1동,882,312,570,4,90,156,262,258,112,3,19,55,102,92,41,1,71,101,160,166,71,714821
2014,4,11290770,장위2동,2407,1431,976,5,182,411,565,613,631,2,70,201,291,388,479,3,112,210,274,225,152,682224
2014,4,11290780,장위3동,1647,953,694,9,162,330,459,481,206,3,62,179,247,296,166,6,100,151,212,185,40,663549
2014,4,11290810,석관동,3323,2013,1310,6,304,611,786,706,910,1,91,308,440,440,733,5,213,303,346,266,177,1773773
2014,4,11305534,삼양동,1343,579,764,2,192,256,383,340,170,1,38,95,150,179,116,1,154,161,233,161,54,959451
2014,4,11305535,미아동,2154,910,1244,3,342,474,573,481,281,1,105,194,248,203,159,2,237,280,325,278,122,835492
2014,4,11305545,송중동,2676,1187,1489,9,417,689,743,536,282,2,140,313,333,225,174,7,277,376,410,311,108,1085065
2014,4,11305555,송천동,2602,1249,1353,16,340,614,686,638,308,7,83,265,330,334,230,9,257,349,356,304,78,928301
2014,4,11305575,삼각산동,991,323,668,3,132,297,319,176,64,0,24,91,86,79,43,3,108,206,233,97,21,603256
2014,4,11305590,번1동,3633,1996,1637,17,448,731,999,953,485,6,149,382,598,598,263,11,299,349,401,355,222,619363
2014,4,11305600,번2동,2045,1277,768,5,164,329,668,670,209,3,45,184,398,492,155,2,119,145,270,178,54,992960
2014,4,11305606,번3동,1350,668,682,10,152,276,319,363,230,8,48,156,165,174,117,2,104,120,154,189,113,1075371
2014,4,11305610,수유1동,2812,1504,1308,13,257,503,807,836,396,11,71,218,436,498,270,2,186,285,371,338,126,1748455
2014,4,11305620,수유2동,2219,1107,1112,5,234,350,489,542,599,1,80,206,245,258,317,4,154,144,244,284,282,593685
2014,4,11305630,수유3동,4159,2165,1994,19,469,1051,1119,1058,443,13,143,481,596,661,271,6,326,570,523,397,172,725084
2014,4,11305645,우이동,1618,1034,584,4,158,261,402,544,249,0,58,147,244,384,201,4,100,114,158,160,48,10680138
2014,4,11305660,인수동,3451,1591,1860,1,447,815,905,826,457,0,141,370,394,353,333,1,306,445,511,473,124,2869695
2014,4,11320511,창1동,1735,653,1082,2,221,370,454,409,279,1,43,142,174,168,125,1,178,228,280,241,154,1104916
2014,4,11320512,창2동,2037,1043,994,16,260,400,624,491,246,9,88,200,287,275,184,7,172,200,337,216,62,654615
2014,4,11320513,창3동,829,325,504,16,106,179,251,202,75,14,21,63,97,83,47,2,85,116,154,119,28,635079
2014,4,11320514,창4동,3540,2193,1347,5,335,622,960,1052,566,1,91,321,592,740,448,4,244,301,368,312,118,1155759
2014,4,11320515,창5동,4485,2291,2194,22,528,1127,1328,1150,330,12,151,547,686,672,223,10,377,580,642,478,107,676820
2014,4,11320521,도봉1동,3093,1971,1122,4,202,415,818,1034,620,2,67,231,541,735,395,2,135,184,277,299,225,8547209
2014,4,11320522,도봉2동,4495,2574,1921,12,340,714,1016,1092,1321,6,136,350,549,629,904,6,204,364,467,463,417,1204332
2014,4,11320660,쌍문1동,2290,915,1375,3,343,391,647,655,251,2,50,150,240,305,168,1,293,241,407,350,83,1177010
2014,4,11320670,쌍문2동,2680,1402,1278,22,274,554,695,715,420,14,102,291,343,402,250,8,172,263,352,313,170,539384
2014,4,11320680,쌍문3동,1882,870,1012,3,363,493,548,354,121,3,80,249,273,188,77,0,283,244,275,166,44,504867
2014,4,11320681,쌍문4동,1025,379,646,2,127,248,250,313,85,0,23,97,72,131,56,2,104,151,178,182,29,543784
2014,4,11320690,방학1동,4845,2735,2110,15,526,892,1236,1422,754,7,195,469,652,868,544,8,331,423,584,554,210,1041785
2014,4,11320700,방학2동,1173,563,610,1,115,256,342,309,150,0,36,125,143,149,110,1,79,131,199,160,40,1102018
2014,4,11320710,방학3동,1710,789,921,0,138,320,454,555,243,0,46,132,168,261,182,0,92,188,286,294,61,1856777
2014,4,11350560,월계1동,2762,1562,1200,10,288,542,683,837,402,7,89,281,385,516,284,3,199,261,298,321,118,1218934
2014,4,11350570,월계2동,1625,813,812,6,169,351,479,445,175,5,49,142,228,249,140,1,120,209,251,196,35,1991095
2014,4,11350580,월계3동,1429,634,795,4,129,278,409,386,223,1,30,110,158,195,140,3,99,168,251,191,83,1133881
2014,4,11350595,공릉1동,8086,4300,3786,37,892,1520,2029,2038,1570,18,338,885,1052,1048,959,19,554,635,977,990,611,1217193
2014,4,11350600,공릉2동,6301,2996,3305,10,1051,1446,1565,1537,692,2,249,590,722,921,512,8,802,856,843,616,180,7207339
2014,4,11350611,하계1동,6554,3605,2949,24,1054,1670,1739,1614,453,13,364,821,1003,1096,308,11,690,849,736,518,145,1467562
2014,4,11350612,하계2동,532,158,374,0,45,109,166,178,34,0,6,20,36,66,30,0,39,89,130,112,4,513857
2014,4,11350619,중계본동,2147,1044,1103,8,231,390,550,514,454,4,79,178,251,256,276,4,152,212,299,258,178,2094464
2014,4,11350621,중계1동,1381,599,782,9,191,279,407,319,176,2,48,111,146,156,136,7,143,168,261,163,40,624508
2014,4,11350624,중계4동,1881,802,1079,4,173,378,560,530,236,2,45,169,216,224,146,2,128,209,344,306,90,1540528
2014,4,11350625,중계2.3동,2445,993,1452,11,313,538,743,654,186,2,97,248,271,250,125,9,216,290,472,404,61,912217
2014,4,11350630,상계1동,4592,2302,2290,19,540,872,1325,1145,691,7,221,475,631,567,401,12,319,397,694,578,290,4997346
2014,4,11350640,상계2동,3677,1505,2172,40,640,796,929,897,375,18,199,378,361,350,199,22,441,418,568,547,176,629194
2014,4,11350665,상계3.4동,3093,1764,1329,4,186,352,819,1033,699,1,49,157,491,651,415,3,137,195,328,382,284,5751720
2014,4,11350670,상계5동,1653,623,1030,4,127,237,400,493,392,0,46,113,151,132,181,4,81,124,249,361,211,473604
2014,4,11350695,상계6.7동,7890,3261,4629,15,1355,2054,2133,1691,642,4,287,717,915,965,373,11,1068,1337,1218,726,269,1434043
2014,4,11350700,상계8동,893,276,617,2,83,207,292,230,79,2,15,32,53,110,64,0,68,175,239,120,15,668937
2014,4,11350710,상계9동,1186,442,744,3,122,320,357,280,104,1,26,79,115,142,79,2,96,241,242,138,25,833448
2014,4,11350720,상계10동,963,352,611,0,98,193,290,291,91,0,21,54,101,127,49,0,77,139,189,164,42,802642
2014,4,11380510,녹번동,6464,3285,3179,15,660,1546,1765,1718,760,3,216,711,921,990,444,12,444,835,844,728,316,1923020
2014,4,11380520,불광1동,2640,1099,1541,13,507,830,636,473,181,10,124,334,307,216,108,3,383,496,329,257,73,2948578
2014,4,11380530,불광2동,2958,1445,1513,11,360,692,844,778,273,10,125,307,426,434,143,1,235,385,418,344,130,1756596
2014,4,11380551,갈현1동,1945,884,1061,12,306,447,527,403,250,8,80,201,241,209,145,4,226,246,286,194,105,909869
2014,4,11380552,갈현2동,2630,1031,1599,8,340,651,694,703,234,3,104,295,251,254,124,5,236,356,443,449,110,1018512
2014,4,11380560,구산동,3900,1765,2135,14,477,784,925,1223,477,5,136,309,388,661,266,9,341,475,537,562,211,1316383
2014,4,11380570,대조동,2948,1281,1667,13,382,702,857,620,374,3,98,297,352,301,230,10,284,405,505,319,144,867572
2014,4,11380580,응암1동,3526,1675,1851,12,417,895,963,852,387,5,146,399,427,423,275,7,271,496,536,429,112,1126418
2014,4,11380590,응암2동,1033,506,527,1,119,216,287,292,118,0,23,67,144,184,88,1,96,149,143,108,30,554079
2014,4,11380600,응암3동,2556,1020,1536,8,370,591,712,590,285,2,107,246,278,235,152,6,263,345,434,355,133,933101
2014,4,11380625,역촌동,3370,1449,1921,4,353,732,943,873,465,2,127,342,392,333,253,2,226,390,551,540,212,1138805
2014,4,11380631,신사1동,1812,899,913,8,249,365,496,459,235,1,84,164,246,234,170,7,165,201,250,225,65,823498
2014,4,11380632,신사2동,1243,728,515,2,101,230,339,355,216,1,21,98,191,237,180,1,80,132,148,118,36,1050676
2014,4,11380640,증산동,2226,1396,830,10,224,446,586,612,348,7,83,245,331,433,297,3,141,201,255,179,51,929526
2014,4,11380650,수색동,1567,741,826,5,305,416,351,311,179,4,48,168,181,207,133,1,257,248,170,104,46,1169504
2014,4,11380690,진관동,2816,1391,1425,8,269,542,853,869,275,4,60,211,393,531,192,4,209,331,460,338,83,12836383
2014,4,11410520,천연동,1064,457,607,2,109,266,295,271,121,2,28,100,129,118,80,0,81,166,166,153,41,866603
2014,4,11410555,북아현동,943,411,532,0,114,163,249,287,130,0,25,80,92,145,69,0,89,83,157,142,61,461555
2014,4,11410565,충현동,23811,13510,10301,51,3860,8479,6655,3719,1047,26,1498,4622,4203,2435,726,25,2362,3857,2452,1284,321,1139343
2014,4,11410585,신촌동,17272,7054,10218,65,4534,5532,3945,2417,779,25,1176,2007,1931,1393,522,40,3358,3525,2014,1024,257,2504686
2014,4,11410615,연희동,7405,4044,3361,25,905,1893,1950,1856,776,6,326,964,1039,1199,510,19,579,929,911,657,266,2965760
2014,4,11410620,홍제1동,1505,624,881,1,246,374,404,321,159,1,42,144,188,134,115,0,204,230,216,187,44,1492096
2014,4,11410640,홍제3동,1436,555,881,0,191,303,376,325,241,0,47,112,141,128,127,0,144,191,235,197,114,1093373
2014,4,11410655,홍제2동,724,338,386,0,85,141,199,196,103,0,35,73,82,83,65,0,50,68,117,113,38,705399
2014,4,11410660,홍은1동,780,285,495,0,82,171,211,199,117,0,23,62,73,58,69,0,59,109,138,141,48,1538023
2014,4,11410685,홍은2동,3555,1867,1688,5,574,816,916,834,410,3,182,366,489,515,312,2,392,450,427,319,98,2049745
2014,4,11410690,남가좌1동,630,377,253,1,85,118,165,162,99,0,14,48,112,128,75,1,71,70,53,34,24,484765
2014,4,11410700,남가좌2동,1403,637,766,3,187,371,386,308,148,1,51,160,158,171,96,2,136,211,228,137,52,787125
2014,4,11410710,북가좌1동,1310,806,504,6,113,202,351,354,284,2,28,98,192,257,229,4,85,104,159,97,55,562752
2014,4,11410720,북가좌2동,2432,1277,1155,8,259,468,618,716,363,5,96,237,319,383,237,3,163,231,299,333,126,806705
2014,4,11440555,아현동,20669,12534,8135,106,3794,7492,5521,3038,718,40,1382,4593,3881,2142,496,66,2412,2899,1640,896,222,870645
2014,4,11440565,공덕동,9123,5836,3287,29,1759,2424,3027,1267,617,10,758,1430,2366,906,366,19,1001,994,661,361,251,891209
2014,4,11440585,도화동,11892,6424,5468,58,2754,3315,2833,1847,1085,29,1075,1908,1604,1065,743,29,1679,1407,1229,782,342,863516
2014,4,11440590,용강동,15608,9348,6260,38,2176,4503,3675,3449,1767,16,932,2963,2455,1820,1162,22,1244,1540,1220,1629,605,910388
2014,4,11440600,대흥동,8256,4178,4078,102,2029,2391,1626,1260,848,39,717,1235,975,721,491,63,1312,1156,651,539,357,854083
2014,4,11440610,염리동,17531,10522,7009,193,2175,3454,5673,5819,217,71,662,1573,2953,5118,145,122,1513,1881,2720,701,72,549601
2014,4,11440630,신수동,3827,2110,1717,11,617,1169,1117,641,272,5,201,643,698,365,198,6,416,526,419,276,74,914314
2014,4,11440655,서강동,8349,4658,3691,36,1782,2363,1723,1318,1127,9,616,1454,1198,791,590,27,1166,909,525,527,537,1890596
2014,4,11440660,서교동,42764,22604,20160,547,11294,13210,8789,5639,3285,213,4213,7467,5378,3089,2244,334,7081,5743,3411,2550,1041,1641475
2014,4,11440680,합정동,9077,5208,3869,43,2167,3188,2146,1077,456,10,726,1942,1504,700,326,33,1441,1246,642,377,130,1792621
2014,4,11440690,망원1동,2886,1110,1776,13,366,517,583,510,897,5,123,275,302,182,223,8,243,242,281,328,674,1111518
2014,4,11440700,망원2동,2804,1264,1540,3,400,777,873,513,238,1,151,407,351,189,165,2,249,370,522,324,73,1209563
2014,4,11440710,연남동,3762,2141,1621,10,745,1187,960,582,278,2,263,698,580,382,216,8,482,489,380,200,62,641653
2014,4,11440720,성산1동,9599,6504,3095,45,1291,2284,1971,1418,2590,33,567,1430,1247,882,2345,12,724,854,724,536,245,855779
2014,4,11440730,성산2동,6566,2602,3964,24,469,863,1496,2323,1391,19,227,467,713,694,482,5,242,396,783,1629,909,1990923
2014,4,11440740,상암동,30005,17939,12066,417,9304,10739,6241,2438,866,161,3822,6645,4729,1896,686,256,5482,4094,1512,542,180,7646126
2014,4,11470510,목1동,13524,8689,4835,62,2190,4371,3890,2214,797,29,931,2748,2847,1576,558,33,1259,1623,1043,638,239,1572490
2014,4,11470520,목2동,2139,1132,1007,3,299,652,561,443,181,2,119,373,291,226,121,1,180,279,270,217,60,1021500
2014,4,11470530,목3동,1555,687,868,6,219,390,437,359,144,2,68,184,177,159,97,4,151,206,260,200,47,533074
2014,4,11470540,목4동,2172,1171,1001,19,238,417,579,618,301,12,94,236,279,338,212,7,144,181,300,280,89,578170
2014,4,11470550,목5동,5975,2257,3718,15,1181,1650,1456,1017,656,6,225,511,556,513,446,9,956,1139,900,504,210,2055129
2014,4,11470560,신월1동,2382,1466,916,5,177,487,747,704,262,2,65,287,436,471,205,3,112,200,311,233,57,625887
2014,4,11470570,신월2동,2053,1056,997,5,176,384,611,618,259,2,63,177,295,350,169,3,113,207,316,268,90,608140
2014,4,11470580,신월3동,2464,1324,1140,10,228,515,695,728,288,7,84,240,317,453,223,3,144,275,378,275,65,932122
2014,4,11470590,신월4동,1860,1089,771,3,169,342,460,572,314,0,63,170,233,367,256,3,106,172,227,205,58,470224
2014,4,11470600,신월5동,2625,1604,1021,3,215,386,534,548,939,2,56,155,219,281,891,1,159,231,315,267,48,523363
2014,4,11470610,신월6동,1274,667,607,8,166,216,366,380,138,4,49,96,178,226,114,4,117,120,188,154,24,437027
2014,4,11470611,신월7동,3577,2448,1129,8,306,576,1032,1042,613,5,181,354,676,729,503,3,125,222,356,313,110,1403954
2014,4,11470620,신정1동,2248,1154,1094,2,230,546,643,502,325,2,72,266,354,251,209,0,158,280,289,251,116,722680
2014,4,11470630,신정2동,1663,695,968,2,218,357,493,395,198,1,53,160,185,160,136,1,165,197,308,235,62,594999
2014,4,11470640,신정3동,5107,2844,2263,4,552,967,1363,1326,895,3,165,438,671,822,745,1,387,529,692,504,150,2650845
2014,4,11470650,신정4동,8242,4683,3559,9,1083,1741,1908,1773,1728,5,399,932,993,931,1423,4,684,809,915,842,305,996406
2014,4,11470670,신정6동,5043,2783,2260,10,507,1270,1429,1435,392,6,218,591,716,1000,252,4,289,679,713,435,140,972556
2014,4,11470680,신정7동,1905,873,1032,4,210,424,585,469,213,0,59,188,280,222,124,4,151,236,305,247,89,1144112
2014,4,11500510,염창동,10652,6751,3901,80,1613,3259,2853,1921,926,43,679,2081,1956,1267,725,37,934,1178,897,654,201,1957926
2014,4,11500520,등촌1동,9129,5582,3547,144,1725,2550,2330,1638,742,98,756,1611,1581,1040,496,46,969,939,749,598,246,649434
2014,4,11500530,등촌2동,2099,1212,887,2,241,486,553,573,244,2,70,227,332,376,205,0,171,259,221,197,39,908847
2014,4,11500535,등촌3동,17457,9332,8125,119,3189,3809,4144,4723,1473,84,1511,2450,2323,2035,929,35,1678,1359,1821,2688,544,1049363
2014,4,11500540,화곡1동,3805,1839,1966,16,510,995,1073,858,353,7,171,523,528,394,216,9,339,472,545,464,137,1194778
2014,4,11500550,화곡2동,1285,535,750,3,156,313,406,310,97,2,56,162,154,103,58,1,100,151,252,207,39,456061
2014,4,11500560,화곡3동,1521,637,884,7,218,292,404,411,189,2,62,135,182,146,110,5,156,157,222,265,79,515596
2014,4,11500570,화곡4동,1581,729,852,4,237,364,456,392,128,0,77,188,190,191,83,4,160,176,266,201,45,853460
2014,4,11500590,화곡본동,2378,958,1420,7,343,597,616,479,336,4,63,246,228,195,222,3,280,351,388,284,114,1007050
2014,4,11500591,화곡6동,8699,5453,3246,18,933,2264,2338,2229,917,5,412,1345,1446,1579,666,13,521,919,892,650,251,1034624
2014,4,11500593,화곡8동,1076,448,628,5,143,246,297,229,156,0,49,101,115,84,99,5,94,145,182,145,57,567208
2014,4,11500603,가양1동,7576,4947,2629,36,1089,2074,2126,1570,681,25,586,1367,1378,1079,512,11,503,707,748,491,169,5908521
2014,4,11500604,가양2동,2283,1083,1200,13,362,533,455,455,465,6,124,220,192,191,350,7,238,313,263,264,115,996881
2014,4,11500605,가양3동,4869,3065,1804,27,870,1687,1308,725,252,12,405,1149,894,425,180,15,465,538,414,300,72,691403
2014,4,11500611,발산1동,5767,3248,2519,13,623,1222,1585,1616,708,5,179,619,870,1024,551,8,444,603,715,592,157,3032326
2014,4,11500615,우장산동,3572,1568,2004,60,605,851,881,793,382,26,187,400,411,311,233,34,418,451,470,482,149,1268459
2014,4,11500620,공항동,34623,19290,15333,36,7291,11842,10116,4565,773,15,1569,5280,7673,4083,670,21,5722,6562,2443,482,103,11377979
2014,4,11500630,방화1동,7177,4914,2263,13,930,1756,2135,1755,588,4,588,1292,1529,1169,332,9,342,464,606,586,256,1125789
2014,4,11500640,방화2동,3776,2484,1292,11,398,882,955,1000,530,10,195,581,579,716,403,1,203,301,376,284,127,5564098
2014,4,11500641,방화3동,3094,1889,1205,6,303,682,782,864,457,3,73,309,480,652,372,3,230,373,302,212,85,1964100
2014,4,11530510,신도림동,9062,5437,3625,43,1706,2905,2314,1504,590,19,710,1741,1459,1042,466,24,996,1164,855,462,124,1312211
2014,4,11530520,구로1동,2151,1009,1142,4,247,584,482,363,471,2,110,338,249,161,149,2,137,246,233,202,322,1004193
2014,4,11530530,구로2동,26015,14432,11583,104,4714,8365,6441,4559,1832,34,1705,4203,3983,3131,1376,70,3009,4162,2458,1428,456,1807452
2014,4,11530540,구로3동,75059,47733,27326,432,18252,28300,16675,8104,3296,228,8926,19856,11568,4760,2395,204,9326,8444,5107,3344,901,1033159
2014,4,11530550,구로4동,2768,1261,1507,9,315,643,774,601,426,4,72,281,332,273,299,5,243,362,442,328,127,538215
2014,4,11530560,구로5동,18582,10579,8003,103,4131,5953,3848,3018,1529,57,1728,3552,2522,1791,929,46,2403,2401,1326,1227,600,1075552
2014,4,11530595,가리봉동,1282,516,766,6,122,267,317,311,259,6,34,121,120,118,117,0,88,146,197,193,142,415751
2014,4,11530720,고척1동,5096,3097,1999,18,509,1080,1323,1223,943,9,203,592,773,778,742,9,306,488,550,445,201,1100132
2014,4,11530730,고척2동,1809,888,921,9,241,425,574,406,154,4,88,205,260,219,112,5,153,220,314,187,42,1013917
2014,4,11530740,개봉1동,2839,1305,1534,6,347,581,809,741,355,2,114,302,335,341,211,4,233,279,474,400,144,1168155
2014,4,11530750,개봉2동,1179,473,706,2,168,276,362,250,121,1,20,115,140,117,80,1,148,161,222,133,41,825368
2014,4,11530760,개봉3동,2656,1588,1068,1,144,318,409,470,1314,0,49,118,167,232,1022,1,95,200,242,238,292,831642
2014,4,11530770,오류1동,2200,1059,1141,9,314,428,605,526,318,3,105,221,269,249,212,6,209,207,336,277,106,707130
2014,4,11530780,오류2동,3562,1887,1675,9,400,810,996,883,464,7,109,402,510,518,341,2,291,408,486,365,123,4314692
2014,4,11530790,수궁동,4121,2690,1431,14,490,954,1116,1103,444,9,247,639,682,745,368,5,243,315,434,358,76,2684146
2014,4,11545510,가산동,126912,81003,45909,3112,30332,43782,29072,14242,6372,1364,15153,30529,20203,9128,4626,1748,15179,13253,8869,5114,1746,2245346
2014,4,11545610,독산1동,15237,10448,4789,91,1947,3882,4387,3591,1339,67,1216,2883,2837,2397,1048,24,731,999,1550,1194,291,1956086
2014,4,11545620,독산2동,1341,644,697,3,156,277,384,341,180,0,39,121,165,183,136,3,117,156,219,158,44,596742
2014,4,11545630,독산3동,4905,2879,2026,12,532,787,1025,1010,1539,4,176,331,428,546,1394,8,356,456,597,464,145,982894
2014,4,11545640,독산4동,1924,1056,868,1,322,428,585,380,208,1,176,242,302,187,148,0,146,186,283,193,60,605029
2014,4,11545670,시흥1동,8520,4204,4316,74,1528,2316,1977,1802,823,34,638,1141,941,985,465,40,890,1175,1036,817,358,1437595
2014,4,11545680,시흥2동,1172,340,832,1,149,284,327,327,84,0,17,81,91,106,45,1,132,203,236,221,39,1170211
2014,4,11545690,시흥3동,9606,6452,3154,22,674,1931,2860,2494,1625,13,369,1274,1787,1669,1340,9,305,657,1073,825,285,1328458
2014,4,11545700,시흥4동,825,287,538,1,59,190,286,211,78,0,15,50,92,77,53,1,44,140,194,134,25,873884
2014,4,11545710,시흥5동,1879,1047,832,6,151,298,563,614,247,2,39,134,295,396,181,4,112,164,268,218,66,1368598
2014,4,11560515,영등포본동,2108,1011,1097,14,271,437,533,523,330,3,95,209,239,265,200,11,176,228,294,258,130,843586
2014,4,11560535,영등포동,20630,12528,8102,62,3418,5839,4859,3895,2557,27,1435,3620,3274,2520,1652,35,1983,2219,1585,1375,905,1390482
2014,4,11560540,여의동,266240,177302,88938,2801,63119,99886,64320,28503,7611,1148,29496,68582,51215,21975,4886,1653,33623,31304,13105,6528,2725,6703511
2014,4,11560550,당산1동,14181,8233,5948,15,1931,3713,3356,2860,2306,4,695,2113,1997,1923,1501,11,1236,1600,1359,937,805,746447
2014,4,11560560,당산2동,18952,10594,8358,91,3227,4480,4151,3820,3183,38,1282,2547,2378,2236,2113,53,1945,1933,1773,1584,1070,1526636
2014,4,11560585,도림동,1773,1136,637,6,175,345,470,454,323,1,73,203,311,317,231,5,102,142,159,137,92,539427
2014,4,11560605,문래동,32461,21675,10786,171,6797,10805,7784,4674,2230,90,3696,7432,5352,3248,1857,81,3101,3373,2432,1426,373,1738475
2014,4,11560610,양평1동,18948,10741,8207,166,3923,4748,4549,3756,1806,106,1848,3042,2530,1907,1308,60,2075,1706,2019,1849,498,869573
2014,4,11560620,양평2동,32353,17596,14757,186,6698,12259,8693,3470,1047,91,2842,6906,4769,2128,860,95,3856,5353,3924,1342,187,2573400
2014,4,11560630,신길1동,5022,2825,2197,8,656,1124,1016,1352,866,4,273,757,540,743,508,4,383,367,476,609,358,762886
2014,4,11560650,신길3동,1609,923,686,1,150,328,425,405,300,0,45,184,233,238,223,1,105,144,192,167,77,510335
2014,4,11560660,신길4동,1193,634,559,6,191,355,340,216,85,3,75,204,187,113,52,3,116,151,153,103,33,298738
2014,4,11560670,신길5동,969,496,473,1,121,225,234,261,127,1,34,113,124,131,93,0,87,112,110,130,34,498387
2014,4,11560680,신길6동,2393,1191,1202,11,256,572,640,526,388,2,65,275,321,282,246,9,191,297,319,244,142,676005
2014,4,11560690,신길7동,2485,1526,959,1,458,482,589,655,300,0,323,326,356,333,188,1,135,156,233,322,112,599547
2014,4,11560700,대림1동,2523,1000,1523,6,680,653,598,394,192,4,140,275,275,181,125,2,540,378,323,213,67,493503
2014,4,11560710,대림2동,2252,1027,1225,5,305,580,669,428,265,1,97,232,265,229,203,4,208,348,404,199,62,574495
2014,4,11560720,대림3동,7596,4411,3185,21,1041,1800,2049,1763,922,4,531,1168,1278,923,507,17,510,632,771,840,415,933892
2014,4,11590510,노량진1동,4499,2778,1721,13,538,1080,1250,1107,511,11,193,649,834,729,362,2,345,431,416,378,149,1876800
2014,4,11590520,노량진2동,4098,2147,1951,3,552,1149,983,956,455,2,261,458,512,628,286,1,291,691,471,328,169,619921
2014,4,11590530,상도1동,3771,1793,1978,8,571,984,1052,791,365,5,175,428,531,420,234,3,396,556,521,371,131,1492421
2014,4,11590540,상도2동,2529,1160,1369,9,305,623,807,577,208,4,76,294,390,286,110,5,229,329,417,291,98,771971
2014,4,11590550,상도3동,1038,426,612,6,120,228,277,278,129,2,25,96,105,124,74,4,95,132,172,154,55,662403
2014,4,11590560,상도4동,1524,563,961,1,230,363,442,322,166,0,54,141,183,113,72,1,176,222,259,209,94,947172
2014,4,11590605,흑석동,5240,2490,2750,7,1097,1468,1408,903,357,0,271,579,762,596,282,7,826,889,646,307,75,2062251
2014,4,11590620,사당1동,4693,2511,2182,31,929,1239,1258,784,452,10,263,678,771,462,327,21,666,561,487,322,125,630335
2014,4,11590630,사당2동,2670,1260,1410,16,409,677,684,581,303,6,128,345,321,286,174,10,281,332,363,295,129,3064442
2014,4,11590640,사당3동,2182,1155,1027,5,288,447,526,446,470,0,92,227,270,236,330,5,196,220,256,210,140,898029
2014,4,11590650,사당4동,1084,572,512,0,116,230,256,253,229,0,30,98,127,141,176,0,86,132,129,112,53,431219
2014,4,11590651,사당5동,928,437,491,1,142,264,261,188,72,0,61,117,120,87,52,1,81,147,141,101,20,658780
2014,4,11590660,대방동,9256,5407,3849,55,1243,2690,2117,1972,1179,9,458,1759,1388,1068,725,46,785,931,729,904,454,1591876
2014,4,11590670,신대방1동,3409,1907,1502,9,442,708,697,841,712,3,156,412,398,486,452,6,286,296,299,355,260,685547
2014,4,11590680,신대방2동,19606,10631,8975,130,3395,5126,4171,4567,2217,55,1720,3318,2260,2180,1098,75,1675,1808,1911,2387,1119,1024271
2014,4,11620525,보라매동,5090,2202,2888,11,785,1699,1748,541,306,6,205,624,904,261,202,5,580,1075,844,280,104,758003
2014,4,11620545,청림동,464,208,256,9,74,115,116,95,55,8,20,42,53,46,39,1,54,73,63,49,16,305629
2014,4,11620565,성현동,1066,399,667,4,129,261,357,228,87,0,37,90,107,102,63,4,92,171,250,126,24,695625
2014,4,11620575,행운동,3058,1586,1472,15,576,834,733,571,329,8,231,471,397,288,191,7,345,363,336,283,138,739229
2014,4,11620585,낙성대동,11324,6429,4895,19,1506,3604,2711,2329,1155,9,476,1755,1601,1628,960,10,1030,1849,1110,701,195,2341406
2014,4,11620595,청룡동,7085,4071,3014,11,762,1746,1945,1832,789,5,298,909,1120,1229,510,6,464,837,825,603,279,1186204
2014,4,11620605,은천동,3430,1555,1875,9,471,662,835,905,548,3,156,316,389,400,291,6,315,346,446,505,257,738181
2014,4,11620615,중앙동,1891,944,947,4,297,516,488,341,245,1,91,277,273,160,142,3,206,239,215,181,103,385136
2014,4,11620625,인헌동,2822,1445,1377,2,402,685,686,563,484,2,145,377,308,278,335,0,257,308,378,285,149,709688
2014,4,11620630,남현동,3354,2143,1211,23,538,843,841,691,418,15,289,545,560,436,298,8,249,298,281,255,120,4218667
2014,4,11620645,서원동,3338,1519,1819,44,614,700,671,704,605,17,200,340,305,305,352,27,414,360,366,399,253,642690
2014,4,11620655,신원동,859,328,531,2,98,197,216,218,128,0,21,75,92,82,58,2,77,122,124,136,70,549115
2014,4,11620665,서림동,1223,763,460,3,112,235,322,361,190,2,40,120,183,252,166,1,72,115,139,109,24,981577
2014,4,11620685,신사동,2086,1111,975,6,301,449,534,520,276,1,141,250,286,267,166,5,160,199,248,253,110,609167
2014,4,11620695,신림동,2116,1075,1041,11,385,498,518,417,287,2,133,279,266,209,186,9,252,219,252,208,101,507666
2014,4,11620715,난향동,1279,461,818,17,129,220,297,357,259,16,34,68,93,89,161,1,95,152,204,268,98,786985
2014,4,11620725,조원동,3648,2269,1379,12,409,882,1055,862,428,4,218,565,641,540,301,8,191,317,414,322,127,652569
2014,4,11620735,대학동,1910,1136,774,6,202,431,531,537,203,3,71,233,309,361,159,3,131,198,222,176,44,8107585
2014,4,11620745,삼성동,1086,485,601,8,164,215,261,293,145,5,38,75,102,157,108,3,126,140,159,136,37,2591742
2014,4,11620765,미성동,3086,1592,1494,3,346,581,877,760,519,0,95,271,444,431,351,3,251,310,433,329,168,1355300
2014,4,11620775,난곡동,914,388,526,2,110,256,256,224,66,1,21,96,107,126,37,1,89,160,149,98,29,982294
2014,4,11650510,서초1동,36062,20097,15965,343,9816,11277,7953,4467,2206,156,4082,7139,4724,2440,1556,187,5734,4138,3229,2027,650,1383210
2014,4,11650520,서초2동,64699,47902,16797,237,11940,22220,17662,9104,3536,146,7036,16733,14314,7119,2554,91,4904,5487,3348,1985,982,1229759
2014,4,11650530,서초3동,74399,42439,31960,377,14813,24024,19011,10829,5345,153,5443,13377,12395,7022,4049,224,9370,10647,6616,3807,1296,3027494
2014,4,11650531,서초4동,23580,12881,10699,146,6529,8230,4717,2704,1254,35,2270,4701,3206,1799,870,111,4259,3529,1511,905,384,882770
2014,4,11650540,잠원동,18681,12111,6570,101,3847,6544,4374,2205,1610,45,1593,4507,3275,1489,1202,56,2254,2037,1099,716,408,1840832
2014,4,11650550,반포본동,1223,661,562,1,146,309,320,309,138,0,53,141,170,212,85,1,93,168,150,97,53,1491264
2014,4,11650560,반포1동,7091,4147,2944,25,1549,2473,1484,924,636,16,639,1543,977,558,414,9,910,930,507,366,222,1000549
2014,4,11650570,반포2동,1941,1041,900,27,353,552,513,345,151,11,120,273,298,223,116,16,233,279,215,122,35,1258050
2014,4,11650580,반포3동,7517,3526,3991,97,1496,2247,1778,1144,755,47,740,1036,909,406,388,50,756,1211,869,738,367,1325140
2014,4,11650581,반포4동,28944,12343,16601,95,7885,9211,6577,3369,1807,32,1892,4163,3355,1848,1053,63,5993,5048,3222,1521,754,1416005
2014,4,11650590,방배본동,7628,3806,3822,14,1217,2042,1862,1570,923,8,494,1250,887,593,574,6,723,792,975,977,349,660469
2014,4,11650600,방배1동,11072,5926,5146,85,2811,3759,2409,1340,668,23,1021,2207,1421,782,472,62,1790,1552,988,558,196,691215
2014,4,11650610,방배2동,21558,15804,5754,40,1835,3808,7593,6706,1576,19,786,2549,5885,5315,1250,21,1049,1259,1708,1391,326,1901725
2014,4,11650620,방배3동,9790,6216,3574,91,1801,2973,2171,1615,1139,32,733,1864,1588,1098,901,59,1068,1109,583,517,238,2411856
2014,4,11650621,방배4동,12153,6540,5613,71,2409,3516,3107,1918,1132,25,969,2047,1693,1023,783,46,1440,1469,1414,895,349,954529
2014,4,11650651,양재1동,31670,19462,12208,197,5756,9960,7133,4717,3907,105,2450,6461,4867,3002,2577,92,3306,3499,2266,1715,1330,5711370
2014,4,11650652,양재2동,119036,99449,19587,248,13883,30183,40988,30522,3212,126,9615,24412,35816,27086,2394,122,4268,5771,5172,3436,818,7516954
2014,4,11650660,내곡동,4800,3270,1530,11,662,1417,1217,1054,439,5,263,898,912,859,333,6,399,519,305,195,106,13190710
2014,4,11680510,신사동,22588,10661,11927,182,7100,7485,4317,2218,1286,58,2090,3881,2524,1244,864,124,5010,3604,1793,974,422,1736994
2014,4,11680521,논현1동,40509,21743,18766,230,10667,13957,8153,4639,2863,77,3608,7988,5293,2745,2032,153,7059,5969,2860,1894,831,1254345
2014,4,11680531,논현2동,64836,36754,28082,415,17106,22652,13427,7102,4134,163,6151,13061,9371,5106,2902,252,10955,9591,4056,1996,1232,1445565
2014,4,11680545,압구정동,30921,13606,17315,310,9813,10381,5336,3233,1848,114,2994,4961,2904,1615,1018,196,6819,5420,2432,1618,830,2520945
2014,4,11680565,청담동,39977,19762,20215,258,11008,14454,7986,3845,2426,51,3129,7404,5098,2343,1737,207,7879,7050,2888,1502,689,2384707
2014,4,11680580,삼성1동,104802,69724,35078,1040,21804,35207,24706,16878,5167,654,9844,23557,18991,13102,3576,386,11960,11650,5715,3776,1591,1926134
2014,4,11680590,삼성2동,49720,24973,24747,553,15340,15159,9864,6105,2699,287,5963,8789,5113,3040,1781,266,9377,6370,4751,3065,918,1247821
2014,4,11680600,대치1동,3024,1326,1698,25,612,906,678,502,301,9,148,345,345,264,215,16,464,561,333,238,86,795761
2014,4,11680610,대치2동,58469,35769,22700,606,12675,20147,13015,7913,4113,166,5318,13274,9428,4884,2699,440,7357,6873,3587,3029,1414,2043875
2014,4,11680630,대치4동,31102,18773,12329,190,6554,11503,7841,3495,1519,45,2631,7180,5372,2452,1093,145,3923,4323,2469,1043,426,717795
2014,4,11680640,역삼1동,203483,112462,91021,1246,42711,67744,54563,27595,9624,655,18095,42546,31739,13490,5937,591,24616,25198,22824,14105,3687,2360116
2014,4,11680650,역삼2동,42185,24342,17843,290,10936,13894,9429,5148,2488,129,4190,8378,6418,3494,1733,161,6746,5516,3011,1654,755,1127531
2014,4,11680655,도곡1동,20856,9052,11804,235,4085,5981,6644,2879,1032,112,1693,3135,2148,1242,722,123,2392,2846,4496,1637,310,1022697
2014,4,11680656,도곡2동,17168,10409,6759,44,2858,5288,4409,2447,2122,9,1160,3340,3225,1582,1093,35,1698,1948,1184,865,1029,1025651
2014,4,11680660,개포1동,1123,680,443,2,181,276,232,239,193,0,72,162,131,159,156,2,109,114,101,80,37,973078
2014,4,11680670,개포2동,2190,1114,1076,3,227,388,570,704,298,1,59,148,281,405,220,2,168,240,289,299,78,2371826
2014,4,11680690,개포4동,7973,5042,2931,33,1065,2247,2050,1522,1056,23,495,1510,1342,923,749,10,570,737,708,599,307,1561449
2014,4,11680700,세곡동,2762,1494,1268,4,331,602,696,703,426,0,98,296,347,425,328,4,233,306,349,278,98,5894759
2014,4,11680720,일원본동,7233,1931,5302,10,2339,2925,1313,499,147,1,339,749,484,240,118,9,2000,2176,829,259,29,2381558
2014,4,11680730,일원1동,3418,1868,1550,17,419,664,780,876,662,11,198,385,436,440,398,6,221,279,344,436,264,947888
2014,4,11680740,일원2동,12264,9701,2563,113,3902,3815,2307,1663,464,88,3228,3179,1775,1170,261,25,674,636,532,493,203,1043911
2014,4,11680750,수서동,18886,10258,8628,62,3218,6148,4717,3017,1724,42,1453,3393,2316,1661,1393,20,1765,2755,2401,1356,331,1648393
2014,4,11710510,풍납1동,1323,644,679,1,138,315,387,316,166,1,41,133,181,176,112,0,97,182,206,140,54,1057487
2014,4,11710520,풍납2동,13247,4419,8828,4,3513,4580,2844,1632,674,1,602,1314,1175,909,418,3,2911,3266,1669,723,256,1999222
2014,4,11710531,거여1동,3668,2711,957,35,1112,1031,728,464,298,33,955,792,504,247,180,2,157,239,224,217,118,512307
2014,4,11710532,거여2동,2104,781,1323,10,267,448,604,549,226,6,76,197,218,178,106,4,191,251,386,371,120,510046
2014,4,11710540,마천1동,1040,475,565,2,98,201,312,275,152,2,21,76,128,149,99,0,77,125,184,126,53,504704
2014,4,11710550,마천2동,2768,1573,1195,4,258,628,792,758,328,0,115,353,458,423,224,4,143,275,334,335,104,936181
2014,4,11710561,방이1동,6052,3787,2265,29,828,1366,1383,1155,1291,13,314,786,804,750,1120,16,514,580,579,405,171,581968
2014,4,11710562,방이2동,17391,10050,7341,95,2639,4833,4279,3508,2037,53,1371,3092,2376,1765,1393,42,1268,1741,1903,1743,644,763928
2014,4,11710566,오륜동,3277,2019,1258,20,659,808,868,752,170,13,368,479,515,502,142,7,291,329,353,250,28,3150411
2014,4,11710570,오금동,12197,7446,4751,22,1123,2678,2757,2468,3149,17,500,1756,1730,1390,2053,5,623,922,1027,1078,1096,1691111
2014,4,11710580,송파1동,6551,3894,2657,18,936,1650,1617,1423,907,6,428,1036,996,816,612,12,508,614,621,607,295,683881
2014,4,11710590,송파2동,5035,2508,2527,48,1127,1585,1171,821,283,15,357,899,689,372,176,33,770,686,482,449,107,636016
2014,4,11710600,석촌동,9603,5934,3669,46,1605,2782,2247,1748,1175,29,804,1880,1388,1055,778,17,801,902,859,693,397,943819
2014,4,11710610,삼전동,6791,4222,2569,15,776,1527,1544,1463,1466,8,314,953,915,836,1196,7,462,574,629,627,270,992437
2014,4,11710620,가락본동,26074,15641,10433,129,4601,7259,6451,4800,2834,74,2158,4429,4156,2808,2016,55,2443,2830,2295,1992,818,1024764
2014,4,11710631,가락1동,8485,6271,2214,9,514,1707,2653,2339,1263,4,382,1402,1990,1580,913,5,132,305,663,759,350,1357317
2014,4,11710632,가락2동,8108,4732,3376,48,1380,2257,2080,1487,856,23,647,1405,1205,812,640,25,733,852,875,675,216,934057
2014,4,11710641,문정1동,5207,3249,1958,23,757,1399,1343,932,753,12,352,905,857,555,568,11,405,494,486,377,185,604321
2014,4,11710642,문정2동,8556,5793,2763,40,1378,2590,2294,1525,729,20,719,1782,1649,1044,579,20,659,808,645,481,150,2387651
2014,4,11710646,장지동,8010,5252,2758,33,819,1614,2202,2052,1290,11,329,1053,1462,1440,957,22,490,561,740,612,333,1295680
2014,4,11710647,위례동,890,692,198,0,29,108,329,381,43,0,4,58,270,327,33,0,25,50,59,54,10,2626871
2014,4,11710650,잠실본동,12600,7370,5230,52,2216,3352,3091,2432,1457,18,843,1949,1882,1584,1094,34,1373,1403,1209,848,363,1136161
2014,4,11710670,잠실2동,2758,1539,1219,4,497,811,762,541,143,1,227,458,430,323,100,3,270,353,332,218,43,2886358
2014,4,11710680,잠실3동,4441,1968,2473,195,1489,941,941,655,220,78,590,415,432,350,103,117,899,526,509,305,117,1506573
2014,4,11710690,잠실4동,1201,602,599,0,219,394,330,167,91,0,66,213,172,84,67,0,153,181,158,83,24,838370
2014,4,11710710,잠실6동,57651,33042,24609,543,11384,18015,17908,7907,1894,277,5796,11777,9599,4303,1290,266,5588,6238,8309,3604,604,1403041
2014,4,11710720,잠실7동,557,240,317,0,54,128,154,173,48,0,15,50,61,82,32,0,39,78,93,91,16,675008
2014,4,11740515,강일동,9821,7611,2210,40,1889,3488,2442,1451,511,29,1091,2743,2051,1239,458,11,798,745,391,212,53,3722759
2014,4,11740520,상일동,3060,1264,1796,1,574,971,694,621,199,1,124,329,296,355,159,0,450,642,398,266,40,1801282
2014,4,11740530,명일1동,2520,1069,1451,10,369,477,620,612,432,3,97,227,270,223,249,7,272,250,350,389,183,630284
2014,4,11740540,명일2동,2042,926,1116,6,289,438,571,520,218,2,72,196,253,248,155,4,217,242,318,272,63,920946
2014,4,11740550,고덕1동,1126,492,634,1,160,246,298,285,136,0,32,107,131,138,84,1,128,139,167,147,52,1906565
2014,4,11740560,고덕2동,1356,592,764,1,121,272,383,458,121,1,35,124,144,219,69,0,86,148,239,239,52,2408099
2014,4,11740570,암사1동,2033,1072,961,10,220,472,563,506,262,7,74,252,286,284,169,3,146,220,277,222,93,738366
2014,4,11740580,암사2동,2363,1009,1354,19,373,527,736,510,198,14,120,241,265,221,148,5,253,286,471,289,50,2337773
2014,4,11740590,암사3동,1047,437,610,3,167,255,269,298,55,1,32,104,101,161,38,2,135,151,168,137,17,1843902
2014,4,11740600,천호1동,2770,1352,1418,6,328,524,644,693,575,3,105,233,308,344,359,3,223,291,336,349,216,669571
2014,4,11740610,천호2동,7055,3633,3422,32,1117,1622,1628,1497,1159,16,400,829,834,748,806,16,717,793,794,749,353,1828343
2014,4,11740620,천호3동,3430,2012,1418,17,462,900,817,767,467,2,180,584,477,467,302,15,282,316,340,300,165,569450
2014,4,11740640,성내1동,12811,8052,4759,37,1614,3490,3542,2814,1314,16,659,2035,2286,2050,1006,21,955,1455,1256,764,308,658437
2014,4,11740650,성내2동,3428,1783,1645,30,557,795,857,750,439,12,188,407,454,410,312,18,369,388,403,340,127,624632
2014,4,11740660,성내3동,5618,3176,2442,21,813,1477,1361,1115,831,10,339,894,778,637,518,11,474,583,583,478,313,641973
2014,4,11740685,길동,9470,4881,4589,35,1589,2566,2377,1866,1037,21,574,1411,1304,886,685,14,1015,1155,1073,980,352,1590598
2014,4,11740690,둔촌1동,783,460,323,1,71,153,168,209,181,1,26,66,68,131,168,0,45,87,100,78,13,897261
2014,4,11740700,둔촌2동,8492,5014,3478,14,1962,2806,1777,1380,553,9,990,1869,960,808,378,5,972,937,817,572,175,1592001
2015,1,11110515,청운효자동,5896,3790,2106,5,1132,2237,1360,895,267,1,562,1550,931,562,184,4,570,687,429,333,83,2429899
2015,1,11110530,사직동,64245,39846,24399,244,10958,21264,17140,10248,4391,73,4079,12692,13211,7134,2657,171,6879,8572,3929,3114,1734,1161995
2015,1,11110540,삼청동,3772,1948,1824,6,675,1204,1023,674,190,4,180,602,627,418,117,2,495,602,396,256,73,1391632
2015,1,11110550,부암동,2719,1421,1298,4,611,705,774,464,161,1,180,409,467,263,101,3,431,296,307,201,60,2221363
2015,1,11110560,평창동,2249,1061,1188,4,326,584,552,533,250,1,94,293,295,236,142,3,232,291,257,297,108,8346900
2015,1,11110570,무악동,558,193,365,0,109,166,146,83,54,0,15,38,60,36,44,0,94,128,86,47,10,453220
2015,1,11110580,교남동,1143,606,537,2,141,324,314,192,170,0,47,157,172,109,121,2,94,167,142,83,49,355267
2015,1,11110600,가회동,17880,14924,2956,13,3094,6750,5066,2355,602,6,2088,5541,4629,2146,514,7,1006,1209,437,209,88,565302
2015,1,11110615,종로1.2.3.4가동,132423,81548,50875,1899,23801,44799,36602,19235,6087,918,9761,25643,26480,14523,4223,981,14040,19156,10122,4712,1864,2430999
2015,1,11110630,종로5.6가동,22052,14868,7184,226,4293,7467,5837,3152,1077,75,2164,5161,4367,2327,774,151,2129,2306,1470,825,303,599631
2015,1,11110640,이화동,5276,2723,2553,36,1040,1658,1298,875,369,14,323,823,791,518,254,22,717,835,507,357,115,747067
2015,1,11110650,혜화동,4444,2344,2100,21,834,1255,1110,799,425,4,324,649,639,456,272,17,510,606,471,343,153,1161303
2015,1,11110670,창신1동,2252,1048,1204,11,306,642,619,431,243,6,132,272,246,236,156,5,174,370,373,195,87,297271
2015,1,11110680,창신2동,722,312,410,0,96,204,188,169,65,0,24,94,92,71,31,0,72,110,96,98,34,257188
2015,1,11110690,창신3동,312,166,146,1,31,81,64,90,45,1,9,28,29,61,38,0,22,53,35,29,7,216230
2015,1,11110700,숭인1동,607,262,345,2,95,137,177,145,51,1,29,55,71,77,29,1,66,82,106,68,22,236777
2015,1,11110710,숭인2동,2561,1436,1125,10,376,614,625,505,431,5,160,357,353,274,287,5,216,257,272,231,144,359384
2015,1,11140520,소공동,144246,85033,59213,976,32797,49899,40476,17619,2479,271,11581,28054,29182,14028,1917,705,21216,21845,11294,3591,562,918284
2015,1,11140540,회현동,69710,44382,25328,662,16863,24275,18318,8074,1518,194,8720,14445,13424,6466,1133,468,8143,9830,4894,1608,385,909465
2015,1,11140550,명동,165973,87768,78205,693,29376,59051,48547,23195,5111,171,8714,25598,31691,18122,3472,522,20662,33453,16856,5073,1639,993909
2015,1,11140570,필동,23597,11778,11819,128,4352,6692,7016,4056,1353,53,1568,3744,3576,1917,920,75,2784,2948,3440,2139,433,1458582
2015,1,11140580,장충동,11567,6210,5357,90,3496,3506,2707,1320,448,40,1307,2060,1693,828,282,50,2189,1446,1014,492,166,1013897
2015,1,11140590,광희동,40121,21160,18961,1592,10603,11327,9162,5675,1762,728,4671,6652,5000,2907,1202,864,5932,4675,4162,2768,560,745387
2015,1,11140605,을지로동,16743,10208,6535,99,2140,4410,4525,3400,2169,31,854,2550,2909,2291,1573,68,1286,1860,1616,1109,596,612013
2015,1,11140615,신당동,10386,5978,4408,48,2375,3478,2366,1488,631,18,1202,1895,1483,962,418,30,1173,1583,883,526,213,536647
2015,1,11140625,다산동,7315,3421,3894,73,2049,1905,1366,1292,630,21,684,1079,815,532,290,52,1365,826,551,760,340,532721
2015,1,11140635,약수동,2509,1111,1398,12,450,701,583,470,293,2,112,321,282,216,178,10,338,380,301,254,115,509395
2015,1,11140645,청구동,3635,2339,1296,8,606,1115,853,577,476,7,303,804,583,353,289,1,303,311,270,224,187,345114
2015,1,11140650,신당5동,1400,683,717,7,216,368,384,291,134,1,53,176,194,167,92,6,163,192,190,124,42,310367
2015,1,11140665,동화동,2172,1121,1051,9,468,602,494,431,168,7,158,322,268,239,127,2,310,280,226,192,41,330049
2015,1,11140670,황학동,3125,1917,1208,7,492,674,670,726,556,1,200,444,457,439,376,6,292,230,213,287,180,327694
2015,1,11140680,중림동,6852,3996,2856,19,1303,1982,1679,1136,733,7,446,1052,1127,785,579,12,857,930,552,351,154,487576
2015,1,11170510,후암동,3198,1192,2006,6,345,511,769,1205,362,4,118,272,321,314,163,2,227,239,448,891,199,868399
2015,1,11170520,용산2가동,1135,607,528,0,109,268,339,295,124,0,39,124,212,169,63,0,70,144,127,126,61,2047347
2015,1,11170530,남영동,24545,14781,9764,1347,7806,7022,4598,2761,1011,623,3644,4737,3331,1797,649,724,4162,2285,1267,964,362,735947
2015,1,11170555,청파동,7562,4030,3532,27,1331,2024,1657,1513,1010,12,389,964,949,899,817,15,942,1060,708,614,193,867676
2015,1,11170560,원효로1동,6972,4944,2028,37,1124,2409,1838,1026,538,24,630,1794,1398,724,374,13,494,615,440,302,164,589294
2015,1,11170570,원효로2동,5972,4190,1782,26,632,1798,1258,1269,989,15,349,1366,936,835,689,11,283,432,322,434,300,915567
2015,1,11170580,효창동,1841,990,851,4,255,534,474,422,152,0,79,291,282,231,107,4,176,243,192,191,45,470670
2015,1,11170590,용문동,857,464,393,3,124,269,248,149,64,2,36,169,141,79,37,1,88,100,107,70,27,289284
2015,1,11170625,한강로동,50714,28645,22069,382,10647,17915,13035,6539,2196,161,4179,9861,8221,4678,1545,221,6468,8054,4814,1861,651,3358956
2015,1,11170630,이촌1동,1669,769,900,7,206,454,396,322,284,1,57,169,188,142,212,6,149,285,208,180,72,2143668
2015,1,11170640,이촌2동,247,146,101,0,26,51,73,53,44,0,8,27,46,31,34,0,18,24,27,22,10,1191110
2015,1,11170650,이태원1동,4728,2801,1927,23,933,1299,1121,921,431,12,514,732,640,610,293,11,419,567,481,311,138,579369
2015,1,11170660,이태원2동,1920,1083,837,4,397,672,437,266,144,1,213,367,253,150,99,3,184,305,184,116,45,879018
2015,1,11170685,한남동,13583,7157,6426,78,3615,4795,2800,1496,799,43,1371,2663,1722,873,485,35,2244,2132,1078,623,314,3198883
2015,1,11170690,서빙고동,4617,2421,2196,116,821,1477,1181,707,315,4,202,733,691,528,263,112,619,744,490,179,52,2198117
2015,1,11170700,보광동,567,281,286,0,59,129,146,147,86,0,20,59,73,77,52,0,39,70,73,70,34,890496
2015,1,11200520,왕십리2동,981,424,557,3,154,243,281,202,98,0,30,87,128,107,72,3,124,156,153,95,26,385254
2015,1,11200535,왕십리도선동,6374,3370,3004,22,1052,1563,1824,1275,638,13,359,921,963,720,394,9,693,642,861,555,244,718816
2015,1,11200540,마장동,9425,6447,2978,16,904,2268,2604,2537,1096,7,470,1549,1833,1800,788,9,434,719,771,737,308,1082999
2015,1,11200550,사근동,5130,2820,2310,3,802,1246,1436,1237,406,0,184,598,870,870,298,3,618,648,566,367,108,1182945
2015,1,11200560,행당1동,12709,5137,7572,61,1266,2936,4588,3342,516,38,636,1749,1255,1073,386,23,630,1187,3333,2269,130,552563
2015,1,11200570,행당2동,607,174,433,3,83,173,167,126,55,0,13,47,43,39,32,3,70,126,124,87,23,457197
2015,1,11200580,응봉동,369,142,227,0,38,93,98,97,43,0,9,29,29,40,35,0,29,64,69,57,8,547736
2015,1,11200590,금호1가동,699,298,401,0,91,164,206,152,86,0,20,54,86,77,61,0,71,110,120,75,25,441318
2015,1,11200615,금호2.3가동,873,343,530,5,111,197,212,212,136,1,18,69,77,86,92,4,93,128,135,126,44,638261
2015,1,11200620,금호4가동,890,431,459,2,110,194,192,236,156,0,28,66,90,128,119,2,82,128,102,108,37,935263
2015,1,11200645,옥수동,1570,733,837,1,281,410,407,317,154,1,75,169,204,169,115,0,206,241,203,148,39,1239152
2015,1,11200650,성수1가1동,5032,3224,1808,19,627,1309,1354,1254,469,9,264,854,843,881,373,10,363,455,511,373,96,2248463
2015,1,11200660,성수1가2동,14069,8564,5505,186,3247,3991,2898,2389,1358,52,1377,2546,1961,1622,1006,134,1870,1445,937,767,352,984783
2015,1,11200670,성수2가1동,43685,19344,24341,452,8184,12280,15380,6708,681,198,5024,7871,4133,1604,514,254,3160,4409,11247,5104,167,1126355
2015,1,11200690,성수2가3동,35623,22620,13003,205,6492,10672,9028,5887,3339,120,2933,6920,6070,4095,2482,85,3559,3752,2958,1792,857,1050781
2015,1,11200720,송정동,1573,947,626,2,258,460,426,279,148,1,140,245,249,202,110,1,118,215,177,77,38,584812
2015,1,11200790,용답동,17101,12166,4935,65,1518,3530,6504,4051,1433,21,813,2648,5352,2562,770,44,705,882,1152,1489,663,2379362
2015,1,11215710,화양동,5021,2209,2812,39,1218,1649,954,686,475,15,367,738,471,307,311,24,851,911,483,379,164,1124376
2015,1,11215730,군자동,4538,2519,2019,10,1126,1388,1079,644,291,4,443,858,626,390,198,6,683,530,453,254,93,733236
2015,1,11215740,중곡1동,4177,2434,1743,13,671,976,1020,769,728,8,253,523,556,453,641,5,418,453,464,316,87,602769
2015,1,11215750,중곡2동,3163,1496,1667,5,485,834,897,623,319,2,142,411,430,305,206,3,343,423,467,318,113,544807
2015,1,11215760,중곡3동,1887,1032,855,8,240,417,484,484,254,5,82,227,249,294,175,3,158,190,235,190,79,600824
2015,1,11215770,중곡4동,2825,1520,1305,5,342,685,765,743,285,3,133,326,390,457,211,2,209,359,375,286,74,2295463
2015,1,11215780,능동,2647,1414,1233,10,467,766,655,487,262,5,157,406,390,263,193,5,310,360,265,224,69,1094134
2015,1,11215810,광장동,5704,3246,2458,43,888,1614,1516,1152,491,26,328,888,944,705,355,17,560,726,572,447,136,2889609
2015,1,11215820,자양1동,7589,4571,3018,25,982,1764,2086,2049,683,11,310,890,1328,1527,505,14,672,874,758,522,178,621606
2015,1,11215830,자양2동,5368,3427,1941,7,490,1216,1826,1410,419,1,213,726,1315,885,287,6,277,490,511,525,132,1630926
2015,1,11215840,자양3동,2382,1263,1119,12,354,524,547,487,458,11,121,275,254,226,376,1,233,249,293,261,82,1145609
2015,1,11215847,자양4동,2193,1338,855,20,360,617,537,419,240,8,177,405,338,225,185,12,183,212,199,194,55,1148618
2015,1,11215850,구의1동,4561,2838,1723,12,673,1223,1139,1083,431,9,313,743,767,719,287,3,360,480,372,364,144,553095
2015,1,11215860,구의2동,3603,2007,1596,46,496,822,944,863,432,19,164,436,551,531,306,27,332,386,393,332,126,1363952
2015,1,11215870,구의3동,12770,7635,5135,44,1536,3235,3372,3057,1526,17,770,2232,2078,1613,925,27,766,1003,1294,1444,601,1453971
2015,1,11230536,용신동,24864,14025,10839,149,3804,6664,6625,4868,2754,39,1539,3894,3743,3008,1802,110,2265,2770,2882,1860,952,1590771
2015,1,11230545,제기동,5330,3089,2241,20,709,1197,1418,1255,731,4,288,715,856,736,490,16,421,482,562,519,241,1184853
2015,1,11230560,전농1동,2137,1126,1011,9,322,495,611,477,223,4,137,299,325,236,125,5,185,196,286,241,98,1140490
2015,1,11230570,전농2동,2979,1524,1455,6,376,800,855,710,232,1,80,332,472,448,191,5,296,468,383,262,41,983768
2015,1,11230600,답십리1동,6164,3616,2548,68,1163,1587,1476,1120,750,45,648,1031,771,573,548,23,515,556,705,547,202,838156
2015,1,11230610,답십리2동,3362,2097,1265,5,394,841,898,743,481,2,176,555,573,461,330,3,218,286,325,282,151,814945
2015,1,11230650,장안1동,13495,8235,5260,47,1709,3164,3299,2893,2383,17,723,1842,2090,1798,1765,30,986,1322,1209,1095,618,1360347
2015,1,11230660,장안2동,5973,3009,2964,32,871,1475,1602,1339,654,13,283,747,814,713,439,19,588,728,788,626,215,1119438
2015,1,11230705,청량리동,5432,3198,2234,7,893,1491,1269,1176,596,4,323,875,799,772,425,3,570,616,470,404,171,1197287
2015,1,11230710,회기동,3899,1517,2382,8,920,1386,862,602,121,5,270,592,326,265,59,3,650,794,536,337,62,829432
2015,1,11230720,휘경1동,1177,658,519,7,169,259,308,246,188,3,61,147,188,136,123,4,108,112,120,110,65,519932
2015,1,11230730,휘경2동,3802,1524,2278,3,782,1093,976,723,225,2,192,468,437,311,114,1,590,625,539,412,111,1207585
2015,1,11230740,이문1동,4491,2520,1971,4,608,1143,1290,1071,375,0,155,516,826,743,280,4,453,627,464,328,95,986690
2015,1,11230750,이문2동,848,451,397,4,109,154,240,232,109,2,31,51,131,147,89,2,78,103,109,85,20,698476
2015,1,11260520,면목2동,2327,1214,1113,3,306,479,651,607,281,0,96,250,319,342,207,3,210,229,332,265,74,743106
2015,1,11260540,면목4동,1562,952,610,2,138,278,426,526,192,2,35,128,261,371,155,0,103,150,165,155,37,821882
2015,1,11260550,면목5동,1142,734,408,2,107,208,322,334,169,0,39,124,185,250,136,2,68,84,137,84,33,591696
2015,1,11260565,면목본동,2221,976,1245,1,245,433,652,625,265,1,60,189,288,264,174,0,185,244,364,361,91,840931
2015,1,11260570,면목7동,1142,589,553,3,153,227,323,303,133,0,28,84,170,200,107,3,125,143,153,103,26,1202721
2015,1,11260575,면목3.8동,3685,2061,1624,3,515,775,1009,975,408,1,126,363,563,681,327,2,389,412,446,294,81,1591050
2015,1,11260580,상봉1동,2731,1498,1233,12,289,494,700,798,438,8,98,215,348,517,312,4,191,279,352,281,126,917193
2015,1,11260590,상봉2동,9158,5641,3517,34,1095,2321,2601,1815,1292,13,542,1655,1404,1029,998,21,553,666,1197,786,294,658991
2015,1,11260600,중화1동,1566,629,937,3,243,396,484,332,108,0,54,150,192,160,73,3,189,246,292,172,35,637209
2015,1,11260610,중화2동,2593,1468,1125,8,269,499,640,550,627,7,85,282,346,311,437,1,184,217,294,239,190,960402
2015,1,11260620,묵1동,2608,1165,1443,7,343,702,720,614,222,4,98,311,312,283,157,3,245,391,408,331,65,1184393
2015,1,11260630,묵2동,1465,743,722,1,180,341,431,338,174,0,55,177,222,173,116,1,125,164,209,165,58,682005
2015,1,11260655,망우본동,5004,2529,2475,20,695,1147,1292,1248,602,9,164,513,647,737,459,11,531,634,645,511,143,3074745
2015,1,11260660,망우3동,1571,812,759,8,142,290,448,460,223,8,37,157,199,249,162,0,105,133,249,211,61,967313
2015,1,11260680,신내1동,5363,2927,2436,6,885,1198,1413,1416,445,3,223,649,814,901,337,3,662,549,599,515,108,2361684
2015,1,11260690,신내2동,3631,1769,1862,4,348,884,1015,1023,357,2,92,358,450,645,222,2,256,526,565,378,135,939758
2015,1,11290525,성북동,2786,1263,1523,12,522,912,707,446,187,8,149,419,344,228,115,4,373,493,363,218,72,3067396
2015,1,11290555,삼선동,7646,4124,3522,31,978,1745,2064,2038,790,17,312,843,1141,1332,479,14,666,902,923,706,311,1177823
2015,1,11290575,동선동,5550,2469,3081,37,987,1097,1205,1126,1098,11,231,546,651,526,504,26,756,551,554,600,594,729672
2015,1,11290580,돈암1동,853,311,542,4,135,231,231,176,76,2,34,82,81,70,42,2,101,149,150,106,34,461503
2015,1,11290590,돈암2동,535,181,354,1,114,180,121,90,29,0,24,64,50,24,19,1,90,116,71,66,10,414465
2015,1,11290600,안암동,5899,2853,3046,7,1470,1872,1395,823,332,1,436,889,788,498,241,6,1034,983,607,325,91,1295307
2015,1,11290610,보문동,2943,1554,1389,7,376,591,698,611,660,0,126,305,375,321,427,7,250,286,323,290,233,551172
2015,1,11290620,정릉1동,958,391,567,2,110,218,294,232,102,0,16,84,121,107,63,2,94,134,173,125,39,475568
2015,1,11290630,정릉2동,1420,691,729,9,218,313,383,336,161,5,68,123,190,192,113,4,150,190,193,144,48,1165255
2015,1,11290640,정릉3동,2627,1579,1048,1,389,542,778,675,242,1,111,264,500,518,185,0,278,278,278,157,57,3182234
2015,1,11290650,정릉4동,2433,1583,850,4,236,438,674,761,320,3,59,219,474,577,251,1,177,219,200,184,69,3714207
2015,1,11290660,길음1동,1624,555,1069,10,277,389,453,306,189,7,45,138,145,93,127,3,232,251,308,213,62,753885
2015,1,11290685,길음2동,1133,548,585,6,247,289,252,208,131,3,80,138,115,105,107,3,167,151,137,103,24,423663
2015,1,11290705,종암동,3084,1558,1526,11,439,750,957,665,262,1,129,346,522,406,154,10,310,404,435,259,108,1494677
2015,1,11290715,월곡1동,3485,1836,1649,7,437,756,933,740,612,2,181,388,452,389,424,5,256,368,481,351,188,974658
2015,1,11290725,월곡2동,4555,2469,2086,12,694,1252,1155,942,500,9,295,746,621,535,263,3,399,506,534,407,237,1330228
2015,1,11290760,장위1동,882,312,570,4,90,156,262,258,112,3,19,55,102,92,41,1,71,101,160,166,71,714821
2015,1,11290770,장위2동,2407,1431,976,5,182,411,565,613,631,2,70,201,291,388,479,3,112,210,274,225,152,682224
2015,1,11290780,장위3동,1647,953,694,9,162,330,459,481,206,3,62,179,247,296,166,6,100,151,212,185,40,663549
2015,1,11290810,석관동,3323,2013,1310,6,304,611,786,706,910,1,91,308,440,440,733,5,213,303,346,266,177,1773773
2015,1,11305534,삼양동,1343,579,764,2,192,256,383,340,170,1,38,95,150,179,116,1,154,161,233,161,54,959451
2015,1,11305535,미아동,2154,910,1244,3,342,474,573,481,281,1,105,194,248,203,159,2,237,280,325,278,122,835492
2015,1,11305545,송중동,2676,1187,1489,9,417,689,743,536,282,2,140,313,333,225,174,7,277,376,410,311,108,1085065
2015,1,11305555,송천동,2602,1249,1353,16,340,614,686,638,308,7,83,265,330,334,230,9,257,349,356,304,78,928301
2015,1,11305575,삼각산동,991,323,668,3,132,297,319,176,64,0,24,91,86,79,43,3,108,206,233,97,21,603256
2015,1,11305590,번1동,3633,1996,1637,17,448,731,999,953,485,6,149,382,598,598,263,11,299,349,401,355,222,619363
2015,1,11305600,번2동,2045,1277,768,5,164,329,668,670,209,3,45,184,398,492,155,2,119,145,270,178,54,992960
2015,1,11305606,번3동,1350,668,682,10,152,276,319,363,230,8,48,156,165,174,117,2,104,120,154,189,113,1075371
2015,1,11305610,수유1동,2812,1504,1308,13,257,503,807,836,396,11,71,218,436,498,270,2,186,285,371,338,126,1748455
2015,1,11305620,수유2동,2219,1107,1112,5,234,350,489,542,599,1,80,206,245,258,317,4,154,144,244,284,282,593685
2015,1,11305630,수유3동,4159,2165,1994,19,469,1051,1119,1058,443,13,143,481,596,661,271,6,326,570,523,397,172,725084
2015,1,11305645,우이동,1618,1034,584,4,158,261,402,544,249,0,58,147,244,384,201,4,100,114,158,160,48,10680138
2015,1,11305660,인수동,3451,1591,1860,1,447,815,905,826,457,0,141,370,394,353,333,1,306,445,511,473,124,2869695
2015,1,11320511,창1동,1735,653,1082,2,221,370,454,409,279,1,43,142,174,168,125,1,178,228,280,241,154,1104916
2015,1,11320512,창2동,2037,1043,994,16,260,400,624,491,246,9,88,200,287,275,184,7,172,200,337,216,62,654615
2015,1,11320513,창3동,829,325,504,16,106,179,251,202,75,14,21,63,97,83,47,2,85,116,154,119,28,635079
2015,1,11320514,창4동,3540,2193,1347,5,335,622,960,1052,566,1,91,321,592,740,448,4,244,301,368,312,118,1155759
2015,1,11320515,창5동,4485,2291,2194,22,528,1127,1328,1150,330,12,151,547,686,672,223,10,377,580,642,478,107,676820
2015,1,11320521,도봉1동,3093,1971,1122,4,202,415,818,1034,620,2,67,231,541,735,395,2,135,184,277,299,225,8547209
2015,1,11320522,도봉2동,4495,2574,1921,12,340,714,1016,1092,1321,6,136,350,549,629,904,6,204,364,467,463,417,1204332
2015,1,11320660,쌍문1동,2290,915,1375,3,343,391,647,655,251,2,50,150,240,305,168,1,293,241,407,350,83,1177010
2015,1,11320670,쌍문2동,2680,1402,1278,22,274,554,695,715,420,14,102,291,343,402,250,8,172,263,352,313,170,539384
2015,1,11320680,쌍문3동,1882,870,1012,3,363,493,548,354,121,3,80,249,273,188,77,0,283,244,275,166,44,504867
2015,1,11320681,쌍문4동,1025,379,646,2,127,248,250,313,85,0,23,97,72,131,56,2,104,151,178,182,29,543784
2015,1,11320690,방학1동,4845,2735,2110,15,526,892,1236,1422,754,7,195,469,652,868,544,8,331,423,584,554,210,1041785
2015,1,11320700,방학2동,1173,563,610,1,115,256,342,309,150,0,36,125,143,149,110,1,79,131,199,160,40,1102018
2015,1,11320710,방학3동,1710,789,921,0,138,320,454,555,243,0,46,132,168,261,182,0,92,188,286,294,61,1856777
2015,1,11350560,월계1동,2762,1562,1200,10,288,542,683,837,402,7,89,281,385,516,284,3,199,261,298,321,118,1218934
2015,1,11350570,월계2동,1625,813,812,6,169,351,479,445,175,5,49,142,228,249,140,1,120,209,251,196,35,1991095
2015,1,11350580,월계3동,1429,634,795,4,129,278,409,386,223,1,30,110,158,195,140,3,99,168,251,191,83,1133881
2015,1,11350595,공릉1동,8086,4300,3786,37,892,1520,2029,2038,1570,18,338,885,1052,1048,959,19,554,635,977,990,611,1217193
2015,1,11350600,공릉2동,6301,2996,3305,10,1051,1446,1565,1537,692,2,249,590,722,921,512,8,802,856,843,616,180,7207339
2015,1,11350611,하계1동,6554,3605,2949,24,1054,1670,1739,1614,453,13,364,821,1003,1096,308,11,690,849,736,518,145,1467562
2015,1,11350612,하계2동,532,158,374,0,45,109,166,178,34,0,6,20,36,66,30,0,39,89,130,112,4,513857
2015,1,11350619,중계본동,2147,1044,1103,8,231,390,550,514,454,4,79,178,251,256,276,4,152,212,299,258,178,2094464
2015,1,11350621,중계1동,1381,599,782,9,191,279,407,319,176,2,48,111,146,156,136,7,143,168,261,163,40,624508
2015,1,11350624,중계4동,1881,802,1079,4,173,378,560,530,236,2,45,169,216,224,146,2,128,209,344,306,90,1540528
2015,1,11350625,중계2.3동,2445,993,1452,11,313,538,743,654,186,2,97,248,271,250,125,9,216,290,472,404,61,912217
2015,1,11350630,상계1동,4592,2302,2290,19,540,872,1325,1145,691,7,221,475,631,567,401,12,319,397,694,578,290,4997346
2015,1,11350640,상계2동,3677,1505,2172,40,640,796,929,897,375,18,199,378,361,350,199,22,441,418,568,547,176,629194
2015,1,11350665,상계3.4동,3093,1764,1329,4,186,352,819,1033,699,1,49,157,491,651,415,3,137,195,328,382,284,5751720
2015,1,11350670,상계5동,1653,623,1030,4,127,237,400,493,392,0,46,113,151,132,181,4,81,124,249,361,211,473604
2015,1,11350695,상계6.7동,7890,3261,4629,15,1355,2054,2133,1691,642,4,287,717,915,965,373,11,1068,1337,1218,726,269,1434043
2015,1,11350700,상계8동,893,276,617,2,83,207,292,230,79,2,15,32,53,110,64,0,68,175,239,120,15,668937
2015,1,11350710,상계9동,1186,442,744,3,122,320,357,280,104,1,26,79,115,142,79,2,96,241,242,138,25,833448
2015,1,11350720,상계10동,963,352,611,0,98,193,290,291,91,0,21,54,101,127,49,0,77,139,189,164,42,802642
2015,1,11380510,녹번동,6464,3285,3179,15,660,1546,1765,1718,760,3,216,711,921,990,444,12,444,835,844,728,316,1923020
2015,1,11380520,불광1동,2640,1099,1541,13,507,830,636,473,181,10,124,334,307,216,108,3,383,496,329,257,73,2948578
2015,1,11380530,불광2동,2958,1445,1513,11,360,692,844,778,273,10,125,307,426,434,143,1,235,385,418,344,130,1756596
2015,1,11380551,갈현1동,1945,884,1061,12,306,447,527,403,250,8,80,201,241,209,145,4,226,246,286,194,105,909869
2015,1,11380552,갈현2동,2630,1031,1599,8,340,651,694,703,234,3,104,295,251,254,124,5,236,356,443,449,110,1018512
2015,1,11380560,구산동,3900,1765,2135,14,477,784,925,1223,477,5,136,309,388,661,266,9,341,475,537,562,211,1316383
2015,1,11380570,대조동,2948,1281,1667,13,382,702,857,620,374,3,98,297,352,301,230,10,284,405,505,319,144,867572
2015,1,11380580,응암1동,3526,1675,1851,12,417,895,963,852,387,5,146,399,427,423,275,7,271,496,536,429,112,1126418
2015,1,11380590,응암2동,1033,506,527,1,119,216,287,292,118,0,23,67,144,184,88,1,96,149,143,108,30,554079
2015,1,11380600,응암3동,2556,1020,1536,8,370,591,712,590,285,2,107,246,278,235,152,6,263,345,434,355,133,933101
2015,1,11380625,역촌동,3370,1449,1921,4,353,732,943,873,465,2,127,342,392,333,253,2,226,390,551,540,212,1138805
2015,1,11380631,신사1동,1812,899,913,8,249,365,496,459,235,1,84,164,246,234,170,7,165,201,250,225,65,823498
2015,1,11380632,신사2동,1243,728,515,2,101,230,339,355,216,1,21,98,191,237,180,1,80,132,148,118,36,1050676
2015,1,11380640,증산동,2226,1396,830,10,224,446,586,612,348,7,83,245,331,433,297,3,141,201,255,179,51,929526
2015,1,11380650,수색동,1567,741,826,5,305,416,351,311,179,4,48,168,181,207,133,1,257,248,170,104,46,1169504
2015,1,11380690,진관동,2816,1391,1425,8,269,542,853,869,275,4,60,211,393,531,192,4,209,331,460,338,83,12836383
2015,1,11410520,천연동,1064,457,607,2,109,266,295,271,121,2,28,100,129,118,80,0,81,166,166,153,41,866603
2015,1,11410555,북아현동,943,411,532,0,114,163,249,287,130,0,25,80,92,145,69,0,89,83,157,142,61,461555
2015,1,11410565,충현동,23811,13510,10301,51,3860,8479,6655,3719,1047,26,1498,4622,4203,2435,726,25,2362,3857,2452,1284,321,1139343
2015,1,11410585,신촌동,17272,7054,10218,65,4534,5532,3945,2417,779,25,1176,2007,1931,1393,522,40,3358,3525,2014,1024,257,2504686
2015,1,11410615,연희동,7405,4044,3361,25,905,1893,1950,1856,776,6,326,964,1039,1199,510,19,579,929,911,657,266,2965760
2015,1,11410620,홍제1동,1505,624,881,1,246,374,404,321,159,1,42,144,188,134,115,0,204,230,216,187,44,1492096
2015,1,11410640,홍제3동,1436,555,881,0,191,303,376,325,241,0,47,112,141,128,127,0,144,191,235,197,114,1093373
2015,1,11410655,홍제2동,724,338,386,0,85,141,199,196,103,0,35,73,82,83,65,0,50,68,117,113,38,705399
2015,1,11410660,홍은1동,780,285,495,0,82,171,211,199,117,0,23,62,73,58,69,0,59,109,138,141,48,1538023
2015,1,11410685,홍은2동,3555,1867,1688,5,574,816,916,834,410,3,182,366,489,515,312,2,392,450,427,319,98,2049745
2015,1,11410690,남가좌1동,630,377,253,1,85,118,165,162,99,0,14,48,112,128,75,1,71,70,53,34,24,484765
2015,1,11410700,남가좌2동,1403,637,766,3,187,371,386,308,148,1,51,160,158,171,96,2,136,211,228,137,52,787125
2015,1,11410710,북가좌1동,1310,806,504,6,113,202,351,354,284,2,28,98,192,257,229,4,85,104,159,97,55,562752
2015,1,11410720,북가좌2동,2432,1277,1155,8,259,468,618,716,363,5,96,237,319,383,237,3,163,231,299,333,126,806705
2015,1,11440555,아현동,20669,12534,8135,106,3794,7492,5521,3038,718,40,1382,4593,3881,2142,496,66,2412,2899,1640,896,222,870645
2015,1,11440565,공덕동,9123,5836,3287,29,1759,2424,3027,1267,617,10,758,1430,2366,906,366,19,1001,994,661,361,251,891209
2015,1,11440585,도화동,11892,6424,5468,58,2754,3315,2833,1847,1085,29,1075,1908,1604,1065,743,29,1679,1407,1229,782,342,863516
2015,1,11440590,용강동,15608,9348,6260,38,2176,4503,3675,3449,1767,16,932,2963,2455,1820,1162,22,1244,1540,1220,1629,605,910388
2015,1,11440600,대흥동,8256,4178,4078,102,2029,2391,1626,1260,848,39,717,1235,975,721,491,63,1312,1156,651,539,357,854083
2015,1,11440610,염리동,17531,10522,7009,193,2175,3454,5673,5819,217,71,662,1573,2953,5118,145,122,1513,1881,2720,701,72,549601
2015,1,11440630,신수동,3827,2110,1717,11,617,1169,1117,641,272,5,201,643,698,365,198,6,416,526,419,276,74,914314
2015,1,11440655,서강동,8349,4658,3691,36,1782,2363,1723,1318,1127,9,616,1454,1198,791,590,27,1166,909,525,527,537,1890596
2015,1,11440660,서교동,42764,22604,20160,547,11294,13210,8789,5639,3285,213,4213,7467,5378,3089,2244,334,7081,5743,3411,2550,1041,1641475
2015,1,11440680,합정동,9077,5208,3869,43,2167,3188,2146,1077,456,10,726,1942,1504,700,326,33,1441,1246,642,377,130,1792621
2015,1,11440690,망원1동,2886,1110,1776,13,366,517,583,510,897,5,123,275,302,182,223,8,243,242,281,328,674,1111518
2015,1,11440700,망원2동,2804,1264,1540,3,400,777,873,513,238,1,151,407,351,189,165,2,249,370,522,324,73,1209563
2015,1,11440710,연남동,3762,2141,1621,10,745,1187,960,582,278,2,263,698,580,382,216,8,482,489,380,200,62,641653
2015,1,11440720,성산1동,9599,6504,3095,45,1291,2284,1971,1418,2590,33,567,1430,1247,882,2345,12,724,854,724,536,245,855779
2015,1,11440730,성산2동,6566,2602,3964,24,469,863,1496,2323,1391,19,227,467,713,694,482,5,242,396,783,1629,909,1990923
2015,1,11440740,상암동,30005,17939,12066,417,9304,10739,6241,2438,866,161,3822,6645,4729,1896,686,256,5482,4094,1512,542,180,7646126
2015,1,11470510,목1동,13524,8689,4835,62,2190,4371,3890,2214,797,29,931,2748,2847,1576,558,33,1259,1623,1043,638,239,1572490
2015,1,11470520,목2동,2139,1132,1007,3,299,652,561,443,181,2,119,373,291,226,121,1,180,279,270,217,60,1021500
2015,1,11470530,목3동,1555,687,868,6,219,390,437,359,144,2,68,184,177,159,97,4,151,206,260,200,47,533074
2015,1,11470540,목4동,2172,1171,1001,19,238,417,579,618,301,12,94,236,279,338,212,7,144,181,300,280,89,578170
2015,1,11470550,목5동,5975,2257,3718,15,1181,1650,1456,1017,656,6,225,511,556,513,446,9,956,1139,900,504,210,2055129
2015,1,11470560,신월1동,2382,1466,916,5,177,487,747,704,262,2,65,287,436,471,205,3,112,200,311,233,57,625887
2015,1,11470570,신월2동,2053,1056,997,5,176,384,611,618,259,2,63,177,295,350,169,3,113,207,316,268,90,608140
2015,1,11470580,신월3동,2464,1324,1140,10,228,515,695,728,288,7,84,240,317,453,223,3,144,275,378,275,65,932122
2015,1,11470590,신월4동,1860,1089,771,3,169,342,460,572,314,0,63,170,233,367,256,3,106,172,227,205,58,470224
2015,1,11470600,신월5동,2625,1604,1021,3,215,386,534,548,939,2,56,155,219,281,891,1,159,231,315,267,48,523363
2015,1,11470610,신월6동,1274,667,607,8,166,216,366,380,138,4,49,96,178,226,114,4,117,120,188,154,24,437027
2015,1,11470611,신월7동,3577,2448,1129,8,306,576,1032,1042,613,5,181,354,676,729,503,3,125,222,356,313,110,1403954
2015,1,11470620,신정1동,2248,1154,1094,2,230,546,643,502,325,2,72,266,354,251,209,0,158,280,289,251,116,722680
2015,1,11470630,신정2동,1663,695,968,2,218,357,493,395,198,1,53,160,185,160,136,1,165,197,308,235,62,594999
2015,1,11470640,신정3동,5107,2844,2263,4,552,967,1363,1326,895,3,165,438,671,822,745,1,387,529,692,504,150,2650845
2015,1,11470650,신정4동,8242,4683,3559,9,1083,1741,1908,1773,1728,5,399,932,993,931,1423,4,684,809,915,842,305,996406
2015,1,11470670,신정6동,5043,2783,2260,10,507,1270,1429,1435,392,6,218,591,716,1000,252,4,289,679,713,435,140,972556
2015,1,11470680,신정7동,1905,873,1032,4,210,424,585,469,213,0,59,188,280,222,124,4,151,236,305,247,89,1144112
2015,1,11500510,염창동,10652,6751,3901,80,1613,3259,2853,1921,926,43,679,2081,1956,1267,725,37,934,1178,897,654,201,1957926
2015,1,11500520,등촌1동,9129,5582,3547,144,1725,2550,2330,1638,742,98,756,1611,1581,1040,496,46,969,939,749,598,246,649434
2015,1,11500530,등촌2동,2099,1212,887,2,241,486,553,573,244,2,70,227,332,376,205,0,171,259,221,197,39,908847
2015,1,11500535,등촌3동,17457,9332,8125,119,3189,3809,4144,4723,1473,84,1511,2450,2323,2035,929,35,1678,1359,1821,2688,544,1049363
2015,1,11500540,화곡1동,3805,1839,1966,16,510,995,1073,858,353,7,171,523,528,394,216,9,339,472,545,464,137,1194778
2015,1,11500550,화곡2동,1285,535,750,3,156,313,406,310,97,2,56,162,154,103,58,1,100,151,252,207,39,456061
2015,1,11500560,화곡3동,1521,637,884,7,218,292,404,411,189,2,62,135,182,146,110,5,156,157,222,265,79,515596
2015,1,11500570,화곡4동,1581,729,852,4,237,364,456,392,128,0,77,188,190,191,83,4,160,176,266,201,45,853460
2015,1,11500590,화곡본동,2378,958,1420,7,343,597,616,479,336,4,63,246,228,195,222,3,280,351,388,284,114,1007050
2015,1,11500591,화곡6동,8699,5453,3246,18,933,2264,2338,2229,917,5,412,1345,1446,1579,666,13,521,919,892,650,251,1034624
2015,1,11500593,화곡8동,1076,448,628,5,143,246,297,229,156,0,49,101,115,84,99,5,94,145,182,145,57,567208
2015,1,11500603,가양1동,7576,4947,2629,36,1089,2074,2126,1570,681,25,586,1367,1378,1079,512,11,503,707,748,491,169,5908521
2015,1,11500604,가양2동,2283,1083,1200,13,362,533,455,455,465,6,124,220,192,191,350,7,238,313,263,264,115,996881
2015,1,11500605,가양3동,4869,3065,1804,27,870,1687,1308,725,252,12,405,1149,894,425,180,15,465,538,414,300,72,691403
2015,1,11500611,발산1동,5767,3248,2519,13,623,1222,1585,1616,708,5,179,619,870,1024,551,8,444,603,715,592,157,3032326
2015,1,11500615,우장산동,3572,1568,2004,60,605,851,881,793,382,26,187,400,411,311,233,34,418,451,470,482,149,1268459
2015,1,11500620,공항동,34623,19290,15333,36,7291,11842,10116,4565,773,15,1569,5280,7673,4083,670,21,5722,6562,2443,482,103,11377979
2015,1,11500630,방화1동,7177,4914,2263,13,930,1756,2135,1755,588,4,588,1292,1529,1169,332,9,342,464,606,586,256,1125789
2015,1,11500640,방화2동,3776,2484,1292,11,398,882,955,1000,530,10,195,581,579,716,403,1,203,301,376,284,127,5564098
2015,1,11500641,방화3동,3094,1889,1205,6,303,682,782,864,457,3,73,309,480,652,372,3,230,373,302,212,85,1964100
2015,1,11530510,신도림동,9062,5437,3625,43,1706,2905,2314,1504,590,19,710,1741,1459,1042,466,24,996,1164,855,462,124,1312211
2015,1,11530520,구로1동,2151,1009,1142,4,247,584,482,363,471,2,110,338,249,161,149,2,137,246,233,202,322,1004193
2015,1,11530530,구로2동,26015,14432,11583,104,4714,8365,6441,4559,1832,34,1705,4203,3983,3131,1376,70,3009,4162,2458,1428,456,1807452
2015,1,11530540,구로3동,75059,47733,27326,432,18252,28300,16675,8104,3296,228,8926,19856,11568,4760,2395,204,9326,8444,5107,3344,901,1033159
2015,1,11530550,구로4동,2768,1261,1507,9,315,643,774,601,426,4,72,281,332,273,299,5,243,362,442,328,127,538215
2015,1,11530560,구로5동,18582,10579,8003,103,4131,5953,3848,3018,1529,57,1728,3552,2522,1791,929,46,2403,2401,1326,1227,600,1075552
2015,1,11530595,가리봉동,1282,516,766,6,122,267,317,311,259,6,34,121,120,118,117,0,88,146,197,193,142,415751
2015,1,11530720,고척1동,5096,3097,1999,18,509,1080,1323,1223,943,9,203,592,773,778,742,9,306,488,550,445,201,1100132
2015,1,11530730,고척2동,1809,888,921,9,241,425,574,406,154,4,88,205,260,219,112,5,153,220,314,187,42,1013917
2015,1,11530740,개봉1동,2839,1305,1534,6,347,581,809,741,355,2,114,302,335,341,211,4,233,279,474,400,144,1168155
2015,1,11530750,개봉2동,1179,473,706,2,168,276,362,250,121,1,20,115,140,117,80,1,148,161,222,133,41,825368
2015,1,11530760,개봉3동,2656,1588,1068,1,144,318,409,470,1314,0,49,118,167,232,1022,1,95,200,242,238,292,831642
2015,1,11530770,오류1동,2200,1059,1141,9,314,428,605,526,318,3,105,221,269,249,212,6,209,207,336,277,106,707130
2015,1,11530780,오류2동,3562,1887,1675,9,400,810,996,883,464,7,109,402,510,518,341,2,291,408,486,365,123,4314692
2015,1,11530790,수궁동,4121,2690,1431,14,490,954,1116,1103,444,9,247,639,682,745,368,5,243,315,434,358,76,2684146
2015,1,11545510,가산동,126912,81003,45909,3112,30332,43782,29072,14242,6372,1364,15153,30529,20203,9128,4626,1748,15179,13253,8869,5114,1746,2245346
2015,1,11545610,독산1동,15237,10448,4789,91,1947,3882,4387,3591,1339,67,1216,2883,2837,2397,1048,24,731,999,1550,1194,291,1956086
2015,1,11545620,독산2동,1341,644,697,3,156,277,384,341,180,0,39,121,165,183,136,3,117,156,219,158,44,596742
2015,1,11545630,독산3동,4905,2879,2026,12,532,787,1025,1010,1539,4,176,331,428,546,1394,8,356,456,597,464,145,982894
2015,1,11545640,독산4동,1924,1056,868,1,322,428,585,380,208,1,176,242,302,187,148,0,146,186,283,193,60,605029
2015,1,11545670,시흥1동,8520,4204,4316,74,1528,2316,1977,1802,823,34,638,1141,941,985,465,40,890,1175,1036,817,358,1437595
2015,1,11545680,시흥2동,1172,340,832,1,149,284,327,327,84,0,17,81,91,106,45,1,132,203,236,221,39,1170211
2015,1,11545690,시흥3동,9606,6452,3154,22,674,1931,2860,2494,1625,13,369,1274,1787,1669,1340,9,305,657,1073,825,285,1328458
2015,1,11545700,시흥4동,825,287,538,1,59,190,286,211,78,0,15,50,92,77,53,1,44,140,194,134,25,873884
2015,1,11545710,시흥5동,1879,1047,832,6,151,298,563,614,247,2,39,134,295,396,181,4,112,164,268,218,66,1368598
2015,1,11560515,영등포본동,2108,1011,1097,14,271,437,533,523,330,3,95,209,239,265,200,11,176,228,294,258,130,843586
2015,1,11560535,영등포동,20630,12528,8102,62,3418,5839,4859,3895,2557,27,1435,3620,3274,2520,1652,35,1983,2219,1585,1375,905,1390482
2015,1,11560540,여의동,266240,177302,88938,2801,63119,99886,64320,28503,7611,1148,29496,68582,51215,21975,4886,1653,33623,31304,13105,6528,2725,6703511
2015,1,11560550,당산1동,14181,8233,5948,15,1931,3713,3356,2860,2306,4,695,2113,1997,1923,1501,11,1236,1600,1359,937,805,746447
2015,1,11560560,당산2동,18952,10594,8358,91,3227,4480,4151,3820,3183,38,1282,2547,2378,2236,2113,53,1945,1933,1773,1584,1070,1526636
2015,1,11560585,도림동,1773,1136,637,6,175,345,470,454,323,1,73,203,311,317,231,5,102,142,159,137,92,539427
2015,1,11560605,문래동,32461,21675,10786,171,6797,10805,7784,4674,2230,90,3696,7432,5352,3248,1857,81,3101,3373,2432,1426,373,1738475
2015,1,11560610,양평1동,18948,10741,8207,166,3923,4748,4549,3756,1806,106,1848,3042,2530,1907,1308,60,2075,1706,2019,1849,498,869573
2015,1,11560620,양평2동,32353,17596,14757,186,6698,12259,8693,3470,1047,91,2842,6906,4769,2128,860,95,3856,5353,3924,1342,187,2573400
2015,1,11560630,신길1동,5022,2825,2197,8,656,1124,1016,1352,866,4,273,757,540,743,508,4,383,367,476,609,358,762886
2015,1,11560650,신길3동,1609,923,686,1,150,328,425,405,300,0,45,184,233,238,223,1,105,144,192,167,77,510335
2015,1,11560660,신길4동,1193,634,559,6,191,355,340,216,85,3,75,204,187,113,52,3,116,151,153,103,33,298738
2015,1,11560670,신길5동,969,496,473,1,121,225,234,261,127,1,34,113,124,131,93,0,87,112,110,130,34,498387
2015,1,11560680,신길6동,2393,1191,1202,11,256,572,640,526,388,2,65,275,321,282,246,9,191,297,319,244,142,676005
2015,1,11560690,신길7동,2485,1526,959,1,458,482,589,655,300,0,323,326,356,333,188,1,135,156,233,322,112,599547
2015,1,11560700,대림1동,2523,1000,1523,6,680,653,598,394,192,4,140,275,275,181,125,2,540,378,323,213,67,493503
2015,1,11560710,대림2동,2252,1027,1225,5,305,580,669,428,265,1,97,232,265,229,203,4,208,348,404,199,62,574495
2015,1,11560720,대림3동,7596,4411,3185,21,1041,1800,2049,1763,922,4,531,1168,1278,923,507,17,510,632,771,840,415,933892
2015,1,11590510,노량진1동,4499,2778,1721,13,538,1080,1250,1107,511,11,193,649,834,729,362,2,345,431,416,378,149,1876800
2015,1,11590520,노량진2동,4098,2147,1951,3,552,1149,983,956,455,2,261,458,512,628,286,1,291,691,471,328,169,619921
2015,1,11590530,상도1동,3771,1793,1978,8,571,984,1052,791,365,5,175,428,531,420,234,3,396,556,521,371,131,1492421
2015,1,11590540,상도2동,2529,1160,1369,9,305,623,807,577,208,4,76,294,390,286,110,5,229,329,417,291,98,771971
2015,1,11590550,상도3동,1038,426,612,6,120,228,277,278,129,2,25,96,105,124,74,4,95,132,172,154,55,662403
2015,1,11590560,상도4동,1524,563,961,1,230,363,442,322,166,0,54,141,183,113,72,1,176,222,259,209,94,947172
2015,1,11590605,흑석동,5240,2490,2750,7,1097,1468,1408,903,357,0,271,579,762,596,282,7,826,889,646,307,75,2062251
2015,1,11590620,사당1동,4693,2511,2182,31,929,1239,1258,784,452,10,263,678,771,462,327,21,666,561,487,322,125,630335
2015,1,11590630,사당2동,2670,1260,1410,16,409,677,684,581,303,6,128,345,321,286,174,10,281,332,363,295,129,3064442
2015,1,11590640,사당3동,2182,1155,1027,5,288,447,526,446,470,0,92,227,270,236,330,5,196,220,256,210,140,898029
2015,1,11590650,사당4동,1084,572,512,0,116,230,256,253,229,0,30,98,127,141,176,0,86,132,129,112,53,431219
2015,1,11590651,사당5동,928,437,491,1,142,264,261,188,72,0,61,117,120,87,52,1,81,147,141,101,20,658780
2015,1,11590660,대방동,9256,5407,3849,55,1243,2690,2117,1972,1179,9,458,1759,1388,1068,725,46,785,931,729,904,454,1591876
2015,1,11590670,신대방1동,3409,1907,1502,9,442,708,697,841,712,3,156,412,398,486,452,6,286,296,299,355,260,685547
2015,1,11590680,신대방2동,19606,10631,8975,130,3395,5126,4171,4567,2217,55,1720,3318,2260,2180,1098,75,1675,1808,1911,2387,1119,1024271
2015,1,11620525,보라매동,5090,2202,2888,11,785,1699,1748,541,306,6,205,624,904,261,202,5,580,1075,844,280,104,758003
2015,1,11620545,청림동,464,208,256,9,74,115,116,95,55,8,20,42,53,46,39,1,54,73,63,49,16,305629
2015,1,11620565,성현동,1066,399,667,4,129,261,357,228,87,0,37,90,107,102,63,4,92,171,250,126,24,695625
2015,1,11620575,행운동,3058,1586,1472,15,576,834,733,571,329,8,231,471,397,288,191,7,345,363,336,283,138,739229
2015,1,11620585,낙성대동,11324,6429,4895,19,1506,3604,2711,2329,1155,9,476,1755,1601,1628,960,10,1030,1849,1110,701,195,2341406
2015,1,11620595,청룡동,7085,4071,3014,11,762,1746,1945,1832,789,5,298,909,1120,1229,510,6,464,837,825,603,279,1186204
2015,1,11620605,은천동,3430,1555,1875,9,471,662,835,905,548,3,156,316,389,400,291,6,315,346,446,505,257,738181
2015,1,11620615,중앙동,1891,944,947,4,297,516,488,341,245,1,91,277,273,160,142,3,206,239,215,181,103,385136
2015,1,11620625,인헌동,2822,1445,1377,2,402,685,686,563,484,2,145,377,308,278,335,0,257,308,378,285,149,709688
2015,1,11620630,남현동,3354,2143,1211,23,538,843,841,691,418,15,289,545,560,436,298,8,249,298,281,255,120,4218667
2015,1,11620645,서원동,3338,1519,1819,44,614,700,671,704,605,17,200,340,305,305,352,27,414,360,366,399,253,642690
2015,1,11620655,신원동,859,328,531,2,98,197,216,218,128,0,21,75,92,82,58,2,77,122,124,136,70,549115
2015,1,11620665,서림동,1223,763,460,3,112,235,322,361,190,2,40,120,183,252,166,1,72,115,139,109,24,981577
2015,1,11620685,신사동,2086,1111,975,6,301,449,534,520,276,1,141,250,286,267,166,5,160,199,248,253,110,609167
2015,1,11620695,신림동,2116,1075,1041,11,385,498,518,417,287,2,133,279,266,209,186,9,252,219,252,208,101,507666
2015,1,11620715,난향동,1279,461,818,17,129,220,297,357,259,16,34,68,93,89,161,1,95,152,204,268,98,786985
2015,1,11620725,조원동,3648,2269,1379,12,409,882,1055,862,428,4,218,565,641,540,301,8,191,317,414,322,127,652569
2015,1,11620735,대학동,1910,1136,774,6,202,431,531,537,203,3,71,233,309,361,159,3,131,198,222,176,44,8107585
2015,1,11620745,삼성동,1086,485,601,8,164,215,261,293,145,5,38,75,102,157,108,3,126,140,159,136,37,2591742
2015,1,11620765,미성동,3086,1592,1494,3,346,581,877,760,519,0,95,271,444,431,351,3,251,310,433,329,168,1355300
2015,1,11620775,난곡동,914,388,526,2,110,256,256,224,66,1,21,96,107,126,37,1,89,160,149,98,29,982294
2015,1,11650510,서초1동,36062,20097,15965,343,9816,11277,7953,4467,2206,156,4082,7139,4724,2440,1556,187,5734,4138,3229,2027,650,1383210
2015,1,11650520,서초2동,64699,47902,16797,237,11940,22220,17662,9104,3536,146,7036,16733,14314,7119,2554,91,4904,5487,3348,1985,982,1229759
2015,1,11650530,서초3동,74399,42439,31960,377,14813,24024,19011,10829,5345,153,5443,13377,12395,7022,4049,224,9370,10647,6616,3807,1296,3027494
2015,1,11650531,서초4동,23580,12881,10699,146,6529,8230,4717,2704,1254,35,2270,4701,3206,1799,870,111,4259,3529,1511,905,384,882770
2015,1,11650540,잠원동,18681,12111,6570,101,3847,6544,4374,2205,1610,45,1593,4507,3275,1489,1202,56,2254,2037,1099,716,408,1840832
2015,1,11650550,반포본동,1223,661,562,1,146,309,320,309,138,0,53,141,170,212,85,1,93,168,150,97,53,1491264
2015,1,11650560,반포1동,7091,4147,2944,25,1549,2473,1484,924,636,16,639,1543,977,558,414,9,910,930,507,366,222,1000549
2015,1,11650570,반포2동,1941,1041,900,27,353,552,513,345,151,11,120,273,298,223,116,16,233,279,215,122,35,1258050
2015,1,11650580,반포3동,7517,3526,3991,97,1496,2247,1778,1144,755,47,740,1036,909,406,388,50,756,1211,869,738,367,1325140
2015,1,11650581,반포4동,28944,12343,16601,95,7885,9211,6577,3369,1807,32,1892,4163,3355,1848,1053,63,5993,5048,3222,1521,754,1416005
2015,1,11650590,방배본동,7628,3806,3822,14,1217,2042,1862,1570,923,8,494,1250,887,593,574,6,723,792,975,977,349,660469
2015,1,11650600,방배1동,11072,5926,5146,85,2811,3759,2409,1340,668,23,1021,2207,1421,782,472,62,1790,1552,988,558,196,691215
2015,1,11650610,방배2동,21558,15804,5754,40,1835,3808,7593,6706,1576,19,786,2549,5885,5315,1250,21,1049,1259,1708,1391,326,1901725
2015,1,11650620,방배3동,9790,6216,3574,91,1801,2973,2171,1615,1139,32,733,1864,1588,1098,901,59,1068,1109,583,517,238,2411856
2015,1,11650621,방배4동,12153,6540,5613,71,2409,3516,3107,1918,1132,25,969,2047,1693,1023,783,46,1440,1469,1414,895,349,954529
2015,1,11650651,양재1동,31670,19462,12208,197,5756,9960,7133,4717,3907,105,2450,6461,4867,3002,2577,92,3306,3499,2266,1715,1330,5711370
2015,1,11650652,양재2동,119036,99449,19587,248,13883,30183,40988,30522,3212,126,9615,24412,35816,27086,2394,122,4268,5771,5172,3436,818,7516954
2015,1,11650660,내곡동,4800,3270,1530,11,662,1417,1217,1054,439,5,263,898,912,859,333,6,399,519,305,195,106,13190710
2015,1,11680510,신사동,22588,10661,11927,182,7100,7485,4317,2218,1286,58,2090,3881,2524,1244,864,124,5010,3604,1793,974,422,1736994
2015,1,11680521,논현1동,40509,21743,18766,230,10667,13957,8153,4639,2863,77,3608,7988,5293,2745,2032,153,7059,5969,2860,1894,831,1254345
2015,1,11680531,논현2동,64836,36754,28082,415,17106,22652,13427,7102,4134,163,6151,13061,9371,5106,2902,252,10955,9591,4056,1996,1232,1445565
2015,1,11680545,압구정동,30921,13606,17315,310,9813,10381,5336,3233,1848,114,2994,4961,2904,1615,1018,196,6819,5420,2432,1618,830,2520945
2015,1,11680565,청담동,39977,19762,20215,258,11008,14454,7986,3845,2426,51,3129,7404,5098,2343,1737,207,7879,7050,2888,1502,689,2384707
2015,1,11680580,삼성1동,104802,69724,35078,1040,21804,35207,24706,16878,5167,654,9844,23557,18991,13102,3576,386,11960,11650,5715,3776,1591,1926134
2015,1,11680590,삼성2동,49720,24973,24747,553,15340,15159,9864,6105,2699,287,5963,8789,5113,3040,1781,266,9377,6370,4751,3065,918,1247821
2015,1,11680600,대치1동,3024,1326,1698,25,612,906,678,502,301,9,148,345,345,264,215,16,464,561,333,238,86,795761
2015,1,11680610,대치2동,58469,35769,22700,606,12675,20147,13015,7913,4113,166,5318,13274,9428,4884,2699,440,7357,6873,3587,3029,1414,2043875
2015,1,11680630,대치4동,31102,18773,12329,190,6554,11503,7841,3495,1519,45,2631,7180,5372,2452,1093,145,3923,4323,2469,1043,426,717795
2015,1,11680640,역삼1동,203483,112462,91021,1246,42711,67744,54563,27595,9624,655,18095,42546,31739,13490,5937,591,24616,25198,22824,14105,3687,2360116
2015,1,11680650,역삼2동,42185,24342,17843,290,10936,13894,9429,5148,2488,129,4190,8378,6418,3494,1733,161,6746,5516,3011,1654,755,1127531
2015,1,11680655,도곡1동,20856,9052,11804,235,4085,5981,6644,2879,1032,112,1693,3135,2148,1242,722,123,2392,2846,4496,1637,310,1022697
2015,1,11680656,도곡2동,17168,10409,6759,44,2858,5288,4409,2447,2122,9,1160,3340,3225,1582,1093,35,1698,1948,1184,865,1029,1025651
2015,1,11680660,개포1동,1123,680,443,2,181,276,232,239,193,0,72,162,131,159,156,2,109,114,101,80,37,973078
2015,1,11680670,개포2동,2190,1114,1076,3,227,388,570,704,298,1,59,148,281,405,220,2,168,240,289,299,78,2371826
2015,1,11680690,개포4동,7973,5042,2931,33,1065,2247,2050,1522,1056,23,495,1510,1342,923,749,10,570,737,708,599,307,1561449
2015,1,11680700,세곡동,2762,1494,1268,4,331,602,696,703,426,0,98,296,347,425,328,4,233,306,349,278,98,5894759
2015,1,11680720,일원본동,7233,1931,5302,10,2339,2925,1313,499,147,1,339,749,484,240,118,9,2000,2176,829,259,29,2381558
2015,1,11680730,일원1동,3418,1868,1550,17,419,664,780,876,662,11,198,385,436,440,398,6,221,279,344,436,264,947888
2015,1,11680740,일원2동,12264,9701,2563,113,3902,3815,2307,1663,464,88,3228,3179,1775,1170,261,25,674,636,532,493,203,1043911
2015,1,11680750,수서동,18886,10258,8628,62,3218,6148,4717,3017,1724,42,1453,3393,2316,1661,1393,20,1765,2755,2401,1356,331,1648393
2015,1,11710510,풍납1동,1323,644,679,1,138,315,387,316,166,1,41,133,181,176,112,0,97,182,206,140,54,1057487
2015,1,11710520,풍납2동,13247,4419,8828,4,3513,4580,2844,1632,674,1,602,1314,1175,909,418,3,2911,3266,1669,723,256,1999222
2015,1,11710531,거여1동,3668,2711,957,35,1112,1031,728,464,298,33,955,792,504,247,180,2,157,239,224,217,118,512307
2015,1,11710532,거여2동,2104,781,1323,10,267,448,604,549,226,6,76,197,218,178,106,4,191,251,386,371,120,510046
2015,1,11710540,마천1동,1040,475,565,2,98,201,312,275,152,2,21,76,128,149,99,0,77,125,184,126,53,504704
2015,1,11710550,마천2동,2768,1573,1195,4,258,628,792,758,328,0,115,353,458,423,224,4,143,275,334,335,104,936181
2015,1,11710561,방이1동,6052,3787,2265,29,828,1366,1383,1155,1291,13,314,786,804,750,1120,16,514,580,579,405,171,581968
2015,1,11710562,방이2동,17391,10050,7341,95,2639,4833,4279,3508,2037,53,1371,3092,2376,1765,1393,42,1268,1741,1903,1743,644,763928
2015,1,11710566,오륜동,3277,2019,1258,20,659,808,868,752,170,13,368,479,515,502,142,7,291,329,353,250,28,3150411
2015,1,11710570,오금동,12197,7446,4751,22,1123,2678,2757,2468,3149,17,500,1756,1730,1390,2053,5,623,922,1027,1078,1096,1691111
2015,1,11710580,송파1동,6551,3894,2657,18,936,1650,1617,1423,907,6,428,1036,996,816,612,12,508,614,621,607,295,683881
2015,1,11710590,송파2동,5035,2508,2527,48,1127,1585,1171,821,283,15,357,899,689,372,176,33,770,686,482,449,107,636016
2015,1,11710600,석촌동,9603,5934,3669,46,1605,2782,2247,1748,1175,29,804,1880,1388,1055,778,17,801,902,859,693,397,943819
2015,1,11710610,삼전동,6791,4222,2569,15,776,1527,1544,1463,1466,8,314,953,915,836,1196,7,462,574,629,627,270,992437
2015,1,11710620,가락본동,26074,15641,10433,129,4601,7259,6451,4800,2834,74,2158,4429,4156,2808,2016,55,2443,2830,2295,1992,818,1024764
2015,1,11710631,가락1동,8485,6271,2214,9,514,1707,2653,2339,1263,4,382,1402,1990,1580,913,5,132,305,663,759,350,1357317
2015,1,11710632,가락2동,8108,4732,3376,48,1380,2257,2080,1487,856,23,647,1405,1205,812,640,25,733,852,875,675,216,934057
2015,1,11710641,문정1동,5207,3249,1958,23,757,1399,1343,932,753,12,352,905,857,555,568,11,405,494,486,377,185,604321
2015,1,11710642,문정2동,8556,5793,2763,40,1378,2590,2294,1525,729,20,719,1782,1649,1044,579,20,659,808,645,481,150,2387651
2015,1,11710646,장지동,8010,5252,2758,33,819,1614,2202,2052,1290,11,329,1053,1462,1440,957,22,490,561,740,612,333,1295680
2015,1,11710647,위례동,890,692,198,0,29,108,329,381,43,0,4,58,270,327,33,0,25,50,59,54,10,2626871
2015,1,11710650,잠실본동,12600,7370,5230,52,2216,3352,3091,2432,1457,18,843,1949,1882,1584,1094,34,1373,1403,1209,848,363,1136161
2015,1,11710670,잠실2동,2758,1539,1219,4,497,811,762,541,143,1,227,458,430,323,100,3,270,353,332,218,43,2886358
2015,1,11710680,잠실3동,4441,1968,2473,195,1489,941,941,655,220,78,590,415,432,350,103,117,899,526,509,305,117,1506573
2015,1,11710690,잠실4동,1201,602,599,0,219,394,330,167,91,0,66,213,172,84,67,0,153,181,158,83,24,838370
2015,1,11710710,잠실6동,57651,33042,24609,543,11384,18015,17908,7907,1894,277,5796,11777,9599,4303,1290,266,5588,6238,8309,3604,604,1403041
2015,1,11710720,잠실7동,557,240,317,0,54,128,154,173,48,0,15,50,61,82,32,0,39,78,93,91,16,675008
2015,1,11740515,강일동,9821,7611,2210,40,1889,3488,2442,1451,511,29,1091,2743,2051,1239,458,11,798,745,391,212,53,3722759
2015,1,11740520,상일동,3060,1264,1796,1,574,971,694,621,199,1,124,329,296,355,159,0,450,642,398,266,40,1801282
2015,1,11740530,명일1동,2520,1069,1451,10,369,477,620,612,432,3,97,227,270,223,249,7,272,250,350,389,183,630284
2015,1,11740540,명일2동,2042,926,1116,6,289,438,571,520,218,2,72,196,253,248,155,4,217,242,318,272,63,920946
2015,1,11740550,고덕1동,1126,492,634,1,160,246,298,285,136,0,32,107,131,138,84,1,128,139,167,147,52,1906565
2015,1,11740560,고덕2동,1356,592,764,1,121,272,383,458,121,1,35,124,144,219,69,0,86,148,239,239,52,2408099
2015,1,11740570,암사1동,2033,1072,961,10,220,472,563,506,262,7,74,252,286,284,169,3,146,220,277,222,93,738366
2015,1,11740580,암사2동,2363,1009,1354,19,373,527,736,510,198,14,120,241,265,221,148,5,253,286,471,289,50,2337773
2015,1,11740590,암사3동,1047,437,610,3,167,255,269,298,55,1,32,104,101,161,38,2,135,151,168,137,17,1843902
2015,1,11740600,천호1동,2770,1352,1418,6,328,524,644,693,575,3,105,233,308,344,359,3,223,291,336,349,216,669571
2015,1,11740610,천호2동,7055,3633,3422,32,1117,1622,1628,1497,1159,16,400,829,834,748,806,16,717,793,794,749,353,1828343
2015,1,11740620,천호3동,3430,2012,1418,17,462,900,817,767,467,2,180,584,477,467,302,15,282,316,340,300,165,569450
2015,1,11740640,성내1동,12811,8052,4759,37,1614,3490,3542,2814,1314,16,659,2035,2286,2050,1006,21,955,1455,1256,764,308,658437
2015,1,11740650,성내2동,3428,1783,1645,30,557,795,857,750,439,12,188,407,454,410,312,18,369,388,403,340,127,624632
2015,1,11740660,성내3동,5618,3176,2442,21,813,1477,1361,1115,831,10,339,894,778,637,518,11,474,583,583,478,313,641973
2015,1,11740685,길동,9470,4881,4589,35,1589,2566,2377,1866,1037,21,574,1411,1304,886,685,14,1015,1155,1073,980,352,1590598
2015,1,11740690,둔촌1동,783,460,323,1,71,153,168,209,181,1,26,66,68,131,168,0,45,87,100,78,13,897261
2015,1,11740700,둔촌2동,8492,5014,3478,14,1962,2806,1777,1380,553,9,990,1869,960,808,378,5,972,937,817,572,175,1592001
2015,2,11110515,청운효자동,5930,3745,2185,10,1068,2248,1392,906,306,4,490,1535,941,562,213,6,578,713,451,344,93,2429899
2015,2,11110530,사직동,65048,39964,25084,143,10150,21385,17596,10606,5168,21,3679,12429,13315,7457,3063,122,6471,8956,4281,3149,2105,1161995
2015,2,11110540,삼청동,3867,2018,1849,15,671,1219,1033,726,203,7,209,633,625,436,108,8,462,586,408,290,95,1391632
2015,2,11110550,부암동,2788,1429,1359,4,615,722,782,467,198,2,173,398,477,260,119,2,442,324,305,207,79,2221363
2015,2,11110560,평창동,2310,1081,1229,2,324,573,564,555,292,0,99,271,299,249,163,2,225,302,265,306,129,8346900
2015,2,11110570,무악동,545,182,363,0,94,171,141,81,58,0,10,43,51,32,46,0,84,128,90,49,12,453220
2015,2,11110580,교남동,1147,669,478,2,74,285,351,262,173,1,19,149,223,155,122,1,55,136,128,107,51,355267
2015,2,11110600,가회동,18377,15330,3047,10,2988,7041,5190,2406,742,4,2054,5742,4708,2182,640,6,934,1299,482,224,102,565302
2015,2,11110615,종로1.2.3.4가동,137267,83799,53468,1049,22404,46072,38863,22029,6850,506,8947,25920,27184,16455,4787,543,13457,20152,11679,5574,2063,2430999
2015,2,11110630,종로5.6가동,21135,14132,7003,210,3763,6940,5680,3274,1268,73,1885,4777,4161,2359,877,137,1878,2163,1519,915,391,599631
2015,2,11110640,이화동,5848,2953,2895,16,1061,1747,1425,1110,489,1,344,860,839,594,315,15,717,887,586,516,174,747067
2015,2,11110650,혜화동,4680,2540,2140,14,753,1282,1165,914,552,2,293,638,675,558,374,12,460,644,490,356,178,1161303
2015,2,11110670,창신1동,2400,1067,1333,12,324,686,657,461,260,5,109,298,248,232,175,7,215,388,409,229,85,297271
2015,2,11110680,창신2동,735,314,421,0,90,196,181,180,88,0,20,97,86,74,37,0,70,99,95,106,51,257188
2015,2,11110690,창신3동,347,180,167,1,31,88,79,103,45,1,9,30,38,64,38,0,22,58,41,39,7,216230
2015,2,11110700,숭인1동,600,285,315,0,78,131,161,147,83,0,32,56,72,78,47,0,46,75,89,69,36,236777
2015,2,11110710,숭인2동,2722,1526,1196,4,353,610,654,563,538,0,139,360,376,287,364,4,214,250,278,276,174,359384
2015,2,11140520,소공동,141730,81910,59820,472,30181,48799,40427,19118,2733,135,10234,26791,28198,14445,2107,337,19947,22008,12229,4673,626,918284
2015,2,11140540,회현동,62039,38226,23813,316,11364,22398,17326,8862,1773,99,5743,12870,11513,6657,1344,217,5621,9528,5813,2205,429,909465
2015,2,11140550,명동,161483,82826,78657,550,29485,57286,45978,22744,5440,123,8901,23729,28573,17790,3710,427,20584,33557,17405,4954,1730,993909
2015,2,11140570,필동,24074,11705,12369,95,4080,6585,7127,4583,1604,33,1426,3649,3565,2048,984,62,2654,2936,3562,2535,620,1458582
2015,2,11140580,장충동,10332,5600,4732,21,2421,3407,2766,1312,405,9,823,1979,1685,824,280,12,1598,1428,1081,488,125,1013897
2015,2,11140590,광희동,41233,21426,19807,923,11159,11489,9486,6029,2147,422,4755,6677,5230,2945,1397,501,6404,4812,4256,3084,750,745387
2015,2,11140605,을지로동,18259,11818,6441,89,2111,4932,5119,3797,2211,32,897,3002,3524,2684,1679,57,1214,1930,1595,1113,532,612013
2015,2,11140615,신당동,10765,6170,4595,29,2276,3688,2535,1537,700,13,1171,1990,1570,970,456,16,1105,1698,965,567,244,536647
2015,2,11140625,다산동,8137,3720,4417,41,2343,2077,1471,1402,803,18,809,1129,850,562,352,23,1534,948,621,840,451,532721
2015,2,11140635,약수동,2511,1118,1393,11,411,697,574,474,344,2,105,320,280,212,199,9,306,377,294,262,145,509395
2015,2,11140645,청구동,3467,2225,1242,6,552,1086,834,517,472,2,258,766,561,324,314,4,294,320,273,193,158,345114
2015,2,11140650,신당5동,1544,739,805,6,223,400,416,326,173,0,72,184,203,177,103,6,151,216,213,149,70,310367
2015,2,11140665,동화동,2244,1158,1086,5,438,639,505,466,191,4,141,341,286,258,128,1,297,298,219,208,63,330049
2015,2,11140670,황학동,3669,2178,1491,6,536,764,745,930,688,3,232,482,503,503,455,3,304,282,242,427,233,327694
2015,2,11140680,중림동,6934,4079,2855,12,1197,2073,1695,1146,811,6,415,1072,1145,808,633,6,782,1001,550,338,178,487576
2015,2,11170510,후암동,3835,1505,2330,3,377,661,899,1388,507,1,123,369,411,396,205,2,254,292,488,992,302,868399
2015,2,11170520,용산2가동,1154,613,541,0,111,259,331,316,137,0,44,108,213,171,77,0,67,151,118,145,60,2047347
2015,2,11170530,남영동,23793,14223,9570,720,7474,6850,4628,2928,1193,316,3420,4537,3289,1918,743,404,4054,2313,1339,1010,450,735947
2015,2,11170555,청파동,7592,3992,3600,22,1206,2098,1653,1486,1127,11,317,980,930,852,902,11,889,1118,723,634,225,867676
2015,2,11170560,원효로1동,7378,5119,2259,41,1137,2556,1957,1098,589,31,608,1867,1461,754,398,10,529,689,496,344,191,589294
2015,2,11170570,원효로2동,5898,4180,1718,12,595,1781,1353,1171,986,7,322,1362,987,797,705,5,273,419,366,374,281,915567
2015,2,11170580,효창동,1858,981,877,1,235,494,484,438,206,1,66,266,285,230,133,0,169,228,199,208,73,470670
2015,2,11170590,용문동,857,465,392,3,105,264,261,154,70,2,32,161,142,87,41,1,73,103,119,67,29,289284
2015,2,11170625,한강로동,58924,35079,23845,201,12453,20658,15682,7370,2560,106,5450,11899,10450,5364,1810,95,7003,8759,5232,2006,750,3358956
2015,2,11170630,이촌1동,1736,795,941,0,234,434,435,340,293,0,75,154,200,150,216,0,159,280,235,190,77,2143668
2015,2,11170640,이촌2동,290,174,116,0,30,71,72,64,53,0,9,43,47,38,37,0,21,28,25,26,16,1191110
2015,2,11170650,이태원1동,5116,3019,2097,12,949,1405,1129,975,646,10,509,802,645,630,423,2,440,603,484,345,223,579369
2015,2,11170660,이태원2동,2018,1145,873,1,436,699,462,256,164,1,225,404,265,138,112,0,211,295,197,118,52,879018
2015,2,11170685,한남동,13879,7311,6568,53,3404,5049,3015,1492,866,38,1275,2769,1815,886,528,15,2129,2280,1200,606,338,3198883
2015,2,11170690,서빙고동,4736,2520,2216,80,810,1567,1248,691,340,2,219,779,737,499,284,78,591,788,511,192,56,2198117
2015,2,11170700,보광동,612,312,300,1,54,128,157,170,102,1,15,68,75,85,68,0,39,60,82,85,34,890496
2015,2,11200520,왕십리2동,993,423,570,2,149,230,254,231,127,0,30,87,108,112,86,2,119,143,146,119,41,385254
2015,2,11200535,왕십리도선동,6450,3368,3082,20,1040,1574,1796,1319,701,6,337,925,950,730,420,14,703,649,846,589,281,718816
2015,2,11200540,마장동,9850,6761,3089,17,948,2313,2708,2645,1219,12,514,1595,1898,1869,873,5,434,718,810,776,346,1082999
2015,2,11200550,사근동,5152,2812,2340,6,773,1272,1427,1264,410,0,154,603,855,879,321,6,619,669,572,385,89,1182945
2015,2,11200560,행당1동,12578,5085,7493,24,1203,2801,4340,3617,593,14,565,1684,1275,1097,450,10,638,1117,3065,2520,143,552563
2015,2,11200570,행당2동,651,210,441,0,73,184,178,146,70,0,14,57,49,52,38,0,59,127,129,94,32,457197
2015,2,11200580,응봉동,370,155,215,1,41,78,91,103,56,0,13,28,33,34,47,1,28,50,58,69,9,547736
2015,2,11200590,금호1가동,763,368,395,4,90,176,216,174,103,0,24,69,101,95,79,4,66,107,115,79,24,441318
2015,2,11200615,금호2.3가동,889,354,535,6,111,201,212,222,137,2,22,83,73,85,89,4,89,118,139,137,48,638261
2015,2,11200620,금호4가동,738,287,451,0,91,202,167,183,95,0,22,76,67,68,54,0,69,126,100,115,41,935263
2015,2,11200645,옥수동,1627,745,882,3,289,414,422,314,185,1,78,168,213,158,127,2,211,246,209,156,58,1239152
2015,2,11200650,성수1가1동,4808,3096,1712,13,564,1279,1365,1183,404,8,233,816,880,823,336,5,331,463,485,360,68,2248463
2015,2,11200660,성수1가2동,14998,9139,5859,86,3357,4540,3098,2452,1465,32,1371,2857,2117,1680,1082,54,1986,1683,981,772,383,984783
2015,2,11200670,성수2가1동,44663,19679,24984,265,7589,12333,15570,7945,961,99,4497,7986,4694,1719,684,166,3092,4347,10876,6226,277,1126355
2015,2,11200690,성수2가3동,35976,22699,13277,171,6321,10710,9235,6000,3539,109,2793,6879,6129,4106,2683,62,3528,3831,3106,1894,856,1050781
2015,2,11200720,송정동,1695,1049,646,2,265,483,447,320,178,2,147,283,251,235,131,0,118,200,196,85,47,584812
2015,2,11200790,용답동,18414,13265,5149,48,1692,3849,6952,4154,1719,18,869,2886,5766,2774,952,30,823,963,1186,1380,767,2379362
2015,2,11215710,화양동,5283,2333,2950,24,1253,1725,1006,765,510,12,358,776,512,350,325,12,895,949,494,415,185,1124376
2015,2,11215730,군자동,4802,2756,2046,9,1076,1444,1183,732,358,6,425,897,720,461,247,3,651,547,463,271,111,733236
2015,2,11215740,중곡1동,4369,2541,1828,8,628,973,1076,850,834,2,217,530,590,491,711,6,411,443,486,359,123,602769
2015,2,11215750,중곡2동,3276,1614,1662,2,475,839,945,668,347,0,184,428,458,329,215,2,291,411,487,339,132,544807
2015,2,11215760,중곡3동,1888,1033,855,3,240,374,485,512,274,2,86,206,252,296,191,1,154,168,233,216,83,600824
2015,2,11215770,중곡4동,2786,1497,1289,1,308,584,730,799,364,1,97,259,376,489,275,0,211,325,354,310,89,2295463
2015,2,11215780,능동,2963,1560,1403,9,457,846,705,593,353,5,161,447,420,297,230,4,296,399,285,296,123,1094134
2015,2,11215810,광장동,7482,4198,3284,50,1484,2325,1806,1258,559,20,549,1279,1177,762,411,30,935,1046,629,496,148,2889609
2015,2,11215820,자양1동,8262,5001,3261,22,1058,1889,2105,2105,1083,11,316,923,1327,1579,845,11,742,966,778,526,238,621606
2015,2,11215830,자양2동,5957,3918,2039,4,554,1319,1997,1579,504,2,292,808,1455,1013,348,2,262,511,542,566,156,1630926
2015,2,11215840,자양3동,2539,1234,1305,5,374,677,608,565,310,2,132,353,293,257,197,3,242,324,315,308,113,1145609
2015,2,11215847,자양4동,2573,1491,1082,9,390,679,650,496,349,1,174,410,381,267,258,8,216,269,269,229,91,1148618
2015,2,11215850,구의1동,4589,2857,1732,10,574,1161,1173,1148,523,5,288,726,782,732,324,5,286,435,391,416,199,553095
2015,2,11215860,구의2동,3485,1971,1514,23,462,772,915,813,500,7,161,402,546,500,355,16,301,370,369,313,145,1363952
2015,2,11215870,구의3동,13414,7836,5578,38,1448,3207,3550,3257,1914,25,690,2138,2203,1663,1117,13,758,1069,1347,1594,797,1453971
2015,2,11230536,용신동,25137,14014,11123,88,3624,6641,6723,4964,3097,16,1374,3883,3749,3015,1977,72,2250,2758,2974,1949,1120,1590771
2015,2,11230545,제기동,5477,3204,2273,15,664,1239,1423,1307,829,2,269,736,885,778,534,13,395,503,538,529,295,1184853
2015,2,11230560,전농1동,2424,1256,1168,12,356,532,671,539,314,4,141,306,371,265,169,8,215,226,300,274,145,1140490
2015,2,11230570,전농2동,3094,1609,1485,6,346,791,872,792,287,3,78,324,475,507,222,3,268,467,397,285,65,983768
2015,2,11230600,답십리1동,6069,3514,2555,42,1071,1521,1495,1142,798,29,585,993,774,566,567,13,486,528,721,576,231,838156
2015,2,11230610,답십리2동,3412,2070,1342,6,370,799,911,800,526,2,157,523,580,473,335,4,213,276,331,327,191,814945
2015,2,11230650,장안1동,13124,7908,5216,21,1617,3123,3318,2869,2176,6,660,1797,2095,1768,1582,15,957,1326,1223,1101,594,1360347
2015,2,11230660,장안2동,5698,2856,2842,30,775,1326,1525,1339,703,13,242,686,762,692,461,17,533,640,763,647,242,1119438
2015,2,11230705,청량리동,5148,3020,2128,9,737,1386,1223,1124,669,3,276,799,745,736,461,6,461,587,478,388,208,1197287
2015,2,11230710,회기동,3883,1479,2404,9,840,1375,872,643,144,7,234,578,327,263,70,2,606,797,545,380,74,829432
2015,2,11230720,휘경1동,1279,706,573,6,163,285,311,265,249,2,58,155,190,142,159,4,105,130,121,123,90,519932
2015,2,11230730,휘경2동,4221,1736,2485,7,756,1148,1081,886,343,2,184,489,497,379,185,5,572,659,584,507,158,1207585
2015,2,11230740,이문1동,4610,2557,2053,3,557,1133,1369,1096,452,1,145,472,862,737,340,2,412,661,507,359,112,986690
2015,2,11230750,이문2동,887,464,423,1,109,147,258,229,143,0,31,54,125,144,110,1,78,93,133,85,33,698476
2015,2,11260520,면목2동,2377,1261,1116,3,265,501,653,616,339,1,86,251,331,350,242,2,179,250,322,266,97,743106
2015,2,11260540,면목4동,1627,957,670,2,149,265,440,544,227,0,39,116,263,374,165,2,110,149,177,170,62,821882
2015,2,11260550,면목5동,1186,770,416,2,112,197,318,355,202,1,44,127,184,256,158,1,68,70,134,99,44,591696
2015,2,11260565,면목본동,2215,964,1251,2,239,422,602,633,317,0,53,183,275,265,188,2,186,239,327,368,129,840931
2015,2,11260570,면목7동,1202,608,594,1,147,222,331,332,169,1,22,88,167,203,127,0,125,134,164,129,42,1202721
2015,2,11260575,면목3.8동,3676,2031,1645,7,501,753,975,963,477,0,116,328,556,659,372,7,385,425,419,304,105,1591050
2015,2,11260580,상봉1동,2769,1555,1214,9,254,544,712,797,453,5,83,255,352,516,344,4,171,289,360,281,109,917193
2015,2,11260590,상봉2동,9018,5419,3599,28,1037,2322,2734,1886,1011,7,533,1661,1481,1002,735,21,504,661,1253,884,276,658991
2015,2,11260600,중화1동,1558,631,927,2,219,358,488,352,139,1,40,144,192,164,90,1,179,214,296,188,49,637209
2015,2,11260610,중화2동,2799,1568,1231,3,280,518,671,594,733,2,88,287,372,327,492,1,192,231,299,267,241,960402
2015,2,11260620,묵1동,2647,1215,1432,3,348,693,743,618,242,2,91,318,341,296,167,1,257,375,402,322,75,1184393
2015,2,11260630,묵2동,1590,822,768,2,175,353,483,385,192,0,58,193,250,197,124,2,117,160,233,188,68,682005
2015,2,11260655,망우본동,5096,2666,2430,10,653,1149,1314,1263,707,5,155,522,687,753,544,5,498,627,627,510,163,3074745
2015,2,11260660,망우3동,1580,811,769,0,140,278,428,474,260,0,42,145,194,247,183,0,98,133,234,227,77,967313
2015,2,11260680,신내1동,5544,2919,2625,5,814,1238,1417,1492,578,1,195,637,770,913,403,4,619,601,647,579,175,2361684
2015,2,11260690,신내2동,3603,1767,1836,3,312,873,1016,971,428,1,78,352,444,634,258,2,234,521,572,337,170,939758
2015,2,11290525,성북동,2883,1300,1583,9,519,900,783,465,207,3,157,405,374,237,124,6,362,495,409,228,83,3067396
2015,2,11290555,삼선동,8122,4302,3820,20,966,1786,2119,2290,941,10,319,857,1183,1395,538,10,647,929,936,895,403,1177823
2015,2,11290575,동선동,5653,2358,3295,14,1017,1105,1260,1068,1189,3,231,517,635,452,520,11,786,588,625,616,669,729672
2015,2,11290580,돈암1동,859,321,538,3,116,231,239,188,82,2,38,77,86,74,44,1,78,154,153,114,38,461503
2015,2,11290590,돈암2동,584,204,380,0,116,185,141,92,50,0,20,67,56,26,35,0,96,118,85,66,15,414465
2015,2,11290600,안암동,5825,2687,3138,7,1356,1837,1423,829,373,2,353,816,783,481,252,5,1003,1021,640,348,121,1295307
2015,2,11290610,보문동,3278,1723,1555,11,399,629,717,687,835,2,130,334,373,355,529,9,269,295,344,332,306,551172
2015,2,11290620,정릉1동,941,396,545,4,103,218,274,224,118,0,18,84,114,106,74,4,85,134,160,118,44,475568
2015,2,11290630,정릉2동,1406,632,774,4,201,297,392,333,179,1,59,111,176,169,116,3,142,186,216,164,63,1165255
2015,2,11290640,정릉3동,2665,1580,1085,2,344,558,792,677,292,1,89,266,507,499,218,1,255,292,285,178,74,3182234
2015,2,11290650,정릉4동,2450,1567,883,4,249,389,667,774,367,2,48,197,463,568,289,2,201,192,204,206,78,3714207
2015,2,11290660,길음1동,1593,518,1075,2,268,345,440,333,205,0,42,122,133,102,119,2,226,223,307,231,86,753885
2015,2,11290685,길음2동,1179,539,640,6,263,318,255,218,119,0,91,142,122,94,90,6,172,176,133,124,29,423663
2015,2,11290705,종암동,3097,1602,1495,7,392,765,968,693,272,0,115,381,514,416,176,7,277,384,454,277,96,1494677
2015,2,11290715,월곡1동,3723,1922,1801,1,427,813,992,838,652,1,157,414,491,422,437,0,270,399,501,416,215,974658
2015,2,11290725,월곡2동,4443,2492,1951,6,657,1240,1175,880,485,3,280,726,660,519,304,3,377,514,515,361,181,1330228
2015,2,11290760,장위1동,849,318,531,1,71,148,257,249,123,1,18,54,106,89,50,0,53,94,151,160,73,714821
2015,2,11290770,장위2동,2254,1330,924,0,149,379,524,562,640,0,46,195,255,372,462,0,103,184,269,190,178,682224
2015,2,11290780,장위3동,1630,950,680,3,151,298,457,482,239,0,56,161,246,302,185,3,95,137,211,180,54,663549
2015,2,11290810,석관동,3258,1909,1349,3,270,609,765,685,926,0,76,272,412,425,724,3,194,337,353,260,202,1773773
2015,2,11305534,삼양동,1312,554,758,1,177,260,353,348,173,1,33,84,137,181,118,0,144,176,216,167,55,959451
2015,2,11305535,미아동,2172,903,1269,3,331,482,581,472,303,1,96,187,256,197,166,2,235,295,325,275,137,835492
2015,2,11305545,송중동,2750,1232,1518,12,390,681,785,567,315,2,144,314,342,234,196,10,246,367,443,333,119,1085065
2015,2,11305555,송천동,2639,1291,1348,9,328,589,697,644,372,5,73,264,341,341,267,4,255,325,356,303,105,928301
2015,2,11305575,삼각산동,1010,334,676,1,135,287,321,187,79,1,26,91,91,74,51,0,109,196,230,113,28,603256
2015,2,11305590,번1동,3779,2119,1660,11,445,782,948,995,598,4,148,432,550,628,357,7,297,350,398,367,241,619363
2015,2,11305600,번2동,2060,1287,773,8,142,301,652,701,256,7,43,168,386,492,191,1,99,133,266,209,65,992960
2015,2,11305606,번3동,1399,686,713,19,158,264,342,360,256,7,53,143,176,173,134,12,105,121,166,187,122,1075371
2015,2,11305610,수유1동,2866,1507,1359,6,241,508,774,905,432,3,65,220,419,515,285,3,176,288,355,390,147,1748455
2015,2,11305620,수유2동,2088,999,1089,2,202,305,436,509,634,0,62,170,209,245,313,2,140,135,227,264,321,593685
2015,2,11305630,수유3동,4259,2255,2004,15,458,1079,1142,1068,497,9,147,508,597,682,312,6,311,571,545,386,185,725084
2015,2,11305645,우이동,1737,1127,610,3,142,272,429,578,313,0,52,161,250,411,253,3,90,111,179,167,60,10680138
2015,2,11305660,인수동,3400,1571,1829,7,416,766,864,834,513,4,124,337,412,344,350,3,292,429,452,490,163,2869695
2015,2,11320511,창1동,1618,632,986,3,232,360,431,405,187,2,42,123,176,170,119,1,190,237,255,235,68,1104916
2015,2,11320512,창2동,2093,1116,977,3,240,404,646,506,294,1,85,210,318,282,220,2,155,194,328,224,74,654615
2015,2,11320513,창3동,859,334,525,6,111,176,272,203,91,4,29,66,99,84,52,2,82,110,173,119,39,635079
2015,2,11320514,창4동,3543,2202,1341,2,288,618,964,1062,609,2,66,332,581,740,481,0,222,286,383,322,128,1155759
2015,2,11320515,창5동,4559,2320,2239,12,493,1121,1297,1208,428,10,138,537,680,685,270,2,355,584,617,523,158,676820
2015,2,11320521,도봉1동,2940,1932,1008,10,194,418,779,1021,518,6,64,223,504,738,397,4,130,195,275,283,121,8547209
2015,2,11320522,도봉2동,4757,2728,2029,8,364,717,993,1084,1591,4,132,346,525,634,1087,4,232,371,468,450,504,1204332
2015,2,11320660,쌍문1동,2226,917,1309,1,333,370,600,638,284,0,52,144,232,294,195,1,281,226,368,344,89,1177010
2015,2,11320670,쌍문2동,2918,1455,1463,5,251,530,676,764,692,2,96,285,341,402,329,3,155,245,335,362,363,539384
2015,2,11320680,쌍문3동,1946,894,1052,3,340,486,556,404,157,3,83,228,267,216,97,0,257,258,289,188,60,504867
2015,2,11320681,쌍문4동,1014,368,646,1,123,265,233,293,99,1,14,105,68,121,59,0,109,160,165,172,40,543784
2015,2,11320690,방학1동,4769,2677,2092,6,506,865,1188,1422,782,0,186,443,629,855,564,6,320,422,559,567,218,1041785
2015,2,11320700,방학2동,1214,577,637,1,122,240,335,332,184,1,44,115,141,154,122,0,78,125,194,178,62,1102018
2015,2,11320710,방학3동,1734,784,950,2,143,298,449,569,273,1,43,124,172,252,192,1,100,174,277,317,81,1856777
2015,2,11350560,월계1동,2687,1598,1089,9,261,547,660,758,452,5,81,290,399,506,317,4,180,257,261,252,135,1218934
2015,2,11350570,월계2동,1623,788,835,3,154,346,486,444,190,2,39,135,220,255,137,1,115,211,266,189,53,1991095
2015,2,11350580,월계3동,1408,645,763,4,118,281,421,400,184,1,26,120,157,204,137,3,92,161,264,196,47,1133881
2015,2,11350595,공릉1동,7999,4174,3825,27,805,1492,1977,2058,1640,17,293,858,994,990,1022,10,512,634,983,1068,618,1217193
2015,2,11350600,공릉2동,6147,2941,3206,18,887,1387,1511,1531,813,11,209,549,686,880,606,7,678,838,825,651,207,7207339
2015,2,11350611,하계1동,6585,3601,2984,17,1001,1642,1710,1644,571,7,370,810,961,1066,387,10,631,832,749,578,184,1467562
2015,2,11350612,하계2동,544,158,386,0,46,105,167,182,44,0,6,26,32,57,37,0,40,79,135,125,7,513857
2015,2,11350619,중계본동,2139,1018,1121,5,209,372,553,481,519,1,69,168,247,231,302,4,140,204,306,250,217,2094464
2015,2,11350621,중계1동,1328,543,785,6,174,274,407,328,139,4,45,103,142,152,97,2,129,171,265,176,42,624508
2015,2,11350624,중계4동,1974,816,1158,5,159,356,572,591,291,3,40,163,225,227,158,2,119,193,347,364,133,1540528
2015,2,11350625,중계2.3동,2536,1043,1493,6,332,545,731,695,227,1,96,257,283,259,147,5,236,288,448,436,80,912217
2015,2,11350630,상계1동,4605,2305,2300,14,494,888,1286,1159,764,9,200,487,606,578,425,5,294,401,680,581,339,4997346
2015,2,11350640,상계2동,3764,1525,2239,19,650,751,924,964,456,9,198,349,369,365,235,10,452,402,555,599,221,629194
2015,2,11350665,상계3.4동,3096,1741,1355,3,165,335,782,1015,796,3,43,132,449,638,476,0,122,203,333,377,320,5751720
2015,2,11350670,상계5동,1857,740,1117,7,134,235,421,534,526,2,44,128,156,162,248,5,90,107,265,372,278,473604
2015,2,11350695,상계6.7동,8078,3293,4785,18,1339,2048,2150,1751,772,3,284,703,914,984,405,15,1055,1345,1236,767,367,1434043
2015,2,11350700,상계8동,899,269,630,3,91,200,288,229,88,2,14,34,51,98,70,1,77,166,237,131,18,668937
2015,2,11350710,상계9동,1189,446,743,2,104,302,368,295,118,1,17,77,118,149,84,1,87,225,250,146,34,833448
2015,2,11350720,상계10동,933,343,590,0,97,188,282,288,78,0,22,57,98,113,53,0,75,131,184,175,25,802642
2015,2,11380510,녹번동,6455,3213,3242,15,635,1492,1797,1744,772,7,219,650,905,988,444,8,416,842,892,756,328,1923020
2015,2,11380520,불광1동,2079,851,1228,9,298,618,555,400,199,7,74,253,255,148,114,2,224,365,300,252,85,2948578
2015,2,11380530,불광2동,2980,1395,1585,6,359,707,838,777,293,4,106,307,427,400,151,2,253,400,411,377,142,1756596
2015,2,11380551,갈현1동,1913,861,1052,7,289,422,507,408,280,4,83,183,226,203,162,3,206,239,281,205,118,909869
2015,2,11380552,갈현2동,2559,964,1595,6,312,590,682,677,292,0,78,278,236,228,144,6,234,312,446,449,148,1018512
2015,2,11380560,구산동,4166,1948,2218,10,447,805,973,1289,642,3,125,316,415,690,399,7,322,489,558,599,243,1316383
2015,2,11380570,대조동,3096,1328,1768,8,410,719,862,691,406,1,116,292,364,315,240,7,294,427,498,376,166,867572
2015,2,11380580,응암1동,3760,1793,1967,12,420,839,946,994,549,4,141,387,413,481,367,8,279,452,533,513,182,1126418
2015,2,11380590,응암2동,1036,524,512,4,110,209,269,307,137,0,27,70,123,201,103,4,83,139,146,106,34,554079
2015,2,11380600,응암3동,2550,1051,1499,8,332,586,728,596,300,4,105,260,286,242,154,4,227,326,442,354,146,933101
2015,2,11380625,역촌동,3473,1508,1965,2,327,737,918,941,548,2,117,335,391,359,304,0,210,402,527,582,244,1138805
2015,2,11380631,신사1동,1810,900,910,1,226,357,472,481,273,0,73,157,228,251,191,1,153,200,244,230,82,823498
2015,2,11380632,신사2동,1417,771,646,2,85,220,339,379,392,0,17,97,193,235,229,2,68,123,146,144,163,1050676
2015,2,11380640,증산동,2272,1405,867,8,226,466,583,604,385,3,79,257,322,416,328,5,147,209,261,188,57,929526
2015,2,11380650,수색동,1446,659,787,6,250,386,358,271,175,2,47,146,179,165,120,4,203,240,179,106,55,1169504
2015,2,11380690,진관동,2916,1434,1482,6,271,556,854,885,344,4,65,218,392,526,229,2,206,338,462,359,115,12836383
2015,2,11410520,천연동,1112,473,639,0,105,274,293,280,160,0,28,96,135,114,100,0,77,178,158,166,60,866603
2015,2,11410555,북아현동,971,415,556,0,104,169,241,294,163,0,22,78,94,145,76,0,82,91,147,149,87,461555
2015,2,11410565,충현동,24004,13654,10350,31,3831,8673,6669,3546,1254,14,1525,4719,4248,2297,851,17,2306,3954,2421,1249,403,1139343
2015,2,11410585,신촌동,17656,7154,10502,48,4379,5664,4139,2528,898,17,1124,1982,1984,1438,609,31,3255,3682,2155,1090,289,2504686
2015,2,11410615,연희동,7670,4169,3501,22,998,1919,1970,1879,882,11,358,972,1051,1193,584,11,640,947,919,686,298,2965760
2015,2,11410620,홍제1동,1552,626,926,0,242,367,418,334,191,0,45,129,193,142,117,0,197,238,225,192,74,1492096
2015,2,11410640,홍제3동,1567,597,970,7,193,308,401,352,306,3,48,107,145,138,156,4,145,201,256,214,150,1093373
2015,2,11410655,홍제2동,811,384,427,0,81,132,224,232,142,0,32,66,85,106,95,0,49,66,139,126,47,705399
2015,2,11410660,홍은1동,788,304,484,1,82,158,206,215,126,0,21,68,77,74,64,1,61,90,129,141,62,1538023
2015,2,11410685,홍은2동,3532,1846,1686,2,556,781,896,853,444,1,180,347,469,517,332,1,376,434,427,336,112,2049745
2015,2,11410690,남가좌1동,659,388,271,2,96,116,176,163,106,0,17,44,121,129,77,2,79,72,55,34,29,484765
2015,2,11410700,남가좌2동,1430,671,759,4,191,356,408,312,159,2,51,156,184,175,103,2,140,200,224,137,56,787125
2015,2,11410710,북가좌1동,1337,830,507,3,110,227,337,356,304,1,32,107,188,248,254,2,78,120,149,108,50,562752
2015,2,11410720,북가좌2동,2420,1277,1143,14,265,459,593,703,386,7,98,246,291,385,250,7,167,213,302,318,136,806705
2015,2,11440555,아현동,21531,12453,9078,70,3424,7536,5466,3730,1305,34,1250,4583,3651,2096,839,36,2174,2953,1815,1634,466,870645
2015,2,11440565,공덕동,9629,5987,3642,25,1751,2552,3164,1455,682,6,701,1471,2349,1074,386,19,1050,1081,815,381,296,891209
2015,2,11440585,도화동,11832,6319,5513,43,2482,3388,2848,1986,1085,29,1002,1904,1612,1068,704,14,1480,1484,1236,918,381,863516
2015,2,11440590,용강동,14008,8274,5734,28,1996,4332,3438,2530,1684,12,684,2685,2297,1494,1102,16,1312,1647,1141,1036,582,910388
2015,2,11440600,대흥동,8668,4369,4299,94,2261,2429,1731,1292,861,42,819,1242,1022,755,489,52,1442,1187,709,537,372,854083
2015,2,11440610,염리동,17314,10533,6781,60,1732,3474,5434,6341,273,24,589,1608,2708,5421,183,36,1143,1866,2726,920,90,549601
2015,2,11440630,신수동,4210,2370,1840,7,592,1303,1216,764,328,0,196,744,767,438,225,7,396,559,449,326,103,914314
2015,2,11440655,서강동,8199,4479,3720,29,1624,2275,1695,1257,1319,11,528,1335,1170,781,654,18,1096,940,525,476,665,1890596
2015,2,11440660,서교동,41922,21612,20310,368,10751,13169,8868,5466,3300,146,3857,7227,5380,2835,2167,222,6894,5942,3488,2631,1133,1641475
2015,2,11440680,합정동,9435,5411,4024,21,2080,3314,2291,1189,540,7,688,1960,1606,770,380,14,1392,1354,685,419,160,1792621
2015,2,11440690,망원1동,3224,1417,1807,16,376,599,680,538,1015,9,164,358,379,223,284,7,212,241,301,315,731,1111518
2015,2,11440700,망원2동,2996,1377,1619,7,376,813,905,606,289,4,150,435,391,211,186,3,226,378,514,395,103,1209563
2015,2,11440710,연남동,3933,2184,1749,9,737,1257,1052,574,304,3,252,688,641,382,218,6,485,569,411,192,86,641653
2015,2,11440720,성산1동,10716,7613,3103,16,1218,2233,2054,1492,3703,4,507,1343,1314,1012,3433,12,711,890,740,480,270,855779
2015,2,11440730,성산2동,6595,2605,3990,20,438,885,1444,2256,1552,17,195,471,716,667,539,3,243,414,728,1589,1013,1990923
2015,2,11440740,상암동,30381,18349,12032,96,8371,11105,7131,2754,924,38,3270,6729,5407,2156,749,58,5101,4376,1724,598,175,7646126
2015,2,11470510,목1동,13814,8737,5077,52,2155,4282,4094,2363,868,19,856,2611,2978,1687,586,33,1299,1671,1116,676,282,1572490
2015,2,11470520,목2동,2174,1149,1025,1,273,646,572,468,214,0,107,364,313,233,132,1,166,282,259,235,82,1021500
2015,2,11470530,목3동,1519,640,879,3,197,347,434,369,169,2,48,149,169,160,112,1,149,198,265,209,57,533074
2015,2,11470540,목4동,2183,1167,1016,9,231,393,587,615,348,7,89,213,278,341,239,2,142,180,309,274,109,578170
2015,2,11470550,목5동,6013,2239,3774,17,1110,1634,1472,1089,691,5,215,502,538,520,459,12,895,1132,934,569,232,2055129
2015,2,11470560,신월1동,2418,1468,950,4,180,474,721,726,313,4,63,283,410,472,236,0,117,191,311,254,77,625887
2015,2,11470570,신월2동,1976,1043,933,6,199,355,572,563,281,1,73,159,279,333,198,5,126,196,293,230,83,608140
2015,2,11470580,신월3동,2454,1332,1122,8,220,488,645,761,332,5,89,238,296,452,252,3,131,250,349,309,80,932122
2015,2,11470590,신월4동,1952,1110,842,1,167,323,458,640,363,1,64,159,223,388,275,0,103,164,235,252,88,470224
2015,2,11470600,신월5동,2505,1462,1043,3,196,382,526,572,826,2,50,150,216,275,769,1,146,232,310,297,57,523363
2015,2,11470610,신월6동,1246,663,583,1,155,196,348,362,184,0,50,88,171,209,145,1,105,108,177,153,39,437027
2015,2,11470611,신월7동,3682,2544,1138,3,312,539,1033,1080,715,1,187,336,670,749,601,2,125,203,363,331,114,1403954
2015,2,11470620,신정1동,2399,1215,1184,2,248,524,696,541,388,1,86,245,372,278,233,1,162,279,324,263,155,722680
2015,2,11470630,신정2동,1708,709,999,3,218,346,523,409,209,1,41,171,199,160,137,2,177,175,324,249,72,594999
2015,2,11470640,신정3동,5015,2775,2240,4,537,945,1284,1320,925,0,155,415,629,796,780,4,382,530,655,524,145,2650845
2015,2,11470650,신정4동,8340,4672,3668,9,1008,1786,1921,1819,1797,5,348,959,996,936,1428,4,660,827,925,883,369,996406
2015,2,11470670,신정6동,4999,2778,2221,9,466,1234,1393,1468,429,5,199,592,686,1000,296,4,267,642,707,468,133,972556
2015,2,11470680,신정7동,2006,953,1053,2,225,431,633,484,231,1,70,214,304,227,137,1,155,217,329,257,94,1144112
2015,2,11500510,염창동,10995,6814,4181,33,1736,3316,2982,1946,982,9,715,2050,2007,1263,770,24,1021,1266,975,683,212,1957926
2015,2,11500520,등촌1동,9487,5753,3734,93,1681,2659,2402,1756,896,58,718,1682,1608,1109,578,35,963,977,794,647,318,649434
2015,2,11500530,등촌2동,2091,1189,902,1,241,468,536,555,290,0,65,222,308,358,236,1,176,246,228,197,54,908847
2015,2,11500535,등촌3동,16991,8940,8051,94,2988,3781,3745,4552,1831,75,1378,2351,2112,1900,1124,19,1610,1430,1633,2652,707,1049363
2015,2,11500540,화곡1동,3909,1855,2054,8,508,974,1071,926,422,4,171,511,509,410,250,4,337,463,562,516,172,1194778
2015,2,11500550,화곡2동,1449,638,811,0,181,363,458,328,119,0,70,195,188,119,66,0,111,168,270,209,53,456061
2015,2,11500560,화곡3동,2065,913,1152,7,246,398,577,609,228,3,84,231,270,189,136,4,162,167,307,420,92,515596
2015,2,11500570,화곡4동,1596,745,851,2,241,355,454,402,142,0,81,178,197,204,85,2,160,177,257,198,57,853460
2015,2,11500590,화곡본동,2438,1033,1405,5,313,584,608,515,413,3,54,245,249,212,270,2,259,339,359,303,143,1007050
2015,2,11500591,화곡6동,8512,5256,3256,28,885,2214,2211,2176,998,17,369,1311,1363,1498,698,11,516,903,848,678,300,1034624
2015,2,11500593,화곡8동,1088,452,636,2,139,244,306,225,172,0,48,96,129,71,108,2,91,148,177,154,64,567208
2015,2,11500603,가양1동,8389,5430,2959,26,1148,2349,2330,1742,794,15,574,1486,1504,1211,640,11,574,863,826,531,154,5908521
2015,2,11500604,가양2동,2180,1092,1088,8,353,507,433,416,463,4,117,231,200,173,367,4,236,276,233,243,96,996881
2015,2,11500605,가양3동,4987,3109,1878,32,797,1669,1359,787,343,15,359,1115,915,464,241,17,438,554,444,323,102,691403
2015,2,11500611,발산1동,5868,3274,2594,9,592,1221,1585,1668,793,6,167,595,861,1045,600,3,425,626,724,623,193,3032326
2015,2,11500615,우장산동,3788,1657,2131,50,584,855,931,832,536,24,172,395,425,327,314,26,412,460,506,505,222,1268459
2015,2,11500620,공항동,35174,19525,15649,40,6893,11927,10328,5002,984,18,1471,5180,7573,4426,857,22,5422,6747,2755,576,127,11377979
2015,2,11500630,방화1동,7543,5027,2516,15,926,1825,2094,1888,795,7,534,1343,1477,1241,425,8,392,482,617,647,370,1125789
2015,2,11500640,방화2동,3662,2336,1326,4,356,776,949,961,616,3,171,470,549,679,464,1,185,306,400,282,152,5564098
2015,2,11500641,방화3동,3033,1784,1249,3,283,634,741,875,497,0,64,267,435,624,394,3,219,367,306,251,103,1964100
2015,2,11530510,신도림동,9260,5555,3705,23,1607,2918,2390,1640,682,12,663,1731,1516,1114,519,11,944,1187,874,526,163,1312211
2015,2,11530520,구로1동,2140,1016,1124,2,221,562,514,346,495,2,98,326,258,167,165,0,123,236,256,179,330,1004193
2015,2,11530530,구로2동,25690,14212,11478,85,4089,8341,6351,4757,2067,30,1386,4176,3864,3214,1542,55,2703,4165,2487,1543,525,1807452
2015,2,11530540,구로3동,77015,48666,28349,313,17451,28871,17913,8696,3771,158,8238,19885,12560,5095,2730,155,9213,8986,5353,3601,1041,1033159
2015,2,11530550,구로4동,2924,1298,1626,5,319,617,785,650,548,2,90,260,340,261,345,3,229,357,445,389,203,538215
2015,2,11530560,구로5동,19666,11447,8219,57,4078,6330,4204,3185,1812,24,1840,3763,2810,1945,1065,33,2238,2567,1394,1240,747,1075552
2015,2,11530595,가리봉동,1261,515,746,2,131,256,316,295,261,0,44,114,123,124,110,2,87,142,193,171,151,415751
2015,2,11530720,고척1동,5268,3197,2071,9,506,1074,1330,1253,1096,6,206,579,766,787,853,3,300,495,564,466,243,1100132
2015,2,11530730,고척2동,1850,895,955,4,235,412,577,438,184,3,82,215,256,215,124,1,153,197,321,223,60,1013917
2015,2,11530740,개봉1동,2972,1358,1614,3,340,573,822,809,425,2,109,297,358,343,249,1,231,276,464,466,176,1168155
2015,2,11530750,개봉2동,1211,482,729,1,176,264,380,239,151,1,24,117,140,107,93,0,152,147,240,132,58,825368
2015,2,11530760,개봉3동,2820,1644,1176,1,126,308,441,486,1458,0,35,114,166,238,1091,1,91,194,275,248,367,831642
2015,2,11530770,오류1동,2919,1227,1692,6,346,625,939,658,345,2,97,282,359,266,221,4,249,343,580,392,124,707130
2015,2,11530780,오류2동,3678,1948,1730,3,367,842,979,942,545,1,108,422,492,519,406,2,259,420,487,423,139,4314692
2015,2,11530790,수궁동,3820,2443,1377,8,375,819,1032,1071,515,5,179,513,621,705,420,3,196,306,411,366,95,2684146
2015,2,11545510,가산동,131149,83486,47663,2634,30474,44060,31045,15706,7230,1149,14956,30445,21757,10000,5179,1485,15518,13615,9288,5706,2051,2245346
2015,2,11545610,독산1동,16040,10811,5229,44,1935,4080,4496,3863,1622,30,1185,2929,2915,2520,1232,14,750,1151,1581,1343,390,1956086
2015,2,11545620,독산2동,1365,666,699,1,145,277,383,349,210,0,36,121,173,183,153,1,109,156,210,166,57,596742
2015,2,11545630,독산3동,4926,2882,2044,11,508,769,994,1052,1592,3,168,325,406,564,1416,8,340,444,588,488,176,982894
2015,2,11545640,독산4동,1900,1059,841,2,277,432,561,404,224,1,147,243,293,213,162,1,130,189,268,191,62,605029
2015,2,11545670,시흥1동,8596,4274,4322,40,1479,2374,1975,1839,889,23,637,1180,924,988,522,17,842,1194,1051,851,367,1437595
2015,2,11545680,시흥2동,1163,343,820,2,138,274,295,328,126,0,15,75,89,98,66,2,123,199,206,230,60,1170211
2015,2,11545690,시흥3동,9515,6411,3104,21,612,1804,2782,2521,1775,9,353,1175,1733,1659,1482,12,259,629,1049,862,293,1328458
2015,2,11545700,시흥4동,746,248,498,0,57,152,241,209,87,0,12,43,70,76,47,0,45,109,171,133,40,873884
2015,2,11545710,시흥5동,1934,1074,860,4,158,264,548,648,312,1,42,127,283,407,214,3,116,137,265,241,98,1368598
2015,2,11560515,영등포본동,2235,1061,1174,9,261,472,561,535,397,1,85,224,250,259,242,8,176,248,311,276,155,843586
2015,2,11560535,영등포동,21503,13050,8453,75,3387,6070,5181,4014,2776,39,1340,3743,3486,2605,1837,36,2047,2327,1695,1409,939,1390482
2015,2,11560540,여의동,268180,179063,89117,1378,56947,103178,67390,30435,8852,611,25651,70143,53223,23729,5706,767,31296,33035,14167,6706,3146,6703511
2015,2,11560550,당산1동,14602,8297,6305,21,1924,3820,3417,2928,2492,11,651,2144,1970,1915,1606,10,1273,1676,1447,1013,886,746447
2015,2,11560560,당산2동,19733,11141,8592,52,3214,4568,4344,3928,3627,28,1281,2619,2541,2293,2379,24,1933,1949,1803,1635,1248,1526636
2015,2,11560585,도림동,1826,1177,649,3,172,348,481,444,378,1,72,205,320,303,276,2,100,143,161,141,102,539427
2015,2,11560605,문래동,35456,23105,12351,129,6917,11228,8639,5620,2923,78,3678,7662,5825,3562,2300,51,3239,3566,2814,2058,623,1738475
2015,2,11560610,양평1동,17309,10216,7093,71,3412,4606,4175,3175,1870,36,1435,2952,2537,1862,1394,35,1977,1654,1638,1313,476,869573
2015,2,11560620,양평2동,34443,18308,16135,129,6824,12909,9589,3790,1202,60,2798,7133,5090,2274,953,69,4026,5776,4499,1516,249,2573400
2015,2,11560630,신길1동,5002,2909,2093,5,626,1192,994,1220,965,1,264,824,559,669,592,4,362,368,435,551,373,762886
2015,2,11560650,신길3동,1621,923,698,2,137,330,398,394,360,0,46,179,214,227,257,2,91,151,184,167,103,510335
2015,2,11560660,신길4동,1203,629,574,7,146,370,361,221,98,5,54,206,200,106,58,2,92,164,161,115,40,298738
2015,2,11560670,신길5동,924,450,474,0,94,228,231,255,116,0,27,97,116,125,85,0,67,131,115,130,31,498387
2015,2,11560680,신길6동,2290,1112,1178,10,234,541,588,508,409,1,62,270,270,253,256,9,172,271,318,255,153,676005
2015,2,11560690,신길7동,2406,1460,946,2,401,444,602,642,315,1,272,296,371,318,202,1,129,148,231,324,113,599547
2015,2,11560700,대림1동,2598,1040,1558,7,676,665,593,437,220,5,142,273,273,204,143,2,534,392,320,233,77,493503
2015,2,11560710,대림2동,2262,1046,1216,7,259,556,682,461,297,2,79,233,265,239,228,5,180,323,417,222,69,574495
2015,2,11560720,대림3동,7793,4534,3259,16,982,1779,2103,1832,1081,6,491,1144,1319,983,591,10,491,635,784,849,490,933892
2015,2,11590510,노량진1동,4539,2816,1723,4,499,1053,1274,1126,583,2,189,640,863,717,405,2,310,413,411,409,178,1876800
2015,2,11590520,노량진2동,4025,2117,1908,6,515,1128,976,948,452,5,258,439,481,639,295,1,257,689,495,309,157,619921
2015,2,11590530,상도1동,4255,2040,2215,2,582,1053,1157,877,584,1,176,466,604,449,344,1,406,587,553,428,240,1492421
2015,2,11590540,상도2동,2084,937,1147,4,259,495,608,496,222,0,75,195,306,245,116,4,184,300,302,251,106,771971
2015,2,11590550,상도3동,1095,435,660,3,123,254,291,290,134,0,31,97,109,115,83,3,92,157,182,175,51,662403
2015,2,11590560,상도4동,1612,635,977,1,223,352,464,363,209,1,53,151,194,139,97,0,170,201,270,224,112,947172
2015,2,11590605,흑석동,5407,2536,2871,6,1084,1478,1429,1003,407,0,285,561,747,630,313,6,799,917,682,373,94,2062251
2015,2,11590620,사당1동,4854,2524,2330,27,988,1315,1250,812,462,10,271,711,742,459,331,17,717,604,508,353,131,630335
2015,2,11590630,사당2동,2653,1210,1443,6,397,622,700,601,327,3,111,308,332,264,192,3,286,314,368,337,135,3064442
2015,2,11590640,사당3동,2201,1151,1050,4,259,460,510,423,545,1,68,233,259,216,374,3,191,227,251,207,171,898029
2015,2,11590650,사당4동,1194,631,563,0,117,260,269,292,256,0,34,111,129,163,194,0,83,149,140,129,62,431219
2015,2,11590651,사당5동,922,429,493,0,129,252,253,209,79,0,55,112,106,98,58,0,74,140,147,111,21,658780
2015,2,11590660,대방동,9285,5330,3955,41,1138,2733,2200,1934,1239,8,403,1734,1386,1066,733,33,735,999,814,868,506,1591876
2015,2,11590670,신대방1동,3274,1828,1446,12,364,731,713,776,678,9,123,429,401,433,433,3,241,302,312,343,245,685547
2015,2,11590680,신대방2동,27168,14699,12469,109,4512,7894,6361,5344,2948,50,2303,4707,3499,2615,1525,59,2209,3187,2862,2729,1423,1024271
2015,2,11620525,보라매동,5020,2148,2872,7,662,1648,1756,628,319,4,186,583,848,326,201,3,476,1065,908,302,118,758003
2015,2,11620545,청림동,452,196,256,1,78,121,101,84,67,1,24,45,40,41,45,0,54,76,61,43,22,305629
2015,2,11620565,성현동,1078,401,677,3,130,268,340,240,97,0,28,98,96,107,72,3,102,170,244,133,25,695625
2015,2,11620575,행운동,3170,1643,1527,11,570,894,756,602,337,8,232,508,397,294,204,3,338,386,359,308,133,739229
2015,2,11620585,낙성대동,11319,6299,5020,8,1437,3611,2672,2357,1234,3,460,1727,1558,1549,1002,5,977,1884,1114,808,232,2341406
2015,2,11620595,청룡동,7091,4131,2960,17,734,1763,1956,1747,874,6,305,919,1123,1192,586,11,429,844,833,555,288,1186204
2015,2,11620605,은천동,3498,1590,1908,2,437,649,848,930,632,0,137,304,397,426,326,2,300,345,451,504,306,738181
2015,2,11620615,중앙동,2009,1048,961,9,339,531,514,336,280,5,107,286,300,185,165,4,232,245,214,151,115,385136
2015,2,11620625,인헌동,2745,1348,1397,1,304,632,665,619,524,1,81,322,302,289,353,0,223,310,363,330,171,709688
2015,2,11620630,남현동,3344,2129,1215,5,512,812,853,692,470,0,261,528,566,431,343,5,251,284,287,261,127,4218667
2015,2,11620645,서원동,3461,1560,1901,19,606,758,707,720,651,5,194,357,345,295,364,14,412,401,362,425,287,642690
2015,2,11620655,신원동,921,382,539,1,84,208,231,227,170,0,20,86,104,93,79,1,64,122,127,134,91,549115
2015,2,11620665,서림동,1340,811,529,0,113,220,346,408,253,0,35,118,194,256,208,0,78,102,152,152,45,981577
2015,2,11620685,신사동,2053,1087,966,1,292,432,532,533,263,0,131,244,289,272,151,1,161,188,243,261,112,609167
2015,2,11620695,신림동,2320,1143,1177,13,439,509,570,462,327,8,155,274,297,208,201,5,284,235,273,254,126,507666
2015,2,11620715,난향동,1042,368,674,2,81,174,197,296,292,0,13,38,68,82,167,2,68,136,129,214,125,786985
2015,2,11620725,조원동,3493,2172,1321,7,370,815,1001,809,491,6,174,518,627,509,338,1,196,297,374,300,153,652569
2015,2,11620735,대학동,2078,1182,896,5,236,465,547,570,255,2,80,238,312,359,191,3,156,227,235,211,64,8107585
2015,2,11620745,삼성동,939,415,524,3,128,195,240,234,139,2,25,69,88,133,98,1,103,126,152,101,41,2591742
2015,2,11620765,미성동,3149,1621,1528,2,325,561,866,782,613,0,78,252,437,450,404,2,247,309,429,332,209,1355300
2015,2,11620775,난곡동,947,383,564,0,108,247,254,256,82,0,19,91,93,129,51,0,89,156,161,127,31,982294
2015,2,11650510,서초1동,36601,20108,16493,167,9322,11327,8372,4972,2441,79,3622,7041,5021,2622,1723,88,5700,4286,3351,2350,718,1383210
2015,2,11650520,서초2동,47846,32181,15665,112,8354,15547,12724,7436,3673,59,4163,10648,9402,5284,2625,53,4191,4899,3322,2152,1048,1229759
2015,2,11650530,서초3동,74191,42182,32009,224,13383,23390,19812,11547,5835,88,4968,12811,12642,7338,4335,136,8415,10579,7170,4209,1500,3027494
2015,2,11650531,서초4동,24133,12919,11214,90,6139,8647,5071,2731,1455,20,1986,4804,3354,1775,980,70,4153,3843,1717,956,475,882770
2015,2,11650540,잠원동,18867,12021,6846,79,3441,6539,4649,2378,1781,36,1312,4367,3430,1586,1290,43,2129,2172,1219,792,491,1840832
2015,2,11650550,반포본동,1248,679,569,1,156,310,320,309,152,0,65,152,169,204,89,1,91,158,151,105,63,1491264
2015,2,11650560,반포1동,6978,3994,2984,15,1444,2434,1548,891,646,2,563,1467,1025,525,412,13,881,967,523,366,234,1000549
2015,2,11650570,반포2동,1920,1060,860,18,337,545,497,361,162,6,118,282,295,233,126,12,219,263,202,128,36,1258050
2015,2,11650580,반포3동,8136,3785,4351,55,1504,2366,1782,1462,967,27,751,1093,957,490,467,28,753,1273,825,972,500,1325140
2015,2,11650581,반포4동,32980,14156,18824,130,9076,10414,7164,3913,2283,53,2343,4668,3675,2041,1376,77,6733,5746,3489,1872,907,1416005
2015,2,11650590,방배본동,7908,3932,3976,27,1289,2145,1882,1564,1001,14,459,1313,942,589,615,13,830,832,940,975,386,660469
2015,2,11650600,방배1동,11385,6093,5292,42,2777,3950,2514,1275,827,16,994,2306,1480,745,552,26,1783,1644,1034,530,275,691215
2015,2,11650610,방배2동,21338,15493,5845,63,1934,3845,7134,6902,1460,36,850,2607,5545,5358,1097,27,1084,1238,1589,1544,363,1901725
2015,2,11650620,방배3동,9693,6037,3656,78,1734,2844,2187,1605,1245,27,692,1718,1571,1084,945,51,1042,1126,616,521,300,2411856
2015,2,11650621,방배4동,12449,6696,5753,63,2331,3591,3207,2080,1177,18,933,2061,1791,1108,785,45,1398,1530,1416,972,392,954529
2015,2,11650651,양재1동,31457,19200,12257,110,5368,9749,7447,4832,3951,50,2274,6160,5062,3075,2579,60,3094,3589,2385,1757,1372,5711370
2015,2,11650652,양재2동,122743,101428,21315,395,14726,30665,39167,34022,3768,172,9890,24691,33723,30234,2718,223,4836,5974,5444,3788,1050,7516954
2015,2,11650660,내곡동,4657,3227,1430,9,632,1369,1228,1044,375,3,263,897,900,843,321,6,369,472,328,201,54,13190710
2015,2,11680510,신사동,23213,10661,12552,96,6952,7917,4554,2275,1419,30,1957,3921,2585,1230,938,66,4995,3996,1969,1045,481,1736994
2015,2,11680521,논현1동,40282,21772,18510,136,10037,14127,8476,4635,2871,48,3266,8051,5549,2787,2071,88,6771,6076,2927,1848,800,1254345
2015,2,11680531,논현2동,64900,36205,28695,240,15957,22649,13941,7377,4736,88,5469,12629,9608,5215,3196,152,10488,10020,4333,2162,1540,1445565
2015,2,11680545,압구정동,32206,14078,18128,296,9607,10665,5956,3462,2220,114,2950,5060,3118,1626,1210,182,6657,5605,2838,1836,1010,2520945
2015,2,11680565,청담동,41576,20431,21145,213,10862,15085,8640,4090,2686,34,2980,7619,5491,2500,1807,179,7882,7466,3149,1590,879,2384707
2015,2,11680580,삼성1동,84788,51959,32829,365,19384,31049,18292,10290,5408,180,8324,19922,13360,6580,3593,185,11060,11127,4932,3710,1815,1926134
2015,2,11680590,삼성2동,49933,24954,24979,273,15193,15486,9634,6321,3026,134,5683,8874,5177,3122,1964,139,9510,6612,4457,3199,1062,1247821
2015,2,11680600,대치1동,3102,1353,1749,24,605,874,735,532,332,7,144,324,377,269,232,17,461,550,358,263,100,795761
2015,2,11680610,대치2동,58163,35402,22761,450,12136,20050,13331,7859,4337,177,4952,12878,9684,4926,2785,273,7184,7172,3647,2933,1552,2043875
2015,2,11680630,대치4동,29957,17498,12459,154,5918,10886,7827,3489,1683,21,2219,6506,5187,2382,1183,133,3699,4380,2640,1107,500,717795
2015,2,11680640,역삼1동,207007,113891,93116,801,39938,67709,55958,30760,11841,430,16665,42060,32965,14720,7051,371,23273,25649,22993,16040,4790,2360116
2015,2,11680650,역삼2동,43909,24927,18982,201,10684,14272,9968,5749,3035,80,3923,8385,6695,3787,2057,121,6761,5887,3273,1962,978,1127531
2015,2,11680655,도곡1동,20556,8565,11991,148,3916,5697,6661,3045,1089,85,1525,2824,2139,1233,759,63,2391,2873,4522,1812,330,1022697
2015,2,11680656,도곡2동,15520,9249,6271,33,2517,4764,3668,2217,2321,12,1009,2947,2626,1437,1218,21,1508,1817,1042,780,1103,1025651
2015,2,11680660,개포1동,1131,685,446,0,165,285,239,229,213,0,57,166,139,153,170,0,108,119,100,76,43,973078
2015,2,11680670,개포2동,2226,1140,1086,2,221,395,581,680,347,0,70,160,288,376,246,2,151,235,293,304,101,2371826
2015,2,11680690,개포4동,9538,5963,3575,31,1214,2598,2482,1935,1278,23,561,1686,1610,1166,917,8,653,912,872,769,361,1561449
2015,2,11680700,세곡동,3315,1775,1540,4,371,698,804,877,561,1,115,360,402,484,413,3,256,338,402,393,148,5894759
2015,2,11680720,일원본동,7435,1985,5450,10,2261,2986,1424,590,164,0,346,730,495,286,128,10,1915,2256,929,304,36,2381558
2015,2,11680730,일원1동,3129,1813,1316,6,384,659,748,726,606,4,187,390,450,407,375,2,197,269,298,319,231,947888
2015,2,11680740,일원2동,12698,10077,2621,59,3712,4107,2400,1791,629,45,3055,3453,1855,1296,373,14,657,654,545,495,256,1043911
2015,2,11680750,수서동,17625,9188,8437,29,2791,5799,4564,2765,1677,14,1198,3211,2101,1378,1286,15,1593,2588,2463,1387,391,1648393
2015,2,11710510,풍납1동,1413,729,684,1,117,322,406,370,197,0,39,145,200,208,137,1,78,177,206,162,60,1057487
2015,2,11710520,풍납2동,13054,4223,8831,2,3118,4575,3022,1614,723,1,538,1196,1198,857,433,1,2580,3379,1824,757,290,1999222
2015,2,11710531,거여1동,3683,2700,983,27,1043,1024,775,485,329,22,898,793,538,249,200,5,145,231,237,236,129,512307
2015,2,11710532,거여2동,2113,778,1335,2,263,412,603,565,268,2,71,185,221,176,123,0,192,227,382,389,145,510046
2015,2,11710540,마천1동,1039,465,574,1,112,192,317,256,161,0,31,81,133,130,90,1,81,111,184,126,71,504704
2015,2,11710550,마천2동,2915,1625,1290,3,244,641,808,828,391,2,108,358,455,448,254,1,136,283,353,380,137,936181
2015,2,11710561,방이1동,6041,3720,2321,10,764,1391,1398,1198,1280,8,270,791,821,767,1063,2,494,600,577,431,217,581968
2015,2,11710562,방이2동,17768,10242,7526,52,2506,4789,4453,3684,2284,27,1232,3077,2529,1864,1513,25,1274,1712,1924,1820,771,763928
2015,2,11710566,오륜동,3317,2053,1264,8,559,859,863,817,211,7,314,511,512,539,170,1,245,348,351,278,41,3150411
2015,2,11710570,오금동,12774,7843,4931,20,1113,2683,2761,2525,3672,11,471,1716,1785,1444,2416,9,642,967,976,1081,1256,1691111
2015,2,11710580,송파1동,6607,3933,2674,28,890,1642,1643,1478,926,15,420,1038,1022,860,578,13,470,604,621,618,348,683881
2015,2,11710590,송파2동,5156,2582,2574,24,1081,1621,1207,903,320,7,332,914,734,386,209,17,749,707,473,517,111,636016
2015,2,11710600,석촌동,9834,6194,3640,30,1571,2930,2313,1758,1232,19,724,1992,1457,1124,878,11,847,938,856,634,354,943819
2015,2,11710610,삼전동,7353,4568,2785,21,874,1698,1639,1603,1518,5,389,1071,985,897,1221,16,485,627,654,706,297,992437
2015,2,11710620,가락본동,26057,15688,10369,55,4165,7202,6461,4956,3218,33,1934,4361,4221,2901,2238,22,2231,2841,2240,2055,980,1024764
2015,2,11710631,가락1동,8590,6258,2332,9,452,1682,2652,2413,1382,1,334,1362,2006,1567,988,8,118,320,646,846,394,1357317
2015,2,11710632,가락2동,7757,4488,3269,27,1235,2159,2081,1403,852,16,580,1333,1202,733,624,11,655,826,879,670,228,934057
2015,2,11710641,문정1동,5149,3222,1927,10,626,1322,1383,925,883,4,292,816,910,545,655,6,334,506,473,380,228,604321
2015,2,11710642,문정2동,8853,5951,2902,45,1363,2593,2469,1567,816,25,675,1775,1766,1076,634,20,688,818,703,491,182,2387651
2015,2,11710646,장지동,8492,5649,2843,19,846,1563,2240,2285,1539,5,314,997,1516,1643,1174,14,532,566,724,642,365,1295680
2015,2,11710647,위례동,1218,965,253,0,35,157,421,514,91,0,7,88,345,446,79,0,28,69,76,68,12,2626871
2015,2,11710650,잠실본동,12734,7299,5435,32,2224,3314,3062,2460,1642,14,792,1903,1872,1539,1179,18,1432,1411,1190,921,463,1136161
2015,2,11710670,잠실2동,2813,1569,1244,1,494,821,772,548,177,1,227,459,448,300,134,0,267,362,324,248,43,2886358
2015,2,11710680,잠실3동,4497,2007,2490,117,1598,867,956,710,249,40,648,384,441,378,116,77,950,483,515,332,133,1506573
2015,2,11710690,잠실4동,704,279,425,1,129,150,176,136,112,0,23,61,57,58,80,1,106,89,119,78,32,838370
2015,2,11710710,잠실6동,58613,33399,25214,231,10602,18349,18338,8937,2156,144,5177,11824,10211,4648,1395,87,5425,6525,8127,4289,761,1403041
2015,2,11710720,잠실7동,577,240,337,0,41,145,151,171,69,0,12,60,58,74,36,0,29,85,93,97,33,675008
2015,2,11740515,강일동,13193,10468,2725,11,2265,5173,3064,1961,719,7,1410,4177,2531,1698,645,4,855,996,533,263,74,3722759
2015,2,11740520,상일동,3092,1273,1819,5,566,963,686,619,253,2,119,331,298,338,185,3,447,632,388,281,68,1801282
2015,2,11740530,명일1동,2906,1193,1713,7,350,479,717,796,557,2,93,233,302,280,283,5,257,246,415,516,274,630284
2015,2,11740540,명일2동,2017,914,1103,2,254,454,542,516,249,0,62,206,228,246,172,2,192,248,314,270,77,920946
2015,2,11740550,고덕1동,1124,472,652,0,132,264,299,285,144,0,25,110,131,119,87,0,107,154,168,166,57,1906565
2015,2,11740560,고덕2동,1389,626,763,0,120,257,380,486,146,0,35,118,146,243,84,0,85,139,234,243,62,2408099
2015,2,11740570,암사1동,1996,1049,947,4,213,451,565,464,299,3,93,225,288,252,188,1,120,226,277,212,111,738366
2015,2,11740580,암사2동,2362,996,1366,7,353,523,690,570,219,6,111,234,263,225,157,1,242,289,427,345,62,2337773
2015,2,11740590,암사3동,1053,434,619,0,148,254,265,312,74,0,29,96,97,155,57,0,119,158,168,157,17,1843902
2015,2,11740600,천호1동,2503,1164,1339,8,283,567,578,642,425,6,73,271,276,292,246,2,210,296,302,350,179,669571
2015,2,11740610,천호2동,7274,3766,3508,22,1056,1736,1640,1545,1275,13,380,895,862,767,849,9,676,841,778,778,426,1828343
2015,2,11740620,천호3동,3757,2178,1579,6,481,988,860,855,567,0,162,619,534,504,359,6,319,369,326,351,208,569450
2015,2,11740640,성내1동,13053,8161,4892,21,1495,3447,3550,2972,1568,8,578,1986,2263,2119,1207,13,917,1461,1287,853,361,658437
2015,2,11740650,성내2동,3296,1760,1536,9,435,769,824,742,517,2,165,393,436,401,363,7,270,376,388,341,154,624632
2015,2,11740660,성내3동,5816,3244,2572,16,752,1515,1384,1187,962,13,327,916,800,626,562,3,425,599,584,561,400,641973
2015,2,11740685,길동,9471,4999,4472,11,1495,2524,2303,1879,1259,3,534,1371,1328,908,855,8,961,1153,975,971,404,1590598
2015,2,11740690,둔촌1동,801,472,329,3,62,142,188,202,204,3,25,57,78,121,188,0,37,85,110,81,16,897261
2015,2,11740700,둔촌2동,6519,3256,3263,11,1186,1749,1507,1384,682,6,376,887,757,778,452,5,810,862,750,606,230,1592001
2015,3,11110515,청운효자동,5930,3745,2185,10,1068,2248,1392,906,306,4,490,1535,941,562,213,6,578,713,451,344,93,2429899
2015,3,11110530,사직동,65048,39964,25084,143,10150,21385,17596,10606,5168,21,3679,12429,13315,7457,3063,122,6471,8956,4281,3149,2105,1161995
2015,3,11110540,삼청동,3867,2018,1849,15,671,1219,1033,726,203,7,209,633,625,436,108,8,462,586,408,290,95,1391632
2015,3,11110550,부암동,2788,1429,1359,4,615,722,782,467,198,2,173,398,477,260,119,2,442,324,305,207,79,2221363
2015,3,11110560,평창동,2310,1081,1229,2,324,573,564,555,292,0,99,271,299,249,163,2,225,302,265,306,129,8346900
2015,3,11110570,무악동,545,182,363,0,94,171,141,81,58,0,10,43,51,32,46,0,84,128,90,49,12,453220
2015,3,11110580,교남동,1147,669,478,2,74,285,351,262,173,1,19,149,223,155,122,1,55,136,128,107,51,355267
2015,3,11110600,가회동,18377,15330,3047,10,2988,7041,5190,2406,742,4,2054,5742,4708,2182,640,6,934,1299,482,224,102,565302
2015,3,11110615,종로1.2.3.4가동,137267,83799,53468,1049,22404,46072,38863,22029,6850,506,8947,25920,27184,16455,4787,543,13457,20152,11679,5574,2063,2430999
2015,3,11110630,종로5.6가동,21135,14132,7003,210,3763,6940,5680,3274,1268,73,1885,4777,4161,2359,877,137,1878,2163,1519,915,391,599631
2015,3,11110640,이화동,5848,2953,2895,16,1061,1747,1425,1110,489,1,344,860,839,594,315,15,717,887,586,516,174,747067
2015,3,11110650,혜화동,4680,2540,2140,14,753,1282,1165,914,552,2,293,638,675,558,374,12,460,644,490,356,178,1161303
2015,3,11110670,창신1동,2400,1067,1333,12,324,686,657,461,260,5,109,298,248,232,175,7,215,388,409,229,85,297271
2015,3,11110680,창신2동,735,314,421,0,90,196,181,180,88,0,20,97,86,74,37,0,70,99,95,106,51,257188
2015,3,11110690,창신3동,347,180,167,1,31,88,79,103,45,1,9,30,38,64,38,0,22,58,41,39,7,216230
2015,3,11110700,숭인1동,600,285,315,0,78,131,161,147,83,0,32,56,72,78,47,0,46,75,89,69,36,236777
2015,3,11110710,숭인2동,2722,1526,1196,4,353,610,654,563,538,0,139,360,376,287,364,4,214,250,278,276,174,359384
2015,3,11140520,소공동,141730,81910,59820,472,30181,48799,40427,19118,2733,135,10234,26791,28198,14445,2107,337,19947,22008,12229,4673,626,918284
2015,3,11140540,회현동,62039,38226,23813,316,11364,22398,17326,8862,1773,99,5743,12870,11513,6657,1344,217,5621,9528,5813,2205,429,909465
2015,3,11140550,명동,161483,82826,78657,550,29485,57286,45978,22744,5440,123,8901,23729,28573,17790,3710,427,20584,33557,17405,4954,1730,993909
2015,3,11140570,필동,24074,11705,12369,95,4080,6585,7127,4583,1604,33,1426,3649,3565,2048,984,62,2654,2936,3562,2535,620,1458582
2015,3,11140580,장충동,10332,5600,4732,21,2421,3407,2766,1312,405,9,823,1979,1685,824,280,12,1598,1428,1081,488,125,1013897
2015,3,11140590,광희동,41233,21426,19807,923,11159,11489,9486,6029,2147,422,4755,6677,5230,2945,1397,501,6404,4812,4256,3084,750,745387
2015,3,11140605,을지로동,18259,11818,6441,89,2111,4932,5119,3797,2211,32,897,3002,3524,2684,1679,57,1214,1930,1595,1113,532,612013
2015,3,11140615,신당동,10765,6170,4595,29,2276,3688,2535,1537,700,13,1171,1990,1570,970,456,16,1105,1698,965,567,244,536647
2015,3,11140625,다산동,8137,3720,4417,41,2343,2077,1471,1402,803,18,809,1129,850,562,352,23,1534,948,621,840,451,532721
2015,3,11140635,약수동,2511,1118,1393,11,411,697,574,474,344,2,105,320,280,212,199,9,306,377,294,262,145,509395
2015,3,11140645,청구동,3467,2225,1242,6,552,1086,834,517,472,2,258,766,561,324,314,4,294,320,273,193,158,345114
2015,3,11140650,신당5동,1544,739,805,6,223,400,416,326,173,0,72,184,203,177,103,6,151,216,213,149,70,310367
2015,3,11140665,동화동,2244,1158,1086,5,438,639,505,466,191,4,141,341,286,258,128,1,297,298,219,208,63,330049
2015,3,11140670,황학동,3669,2178,1491,6,536,764,745,930,688,3,232,482,503,503,455,3,304,282,242,427,233,327694
2015,3,11140680,중림동,6934,4079,2855,12,1197,2073,1695,1146,811,6,415,1072,1145,808,633,6,782,1001,550,338,178,487576
2015,3,11170510,후암동,3835,1505,2330,3,377,661,899,1388,507,1,123,369,411,396,205,2,254,292,488,992,302,868399
2015,3,11170520,용산2가동,1154,613,541,0,111,259,331,316,137,0,44,108,213,171,77,0,67,151,118,145,60,2047347
2015,3,11170530,남영동,23793,14223,9570,720,7474,6850,4628,2928,1193,316,3420,4537,3289,1918,743,404,4054,2313,1339,1010,450,735947
2015,3,11170555,청파동,7592,3992,3600,22,1206,2098,1653,1486,1127,11,317,980,930,852,902,11,889,1118,723,634,225,867676
2015,3,11170560,원효로1동,7378,5119,2259,41,1137,2556,1957,1098,589,31,608,1867,1461,754,398,10,529,689,496,344,191,589294
2015,3,11170570,원효로2동,5898,4180,1718,12,595,1781,1353,1171,986,7,322,1362,987,797,705,5,273,419,366,374,281,915567
2015,3,11170580,효창동,1858,981,877,1,235,494,484,438,206,1,66,266,285,230,133,0,169,228,199,208,73,470670
2015,3,11170590,용문동,857,465,392,3,105,264,261,154,70,2,32,161,142,87,41,1,73,103,119,67,29,289284
2015,3,11170625,한강로동,58924,35079,23845,201,12453,20658,15682,7370,2560,106,5450,11899,10450,5364,1810,95,7003,8759,5232,2006,750,3358956
2015,3,11170630,이촌1동,1736,795,941,0,234,434,435,340,293,0,75,154,200,150,216,0,159,280,235,190,77,2143668
2015,3,11170640,이촌2동,290,174,116,0,30,71,72,64,53,0,9,43,47,38,37,0,21,28,25,26,16,1191110
2015,3,11170650,이태원1동,5116,3019,2097,12,949,1405,1129,975,646,10,509,802,645,630,423,2,440,603,484,345,223,579369
2015,3,11170660,이태원2동,2018,1145,873,1,436,699,462,256,164,1,225,404,265,138,112,0,211,295,197,118,52,879018
2015,3,11170685,한남동,13879,7311,6568,53,3404,5049,3015,1492,866,38,1275,2769,1815,886,528,15,2129,2280,1200,606,338,3198883
2015,3,11170690,서빙고동,4736,2520,2216,80,810,1567,1248,691,340,2,219,779,737,499,284,78,591,788,511,192,56,2198117
2015,3,11170700,보광동,612,312,300,1,54,128,157,170,102,1,15,68,75,85,68,0,39,60,82,85,34,890496
2015,3,11200520,왕십리2동,993,423,570,2,149,230,254,231,127,0,30,87,108,112,86,2,119,143,146,119,41,385254
2015,3,11200535,왕십리도선동,6450,3368,3082,20,1040,1574,1796,1319,701,6,337,925,950,730,420,14,703,649,846,589,281,718816
2015,3,11200540,마장동,9850,6761,3089,17,948,2313,2708,2645,1219,12,514,1595,1898,1869,873,5,434,718,810,776,346,1082999
2015,3,11200550,사근동,5152,2812,2340,6,773,1272,1427,1264,410,0,154,603,855,879,321,6,619,669,572,385,89,1182945
2015,3,11200560,행당1동,12578,5085,7493,24,1203,2801,4340,3617,593,14,565,1684,1275,1097,450,10,638,1117,3065,2520,143,552563
2015,3,11200570,행당2동,651,210,441,0,73,184,178,146,70,0,14,57,49,52,38,0,59,127,129,94,32,457197
2015,3,11200580,응봉동,370,155,215,1,41,78,91,103,56,0,13,28,33,34,47,1,28,50,58,69,9,547736
2015,3,11200590,금호1가동,763,368,395,4,90,176,216,174,103,0,24,69,101,95,79,4,66,107,115,79,24,441318
2015,3,11200615,금호2.3가동,889,354,535,6,111,201,212,222,137,2,22,83,73,85,89,4,89,118,139,137,48,638261
2015,3,11200620,금호4가동,738,287,451,0,91,202,167,183,95,0,22,76,67,68,54,0,69,126,100,115,41,935263
2015,3,11200645,옥수동,1627,745,882,3,289,414,422,314,185,1,78,168,213,158,127,2,211,246,209,156,58,1239152
2015,3,11200650,성수1가1동,4808,3096,1712,13,564,1279,1365,1183,404,8,233,816,880,823,336,5,331,463,485,360,68,2248463
2015,3,11200660,성수1가2동,14998,9139,5859,86,3357,4540,3098,2452,1465,32,1371,2857,2117,1680,1082,54,1986,1683,981,772,383,984783
2015,3,11200670,성수2가1동,44663,19679,24984,265,7589,12333,15570,7945,961,99,4497,7986,4694,1719,684,166,3092,4347,10876,6226,277,1126355
2015,3,11200690,성수2가3동,35976,22699,13277,171,6321,10710,9235,6000,3539,109,2793,6879,6129,4106,2683,62,3528,3831,3106,1894,856,1050781
2015,3,11200720,송정동,1695,1049,646,2,265,483,447,320,178,2,147,283,251,235,131,0,118,200,196,85,47,584812
2015,3,11200790,용답동,18414,13265,5149,48,1692,3849,6952,4154,1719,18,869,2886,5766,2774,952,30,823,963,1186,1380,767,2379362
2015,3,11215710,화양동,5283,2333,2950,24,1253,1725,1006,765,510,12,358,776,512,350,325,12,895,949,494,415,185,1124376
2015,3,11215730,군자동,4802,2756,2046,9,1076,1444,1183,732,358,6,425,897,720,461,247,3,651,547,463,271,111,733236
2015,3,11215740,중곡1동,4369,2541,1828,8,628,973,1076,850,834,2,217,530,590,491,711,6,411,443,486,359,123,602769
2015,3,11215750,중곡2동,3276,1614,1662,2,475,839,945,668,347,0,184,428,458,329,215,2,291,411,487,339,132,544807
2015,3,11215760,중곡3동,1888,1033,855,3,240,374,485,512,274,2,86,206,252,296,191,1,154,168,233,216,83,600824
2015,3,11215770,중곡4동,2786,1497,1289,1,308,584,730,799,364,1,97,259,376,489,275,0,211,325,354,310,89,2295463
2015,3,11215780,능동,2963,1560,1403,9,457,846,705,593,353,5,161,447,420,297,230,4,296,399,285,296,123,1094134
2015,3,11215810,광장동,7482,4198,3284,50,1484,2325,1806,1258,559,20,549,1279,1177,762,411,30,935,1046,629,496,148,2889609
2015,3,11215820,자양1동,8262,5001,3261,22,1058,1889,2105,2105,1083,11,316,923,1327,1579,845,11,742,966,778,526,238,621606
2015,3,11215830,자양2동,5957,3918,2039,4,554,1319,1997,1579,504,2,292,808,1455,1013,348,2,262,511,542,566,156,1630926
2015,3,11215840,자양3동,2539,1234,1305,5,374,677,608,565,310,2,132,353,293,257,197,3,242,324,315,308,113,1145609
2015,3,11215847,자양4동,2573,1491,1082,9,390,679,650,496,349,1,174,410,381,267,258,8,216,269,269,229,91,1148618
2015,3,11215850,구의1동,4589,2857,1732,10,574,1161,1173,1148,523,5,288,726,782,732,324,5,286,435,391,416,199,553095
2015,3,11215860,구의2동,3485,1971,1514,23,462,772,915,813,500,7,161,402,546,500,355,16,301,370,369,313,145,1363952
2015,3,11215870,구의3동,13414,7836,5578,38,1448,3207,3550,3257,1914,25,690,2138,2203,1663,1117,13,758,1069,1347,1594,797,1453971
2015,3,11230536,용신동,25137,14014,11123,88,3624,6641,6723,4964,3097,16,1374,3883,3749,3015,1977,72,2250,2758,2974,1949,1120,1590771
2015,3,11230545,제기동,5477,3204,2273,15,664,1239,1423,1307,829,2,269,736,885,778,534,13,395,503,538,529,295,1184853
2015,3,11230560,전농1동,2424,1256,1168,12,356,532,671,539,314,4,141,306,371,265,169,8,215,226,300,274,145,1140490
2015,3,11230570,전농2동,3094,1609,1485,6,346,791,872,792,287,3,78,324,475,507,222,3,268,467,397,285,65,983768
2015,3,11230600,답십리1동,6069,3514,2555,42,1071,1521,1495,1142,798,29,585,993,774,566,567,13,486,528,721,576,231,838156
2015,3,11230610,답십리2동,3412,2070,1342,6,370,799,911,800,526,2,157,523,580,473,335,4,213,276,331,327,191,814945
2015,3,11230650,장안1동,13124,7908,5216,21,1617,3123,3318,2869,2176,6,660,1797,2095,1768,1582,15,957,1326,1223,1101,594,1360347
2015,3,11230660,장안2동,5698,2856,2842,30,775,1326,1525,1339,703,13,242,686,762,692,461,17,533,640,763,647,242,1119438
2015,3,11230705,청량리동,5148,3020,2128,9,737,1386,1223,1124,669,3,276,799,745,736,461,6,461,587,478,388,208,1197287
2015,3,11230710,회기동,3883,1479,2404,9,840,1375,872,643,144,7,234,578,327,263,70,2,606,797,545,380,74,829432
2015,3,11230720,휘경1동,1279,706,573,6,163,285,311,265,249,2,58,155,190,142,159,4,105,130,121,123,90,519932
2015,3,11230730,휘경2동,4221,1736,2485,7,756,1148,1081,886,343,2,184,489,497,379,185,5,572,659,584,507,158,1207585
2015,3,11230740,이문1동,4610,2557,2053,3,557,1133,1369,1096,452,1,145,472,862,737,340,2,412,661,507,359,112,986690
2015,3,11230750,이문2동,887,464,423,1,109,147,258,229,143,0,31,54,125,144,110,1,78,93,133,85,33,698476
2015,3,11260520,면목2동,2377,1261,1116,3,265,501,653,616,339,1,86,251,331,350,242,2,179,250,322,266,97,743106
2015,3,11260540,면목4동,1627,957,670,2,149,265,440,544,227,0,39,116,263,374,165,2,110,149,177,170,62,821882
2015,3,11260550,면목5동,1186,770,416,2,112,197,318,355,202,1,44,127,184,256,158,1,68,70,134,99,44,591696
2015,3,11260565,면목본동,2215,964,1251,2,239,422,602,633,317,0,53,183,275,265,188,2,186,239,327,368,129,840931
2015,3,11260570,면목7동,1202,608,594,1,147,222,331,332,169,1,22,88,167,203,127,0,125,134,164,129,42,1202721
2015,3,11260575,면목3.8동,3676,2031,1645,7,501,753,975,963,477,0,116,328,556,659,372,7,385,425,419,304,105,1591050
2015,3,11260580,상봉1동,2769,1555,1214,9,254,544,712,797,453,5,83,255,352,516,344,4,171,289,360,281,109,917193
2015,3,11260590,상봉2동,9018,5419,3599,28,1037,2322,2734,1886,1011,7,533,1661,1481,1002,735,21,504,661,1253,884,276,658991
2015,3,11260600,중화1동,1558,631,927,2,219,358,488,352,139,1,40,144,192,164,90,1,179,214,296,188,49,637209
2015,3,11260610,중화2동,2799,1568,1231,3,280,518,671,594,733,2,88,287,372,327,492,1,192,231,299,267,241,960402
2015,3,11260620,묵1동,2647,1215,1432,3,348,693,743,618,242,2,91,318,341,296,167,1,257,375,402,322,75,1184393
2015,3,11260630,묵2동,1590,822,768,2,175,353,483,385,192,0,58,193,250,197,124,2,117,160,233,188,68,682005
2015,3,11260655,망우본동,5096,2666,2430,10,653,1149,1314,1263,707,5,155,522,687,753,544,5,498,627,627,510,163,3074745
2015,3,11260660,망우3동,1580,811,769,0,140,278,428,474,260,0,42,145,194,247,183,0,98,133,234,227,77,967313
2015,3,11260680,신내1동,5544,2919,2625,5,814,1238,1417,1492,578,1,195,637,770,913,403,4,619,601,647,579,175,2361684
2015,3,11260690,신내2동,3603,1767,1836,3,312,873,1016,971,428,1,78,352,444,634,258,2,234,521,572,337,170,939758
2015,3,11290525,성북동,2883,1300,1583,9,519,900,783,465,207,3,157,405,374,237,124,6,362,495,409,228,83,3067396
2015,3,11290555,삼선동,8122,4302,3820,20,966,1786,2119,2290,941,10,319,857,1183,1395,538,10,647,929,936,895,403,1177823
2015,3,11290575,동선동,5653,2358,3295,14,1017,1105,1260,1068,1189,3,231,517,635,452,520,11,786,588,625,616,669,729672
2015,3,11290580,돈암1동,859,321,538,3,116,231,239,188,82,2,38,77,86,74,44,1,78,154,153,114,38,461503
2015,3,11290590,돈암2동,584,204,380,0,116,185,141,92,50,0,20,67,56,26,35,0,96,118,85,66,15,414465
2015,3,11290600,안암동,5825,2687,3138,7,1356,1837,1423,829,373,2,353,816,783,481,252,5,1003,1021,640,348,121,1295307
2015,3,11290610,보문동,3278,1723,1555,11,399,629,717,687,835,2,130,334,373,355,529,9,269,295,344,332,306,551172
2015,3,11290620,정릉1동,941,396,545,4,103,218,274,224,118,0,18,84,114,106,74,4,85,134,160,118,44,475568
2015,3,11290630,정릉2동,1406,632,774,4,201,297,392,333,179,1,59,111,176,169,116,3,142,186,216,164,63,1165255
2015,3,11290640,정릉3동,2665,1580,1085,2,344,558,792,677,292,1,89,266,507,499,218,1,255,292,285,178,74,3182234
2015,3,11290650,정릉4동,2450,1567,883,4,249,389,667,774,367,2,48,197,463,568,289,2,201,192,204,206,78,3714207
2015,3,11290660,길음1동,1593,518,1075,2,268,345,440,333,205,0,42,122,133,102,119,2,226,223,307,231,86,753885
2015,3,11290685,길음2동,1179,539,640,6,263,318,255,218,119,0,91,142,122,94,90,6,172,176,133,124,29,423663
2015,3,11290705,종암동,3097,1602,1495,7,392,765,968,693,272,0,115,381,514,416,176,7,277,384,454,277,96,1494677
2015,3,11290715,월곡1동,3723,1922,1801,1,427,813,992,838,652,1,157,414,491,422,437,0,270,399,501,416,215,974658
2015,3,11290725,월곡2동,4443,2492,1951,6,657,1240,1175,880,485,3,280,726,660,519,304,3,377,514,515,361,181,1330228
2015,3,11290760,장위1동,849,318,531,1,71,148,257,249,123,1,18,54,106,89,50,0,53,94,151,160,73,714821
2015,3,11290770,장위2동,2254,1330,924,0,149,379,524,562,640,0,46,195,255,372,462,0,103,184,269,190,178,682224
2015,3,11290780,장위3동,1630,950,680,3,151,298,457,482,239,0,56,161,246,302,185,3,95,137,211,180,54,663549
2015,3,11290810,석관동,3258,1909,1349,3,270,609,765,685,926,0,76,272,412,425,724,3,194,337,353,260,202,1773773
2015,3,11305534,삼양동,1312,554,758,1,177,260,353,348,173,1,33,84,137,181,118,0,144,176,216,167,55,959451
2015,3,11305535,미아동,2172,903,1269,3,331,482,581,472,303,1,96,187,256,197,166,2,235,295,325,275,137,835492
2015,3,11305545,송중동,2750,1232,1518,12,390,681,785,567,315,2,144,314,342,234,196,10,246,367,443,333,119,1085065
2015,3,11305555,송천동,2639,1291,1348,9,328,589,697,644,372,5,73,264,341,341,267,4,255,325,356,303,105,928301
2015,3,11305575,삼각산동,1010,334,676,1,135,287,321,187,79,1,26,91,91,74,51,0,109,196,230,113,28,603256
2015,3,11305590,번1동,3779,2119,1660,11,445,782,948,995,598,4,148,432,550,628,357,7,297,350,398,367,241,619363
2015,3,11305600,번2동,2060,1287,773,8,142,301,652,701,256,7,43,168,386,492,191,1,99,133,266,209,65,992960
2015,3,11305606,번3동,1399,686,713,19,158,264,342,360,256,7,53,143,176,173,134,12,105,121,166,187,122,1075371
2015,3,11305610,수유1동,2866,1507,1359,6,241,508,774,905,432,3,65,220,419,515,285,3,176,288,355,390,147,1748455
2015,3,11305620,수유2동,2088,999,1089,2,202,305,436,509,634,0,62,170,209,245,313,2,140,135,227,264,321,593685
2015,3,11305630,수유3동,4259,2255,2004,15,458,1079,1142,1068,497,9,147,508,597,682,312,6,311,571,545,386,185,725084
2015,3,11305645,우이동,1737,1127,610,3,142,272,429,578,313,0,52,161,250,411,253,3,90,111,179,167,60,10680138
2015,3,11305660,인수동,3400,1571,1829,7,416,766,864,834,513,4,124,337,412,344,350,3,292,429,452,490,163,2869695
2015,3,11320511,창1동,1618,632,986,3,232,360,431,405,187,2,42,123,176,170,119,1,190,237,255,235,68,1104916
2015,3,11320512,창2동,2093,1116,977,3,240,404,646,506,294,1,85,210,318,282,220,2,155,194,328,224,74,654615
2015,3,11320513,창3동,859,334,525,6,111,176,272,203,91,4,29,66,99,84,52,2,82,110,173,119,39,635079
2015,3,11320514,창4동,3543,2202,1341,2,288,618,964,1062,609,2,66,332,581,740,481,0,222,286,383,322,128,1155759
2015,3,11320515,창5동,4559,2320,2239,12,493,1121,1297,1208,428,10,138,537,680,685,270,2,355,584,617,523,158,676820
2015,3,11320521,도봉1동,2940,1932,1008,10,194,418,779,1021,518,6,64,223,504,738,397,4,130,195,275,283,121,8547209
2015,3,11320522,도봉2동,4757,2728,2029,8,364,717,993,1084,1591,4,132,346,525,634,1087,4,232,371,468,450,504,1204332
2015,3,11320660,쌍문1동,2226,917,1309,1,333,370,600,638,284,0,52,144,232,294,195,1,281,226,368,344,89,1177010
2015,3,11320670,쌍문2동,2918,1455,1463,5,251,530,676,764,692,2,96,285,341,402,329,3,155,245,335,362,363,539384
2015,3,11320680,쌍문3동,1946,894,1052,3,340,486,556,404,157,3,83,228,267,216,97,0,257,258,289,188,60,504867
2015,3,11320681,쌍문4동,1014,368,646,1,123,265,233,293,99,1,14,105,68,121,59,0,109,160,165,172,40,543784
2015,3,11320690,방학1동,4769,2677,2092,6,506,865,1188,1422,782,0,186,443,629,855,564,6,320,422,559,567,218,1041785
2015,3,11320700,방학2동,1214,577,637,1,122,240,335,332,184,1,44,115,141,154,122,0,78,125,194,178,62,1102018
2015,3,11320710,방학3동,1734,784,950,2,143,298,449,569,273,1,43,124,172,252,192,1,100,174,277,317,81,1856777
2015,3,11350560,월계1동,2687,1598,1089,9,261,547,660,758,452,5,81,290,399,506,317,4,180,257,261,252,135,1218934
2015,3,11350570,월계2동,1623,788,835,3,154,346,486,444,190,2,39,135,220,255,137,1,115,211,266,189,53,1991095
2015,3,11350580,월계3동,1408,645,763,4,118,281,421,400,184,1,26,120,157,204,137,3,92,161,264,196,47,1133881
2015,3,11350595,공릉1동,7999,4174,3825,27,805,1492,1977,2058,1640,17,293,858,994,990,1022,10,512,634,983,1068,618,1217193
2015,3,11350600,공릉2동,6147,2941,3206,18,887,1387,1511,1531,813,11,209,549,686,880,606,7,678,838,825,651,207,7207339
2015,3,11350611,하계1동,6585,3601,2984,17,1001,1642,1710,1644,571,7,370,810,961,1066,387,10,631,832,749,578,184,1467562
2015,3,11350612,하계2동,544,158,386,0,46,105,167,182,44,0,6,26,32,57,37,0,40,79,135,125,7,513857
2015,3,11350619,중계본동,2139,1018,1121,5,209,372,553,481,519,1,69,168,247,231,302,4,140,204,306,250,217,2094464
2015,3,11350621,중계1동,1328,543,785,6,174,274,407,328,139,4,45,103,142,152,97,2,129,171,265,176,42,624508
2015,3,11350624,중계4동,1974,816,1158,5,159,356,572,591,291,3,40,163,225,227,158,2,119,193,347,364,133,1540528
2015,3,11350625,중계2.3동,2536,1043,1493,6,332,545,731,695,227,1,96,257,283,259,147,5,236,288,448,436,80,912217
2015,3,11350630,상계1동,4605,2305,2300,14,494,888,1286,1159,764,9,200,487,606,578,425,5,294,401,680,581,339,4997346
2015,3,11350640,상계2동,3764,1525,2239,19,650,751,924,964,456,9,198,349,369,365,235,10,452,402,555,599,221,629194
2015,3,11350665,상계3.4동,3096,1741,1355,3,165,335,782,1015,796,3,43,132,449,638,476,0,122,203,333,377,320,5751720
2015,3,11350670,상계5동,1857,740,1117,7,134,235,421,534,526,2,44,128,156,162,248,5,90,107,265,372,278,473604
2015,3,11350695,상계6.7동,8078,3293,4785,18,1339,2048,2150,1751,772,3,284,703,914,984,405,15,1055,1345,1236,767,367,1434043
2015,3,11350700,상계8동,899,269,630,3,91,200,288,229,88,2,14,34,51,98,70,1,77,166,237,131,18,668937
2015,3,11350710,상계9동,1189,446,743,2,104,302,368,295,118,1,17,77,118,149,84,1,87,225,250,146,34,833448
2015,3,11350720,상계10동,933,343,590,0,97,188,282,288,78,0,22,57,98,113,53,0,75,131,184,175,25,802642
2015,3,11380510,녹번동,6455,3213,3242,15,635,1492,1797,1744,772,7,219,650,905,988,444,8,416,842,892,756,328,1923020
2015,3,11380520,불광1동,2079,851,1228,9,298,618,555,400,199,7,74,253,255,148,114,2,224,365,300,252,85,2948578
2015,3,11380530,불광2동,2980,1395,1585,6,359,707,838,777,293,4,106,307,427,400,151,2,253,400,411,377,142,1756596
2015,3,11380551,갈현1동,1913,861,1052,7,289,422,507,408,280,4,83,183,226,203,162,3,206,239,281,205,118,909869
2015,3,11380552,갈현2동,2559,964,1595,6,312,590,682,677,292,0,78,278,236,228,144,6,234,312,446,449,148,1018512
2015,3,11380560,구산동,4166,1948,2218,10,447,805,973,1289,642,3,125,316,415,690,399,7,322,489,558,599,243,1316383
2015,3,11380570,대조동,3096,1328,1768,8,410,719,862,691,406,1,116,292,364,315,240,7,294,427,498,376,166,867572
2015,3,11380580,응암1동,3760,1793,1967,12,420,839,946,994,549,4,141,387,413,481,367,8,279,452,533,513,182,1126418
2015,3,11380590,응암2동,1036,524,512,4,110,209,269,307,137,0,27,70,123,201,103,4,83,139,146,106,34,554079
2015,3,11380600,응암3동,2550,1051,1499,8,332,586,728,596,300,4,105,260,286,242,154,4,227,326,442,354,146,933101
2015,3,11380625,역촌동,3473,1508,1965,2,327,737,918,941,548,2,117,335,391,359,304,0,210,402,527,582,244,1138805
2015,3,11380631,신사1동,1810,900,910,1,226,357,472,481,273,0,73,157,228,251,191,1,153,200,244,230,82,823498
2015,3,11380632,신사2동,1417,771,646,2,85,220,339,379,392,0,17,97,193,235,229,2,68,123,146,144,163,1050676
2015,3,11380640,증산동,2272,1405,867,8,226,466,583,604,385,3,79,257,322,416,328,5,147,209,261,188,57,929526
2015,3,11380650,수색동,1446,659,787,6,250,386,358,271,175,2,47,146,179,165,120,4,203,240,179,106,55,1169504
2015,3,11380690,진관동,2916,1434,1482,6,271,556,854,885,344,4,65,218,392,526,229,2,206,338,462,359,115,12836383
2015,3,11410520,천연동,1112,473,639,0,105,274,293,280,160,0,28,96,135,114,100,0,77,178,158,166,60,866603
2015,3,11410555,북아현동,971,415,556,0,104,169,241,294,163,0,22,78,94,145,76,0,82,91,147,149,87,461555
2015,3,11410565,충현동,24004,13654,10350,31,3831,8673,6669,3546,1254,14,1525,4719,4248,2297,851,17,2306,3954,2421,1249,403,1139343
2015,3,11410585,신촌동,17656,7154,10502,48,4379,5664,4139,2528,898,17,1124,1982,1984,1438,609,31,3255,3682,2155,1090,289,2504686
2015,3,11410615,연희동,7670,4169,3501,22,998,1919,1970,1879,882,11,358,972,1051,1193,584,11,640,947,919,686,298,2965760
2015,3,11410620,홍제1동,1552,626,926,0,242,367,418,334,191,0,45,129,193,142,117,0,197,238,225,192,74,1492096
2015,3,11410640,홍제3동,1567,597,970,7,193,308,401,352,306,3,48,107,145,138,156,4,145,201,256,214,150,1093373
2015,3,11410655,홍제2동,811,384,427,0,81,132,224,232,142,0,32,66,85,106,95,0,49,66,139,126,47,705399
2015,3,11410660,홍은1동,788,304,484,1,82,158,206,215,126,0,21,68,77,74,64,1,61,90,129,141,62,1538023
2015,3,11410685,홍은2동,3532,1846,1686,2,556,781,896,853,444,1,180,347,469,517,332,1,376,434,427,336,112,2049745
2015,3,11410690,남가좌1동,659,388,271,2,96,116,176,163,106,0,17,44,121,129,77,2,79,72,55,34,29,484765
2015,3,11410700,남가좌2동,1430,671,759,4,191,356,408,312,159,2,51,156,184,175,103,2,140,200,224,137,56,787125
2015,3,11410710,북가좌1동,1337,830,507,3,110,227,337,356,304,1,32,107,188,248,254,2,78,120,149,108,50,562752
2015,3,11410720,북가좌2동,2420,1277,1143,14,265,459,593,703,386,7,98,246,291,385,250,7,167,213,302,318,136,806705
2015,3,11440555,아현동,21531,12453,9078,70,3424,7536,5466,3730,1305,34,1250,4583,3651,2096,839,36,2174,2953,1815,1634,466,870645
2015,3,11440565,공덕동,9629,5987,3642,25,1751,2552,3164,1455,682,6,701,1471,2349,1074,386,19,1050,1081,815,381,296,891209
2015,3,11440585,도화동,11832,6319,5513,43,2482,3388,2848,1986,1085,29,1002,1904,1612,1068,704,14,1480,1484,1236,918,381,863516
2015,3,11440590,용강동,14008,8274,5734,28,1996,4332,3438,2530,1684,12,684,2685,2297,1494,1102,16,1312,1647,1141,1036,582,910388
2015,3,11440600,대흥동,8668,4369,4299,94,2261,2429,1731,1292,861,42,819,1242,1022,755,489,52,1442,1187,709,537,372,854083
2015,3,11440610,염리동,17314,10533,6781,60,1732,3474,5434,6341,273,24,589,1608,2708,5421,183,36,1143,1866,2726,920,90,549601
2015,3,11440630,신수동,4210,2370,1840,7,592,1303,1216,764,328,0,196,744,767,438,225,7,396,559,449,326,103,914314
2015,3,11440655,서강동,8199,4479,3720,29,1624,2275,1695,1257,1319,11,528,1335,1170,781,654,18,1096,940,525,476,665,1890596
2015,3,11440660,서교동,41922,21612,20310,368,10751,13169,8868,5466,3300,146,3857,7227,5380,2835,2167,222,6894,5942,3488,2631,1133,1641475
2015,3,11440680,합정동,9435,5411,4024,21,2080,3314,2291,1189,540,7,688,1960,1606,770,380,14,1392,1354,685,419,160,1792621
2015,3,11440690,망원1동,3224,1417,1807,16,376,599,680,538,1015,9,164,358,379,223,284,7,212,241,301,315,731,1111518
2015,3,11440700,망원2동,2996,1377,1619,7,376,813,905,606,289,4,150,435,391,211,186,3,226,378,514,395,103,1209563
2015,3,11440710,연남동,3933,2184,1749,9,737,1257,1052,574,304,3,252,688,641,382,218,6,485,569,411,192,86,641653
2015,3,11440720,성산1동,10716,7613,3103,16,1218,2233,2054,1492,3703,4,507,1343,1314,1012,3433,12,711,890,740,480,270,855779
2015,3,11440730,성산2동,6595,2605,3990,20,438,885,1444,2256,1552,17,195,471,716,667,539,3,243,414,728,1589,1013,1990923
2015,3,11440740,상암동,30381,18349,12032,96,8371,11105,7131,2754,924,38,3270,6729,5407,2156,749,58,5101,4376,1724,598,175,7646126
2015,3,11470510,목1동,13814,8737,5077,52,2155,4282,4094,2363,868,19,856,2611,2978,1687,586,33,1299,1671,1116,676,282,1572490
2015,3,11470520,목2동,2174,1149,1025,1,273,646,572,468,214,0,107,364,313,233,132,1,166,282,259,235,82,1021500
2015,3,11470530,목3동,1519,640,879,3,197,347,434,369,169,2,48,149,169,160,112,1,149,198,265,209,57,533074
2015,3,11470540,목4동,2183,1167,1016,9,231,393,587,615,348,7,89,213,278,341,239,2,142,180,309,274,109,578170
2015,3,11470550,목5동,6013,2239,3774,17,1110,1634,1472,1089,691,5,215,502,538,520,459,12,895,1132,934,569,232,2055129
2015,3,11470560,신월1동,2418,1468,950,4,180,474,721,726,313,4,63,283,410,472,236,0,117,191,311,254,77,625887
2015,3,11470570,신월2동,1976,1043,933,6,199,355,572,563,281,1,73,159,279,333,198,5,126,196,293,230,83,608140
2015,3,11470580,신월3동,2454,1332,1122,8,220,488,645,761,332,5,89,238,296,452,252,3,131,250,349,309,80,932122
2015,3,11470590,신월4동,1952,1110,842,1,167,323,458,640,363,1,64,159,223,388,275,0,103,164,235,252,88,470224
2015,3,11470600,신월5동,2505,1462,1043,3,196,382,526,572,826,2,50,150,216,275,769,1,146,232,310,297,57,523363
2015,3,11470610,신월6동,1246,663,583,1,155,196,348,362,184,0,50,88,171,209,145,1,105,108,177,153,39,437027
2015,3,11470611,신월7동,3682,2544,1138,3,312,539,1033,1080,715,1,187,336,670,749,601,2,125,203,363,331,114,1403954
2015,3,11470620,신정1동,2399,1215,1184,2,248,524,696,541,388,1,86,245,372,278,233,1,162,279,324,263,155,722680
2015,3,11470630,신정2동,1708,709,999,3,218,346,523,409,209,1,41,171,199,160,137,2,177,175,324,249,72,594999
2015,3,11470640,신정3동,5015,2775,2240,4,537,945,1284,1320,925,0,155,415,629,796,780,4,382,530,655,524,145,2650845
2015,3,11470650,신정4동,8340,4672,3668,9,1008,1786,1921,1819,1797,5,348,959,996,936,1428,4,660,827,925,883,369,996406
2015,3,11470670,신정6동,4999,2778,2221,9,466,1234,1393,1468,429,5,199,592,686,1000,296,4,267,642,707,468,133,972556
2015,3,11470680,신정7동,2006,953,1053,2,225,431,633,484,231,1,70,214,304,227,137,1,155,217,329,257,94,1144112
2015,3,11500510,염창동,10995,6814,4181,33,1736,3316,2982,1946,982,9,715,2050,2007,1263,770,24,1021,1266,975,683,212,1957926
2015,3,11500520,등촌1동,9487,5753,3734,93,1681,2659,2402,1756,896,58,718,1682,1608,1109,578,35,963,977,794,647,318,649434
2015,3,11500530,등촌2동,2091,1189,902,1,241,468,536,555,290,0,65,222,308,358,236,1,176,246,228,197,54,908847
2015,3,11500535,등촌3동,16991,8940,8051,94,2988,3781,3745,4552,1831,75,1378,2351,2112,1900,1124,19,1610,1430,1633,2652,707,1049363
2015,3,11500540,화곡1동,3909,1855,2054,8,508,974,1071,926,422,4,171,511,509,410,250,4,337,463,562,516,172,1194778
2015,3,11500550,화곡2동,1449,638,811,0,181,363,458,328,119,0,70,195,188,119,66,0,111,168,270,209,53,456061
2015,3,11500560,화곡3동,2065,913,1152,7,246,398,577,609,228,3,84,231,270,189,136,4,162,167,307,420,92,515596
2015,3,11500570,화곡4동,1596,745,851,2,241,355,454,402,142,0,81,178,197,204,85,2,160,177,257,198,57,853460
2015,3,11500590,화곡본동,2438,1033,1405,5,313,584,608,515,413,3,54,245,249,212,270,2,259,339,359,303,143,1007050
2015,3,11500591,화곡6동,8512,5256,3256,28,885,2214,2211,2176,998,17,369,1311,1363,1498,698,11,516,903,848,678,300,1034624
2015,3,11500593,화곡8동,1088,452,636,2,139,244,306,225,172,0,48,96,129,71,108,2,91,148,177,154,64,567208
2015,3,11500603,가양1동,8389,5430,2959,26,1148,2349,2330,1742,794,15,574,1486,1504,1211,640,11,574,863,826,531,154,5908521
2015,3,11500604,가양2동,2180,1092,1088,8,353,507,433,416,463,4,117,231,200,173,367,4,236,276,233,243,96,996881
2015,3,11500605,가양3동,4987,3109,1878,32,797,1669,1359,787,343,15,359,1115,915,464,241,17,438,554,444,323,102,691403
2015,3,11500611,발산1동,5868,3274,2594,9,592,1221,1585,1668,793,6,167,595,861,1045,600,3,425,626,724,623,193,3032326
2015,3,11500615,우장산동,3788,1657,2131,50,584,855,931,832,536,24,172,395,425,327,314,26,412,460,506,505,222,1268459
2015,3,11500620,공항동,35174,19525,15649,40,6893,11927,10328,5002,984,18,1471,5180,7573,4426,857,22,5422,6747,2755,576,127,11377979
2015,3,11500630,방화1동,7543,5027,2516,15,926,1825,2094,1888,795,7,534,1343,1477,1241,425,8,392,482,617,647,370,1125789
2015,3,11500640,방화2동,3662,2336,1326,4,356,776,949,961,616,3,171,470,549,679,464,1,185,306,400,282,152,5564098
2015,3,11500641,방화3동,3033,1784,1249,3,283,634,741,875,497,0,64,267,435,624,394,3,219,367,306,251,103,1964100
2015,3,11530510,신도림동,9260,5555,3705,23,1607,2918,2390,1640,682,12,663,1731,1516,1114,519,11,944,1187,874,526,163,1312211
2015,3,11530520,구로1동,2140,1016,1124,2,221,562,514,346,495,2,98,326,258,167,165,0,123,236,256,179,330,1004193
2015,3,11530530,구로2동,25690,14212,11478,85,4089,8341,6351,4757,2067,30,1386,4176,3864,3214,1542,55,2703,4165,2487,1543,525,1807452
2015,3,11530540,구로3동,77015,48666,28349,313,17451,28871,17913,8696,3771,158,8238,19885,12560,5095,2730,155,9213,8986,5353,3601,1041,1033159
2015,3,11530550,구로4동,2924,1298,1626,5,319,617,785,650,548,2,90,260,340,261,345,3,229,357,445,389,203,538215
2015,3,11530560,구로5동,19666,11447,8219,57,4078,6330,4204,3185,1812,24,1840,3763,2810,1945,1065,33,2238,2567,1394,1240,747,1075552
2015,3,11530595,가리봉동,1261,515,746,2,131,256,316,295,261,0,44,114,123,124,110,2,87,142,193,171,151,415751
2015,3,11530720,고척1동,5268,3197,2071,9,506,1074,1330,1253,1096,6,206,579,766,787,853,3,300,495,564,466,243,1100132
2015,3,11530730,고척2동,1850,895,955,4,235,412,577,438,184,3,82,215,256,215,124,1,153,197,321,223,60,1013917
2015,3,11530740,개봉1동,2972,1358,1614,3,340,573,822,809,425,2,109,297,358,343,249,1,231,276,464,466,176,1168155
2015,3,11530750,개봉2동,1211,482,729,1,176,264,380,239,151,1,24,117,140,107,93,0,152,147,240,132,58,825368
2015,3,11530760,개봉3동,2820,1644,1176,1,126,308,441,486,1458,0,35,114,166,238,1091,1,91,194,275,248,367,831642
2015,3,11530770,오류1동,2919,1227,1692,6,346,625,939,658,345,2,97,282,359,266,221,4,249,343,580,392,124,707130
2015,3,11530780,오류2동,3678,1948,1730,3,367,842,979,942,545,1,108,422,492,519,406,2,259,420,487,423,139,4314692
2015,3,11530790,수궁동,3820,2443,1377,8,375,819,1032,1071,515,5,179,513,621,705,420,3,196,306,411,366,95,2684146
2015,3,11545510,가산동,131149,83486,47663,2634,30474,44060,31045,15706,7230,1149,14956,30445,21757,10000,5179,1485,15518,13615,9288,5706,2051,2245346
2015,3,11545610,독산1동,16040,10811,5229,44,1935,4080,4496,3863,1622,30,1185,2929,2915,2520,1232,14,750,1151,1581,1343,390,1956086
2015,3,11545620,독산2동,1365,666,699,1,145,277,383,349,210,0,36,121,173,183,153,1,109,156,210,166,57,596742
2015,3,11545630,독산3동,4926,2882,2044,11,508,769,994,1052,1592,3,168,325,406,564,1416,8,340,444,588,488,176,982894
2015,3,11545640,독산4동,1900,1059,841,2,277,432,561,404,224,1,147,243,293,213,162,1,130,189,268,191,62,605029
2015,3,11545670,시흥1동,8596,4274,4322,40,1479,2374,1975,1839,889,23,637,1180,924,988,522,17,842,1194,1051,851,367,1437595
2015,3,11545680,시흥2동,1163,343,820,2,138,274,295,328,126,0,15,75,89,98,66,2,123,199,206,230,60,1170211
2015,3,11545690,시흥3동,9515,6411,3104,21,612,1804,2782,2521,1775,9,353,1175,1733,1659,1482,12,259,629,1049,862,293,1328458
2015,3,11545700,시흥4동,746,248,498,0,57,152,241,209,87,0,12,43,70,76,47,0,45,109,171,133,40,873884
2015,3,11545710,시흥5동,1934,1074,860,4,158,264,548,648,312,1,42,127,283,407,214,3,116,137,265,241,98,1368598
2015,3,11560515,영등포본동,2235,1061,1174,9,261,472,561,535,397,1,85,224,250,259,242,8,176,248,311,276,155,843586
2015,3,11560535,영등포동,21503,13050,8453,75,3387,6070,5181,4014,2776,39,1340,3743,3486,2605,1837,36,2047,2327,1695,1409,939,1390482
2015,3,11560540,여의동,268180,179063,89117,1378,56947,103178,67390,30435,8852,611,25651,70143,53223,23729,5706,767,31296,33035,14167,6706,3146,6703511
2015,3,11560550,당산1동,14602,8297,6305,21,1924,3820,3417,2928,2492,11,651,2144,1970,1915,1606,10,1273,1676,1447,1013,886,746447
2015,3,11560560,당산2동,19733,11141,8592,52,3214,4568,4344,3928,3627,28,1281,2619,2541,2293,2379,24,1933,1949,1803,1635,1248,1526636
2015,3,11560585,도림동,1826,1177,649,3,172,348,481,444,378,1,72,205,320,303,276,2,100,143,161,141,102,539427
2015,3,11560605,문래동,35456,23105,12351,129,6917,11228,8639,5620,2923,78,3678,7662,5825,3562,2300,51,3239,3566,2814,2058,623,1738475
2015,3,11560610,양평1동,17309,10216,7093,71,3412,4606,4175,3175,1870,36,1435,2952,2537,1862,1394,35,1977,1654,1638,1313,476,869573
2015,3,11560620,양평2동,34443,18308,16135,129,6824,12909,9589,3790,1202,60,2798,7133,5090,2274,953,69,4026,5776,4499,1516,249,2573400
2015,3,11560630,신길1동,5002,2909,2093,5,626,1192,994,1220,965,1,264,824,559,669,592,4,362,368,435,551,373,762886
2015,3,11560650,신길3동,1621,923,698,2,137,330,398,394,360,0,46,179,214,227,257,2,91,151,184,167,103,510335
2015,3,11560660,신길4동,1203,629,574,7,146,370,361,221,98,5,54,206,200,106,58,2,92,164,161,115,40,298738
2015,3,11560670,신길5동,924,450,474,0,94,228,231,255,116,0,27,97,116,125,85,0,67,131,115,130,31,498387
2015,3,11560680,신길6동,2290,1112,1178,10,234,541,588,508,409,1,62,270,270,253,256,9,172,271,318,255,153,676005
2015,3,11560690,신길7동,2406,1460,946,2,401,444,602,642,315,1,272,296,371,318,202,1,129,148,231,324,113,599547
2015,3,11560700,대림1동,2598,1040,1558,7,676,665,593,437,220,5,142,273,273,204,143,2,534,392,320,233,77,493503
2015,3,11560710,대림2동,2262,1046,1216,7,259,556,682,461,297,2,79,233,265,239,228,5,180,323,417,222,69,574495
2015,3,11560720,대림3동,7793,4534,3259,16,982,1779,2103,1832,1081,6,491,1144,1319,983,591,10,491,635,784,849,490,933892
2015,3,11590510,노량진1동,4539,2816,1723,4,499,1053,1274,1126,583,2,189,640,863,717,405,2,310,413,411,409,178,1876800
2015,3,11590520,노량진2동,4025,2117,1908,6,515,1128,976,948,452,5,258,439,481,639,295,1,257,689,495,309,157,619921
2015,3,11590530,상도1동,4255,2040,2215,2,582,1053,1157,877,584,1,176,466,604,449,344,1,406,587,553,428,240,1492421
2015,3,11590540,상도2동,2084,937,1147,4,259,495,608,496,222,0,75,195,306,245,116,4,184,300,302,251,106,771971
2015,3,11590550,상도3동,1095,435,660,3,123,254,291,290,134,0,31,97,109,115,83,3,92,157,182,175,51,662403
2015,3,11590560,상도4동,1612,635,977,1,223,352,464,363,209,1,53,151,194,139,97,0,170,201,270,224,112,947172
2015,3,11590605,흑석동,5407,2536,2871,6,1084,1478,1429,1003,407,0,285,561,747,630,313,6,799,917,682,373,94,2062251
2015,3,11590620,사당1동,4854,2524,2330,27,988,1315,1250,812,462,10,271,711,742,459,331,17,717,604,508,353,131,630335
2015,3,11590630,사당2동,2653,1210,1443,6,397,622,700,601,327,3,111,308,332,264,192,3,286,314,368,337,135,3064442
2015,3,11590640,사당3동,2201,1151,1050,4,259,460,510,423,545,1,68,233,259,216,374,3,191,227,251,207,171,898029
2015,3,11590650,사당4동,1194,631,563,0,117,260,269,292,256,0,34,111,129,163,194,0,83,149,140,129,62,431219
2015,3,11590651,사당5동,922,429,493,0,129,252,253,209,79,0,55,112,106,98,58,0,74,140,147,111,21,658780
2015,3,11590660,대방동,9285,5330,3955,41,1138,2733,2200,1934,1239,8,403,1734,1386,1066,733,33,735,999,814,868,506,1591876
2015,3,11590670,신대방1동,3274,1828,1446,12,364,731,713,776,678,9,123,429,401,433,433,3,241,302,312,343,245,685547
2015,3,11590680,신대방2동,27168,14699,12469,109,4512,7894,6361,5344,2948,50,2303,4707,3499,2615,1525,59,2209,3187,2862,2729,1423,1024271
2015,3,11620525,보라매동,5020,2148,2872,7,662,1648,1756,628,319,4,186,583,848,326,201,3,476,1065,908,302,118,758003
2015,3,11620545,청림동,452,196,256,1,78,121,101,84,67,1,24,45,40,41,45,0,54,76,61,43,22,305629
2015,3,11620565,성현동,1078,401,677,3,130,268,340,240,97,0,28,98,96,107,72,3,102,170,244,133,25,695625
2015,3,11620575,행운동,3170,1643,1527,11,570,894,756,602,337,8,232,508,397,294,204,3,338,386,359,308,133,739229
2015,3,11620585,낙성대동,11319,6299,5020,8,1437,3611,2672,2357,1234,3,460,1727,1558,1549,1002,5,977,1884,1114,808,232,2341406
2015,3,11620595,청룡동,7091,4131,2960,17,734,1763,1956,1747,874,6,305,919,1123,1192,586,11,429,844,833,555,288,1186204
2015,3,11620605,은천동,3498,1590,1908,2,437,649,848,930,632,0,137,304,397,426,326,2,300,345,451,504,306,738181
2015,3,11620615,중앙동,2009,1048,961,9,339,531,514,336,280,5,107,286,300,185,165,4,232,245,214,151,115,385136
2015,3,11620625,인헌동,2745,1348,1397,1,304,632,665,619,524,1,81,322,302,289,353,0,223,310,363,330,171,709688
2015,3,11620630,남현동,3344,2129,1215,5,512,812,853,692,470,0,261,528,566,431,343,5,251,284,287,261,127,4218667
2015,3,11620645,서원동,3461,1560,1901,19,606,758,707,720,651,5,194,357,345,295,364,14,412,401,362,425,287,642690
2015,3,11620655,신원동,921,382,539,1,84,208,231,227,170,0,20,86,104,93,79,1,64,122,127,134,91,549115
2015,3,11620665,서림동,1340,811,529,0,113,220,346,408,253,0,35,118,194,256,208,0,78,102,152,152,45,981577
2015,3,11620685,신사동,2053,1087,966,1,292,432,532,533,263,0,131,244,289,272,151,1,161,188,243,261,112,609167
2015,3,11620695,신림동,2320,1143,1177,13,439,509,570,462,327,8,155,274,297,208,201,5,284,235,273,254,126,507666
2015,3,11620715,난향동,1042,368,674,2,81,174,197,296,292,0,13,38,68,82,167,2,68,136,129,214,125,786985
2015,3,11620725,조원동,3493,2172,1321,7,370,815,1001,809,491,6,174,518,627,509,338,1,196,297,374,300,153,652569
2015,3,11620735,대학동,2078,1182,896,5,236,465,547,570,255,2,80,238,312,359,191,3,156,227,235,211,64,8107585
2015,3,11620745,삼성동,939,415,524,3,128,195,240,234,139,2,25,69,88,133,98,1,103,126,152,101,41,2591742
2015,3,11620765,미성동,3149,1621,1528,2,325,561,866,782,613,0,78,252,437,450,404,2,247,309,429,332,209,1355300
2015,3,11620775,난곡동,947,383,564,0,108,247,254,256,82,0,19,91,93,129,51,0,89,156,161,127,31,982294
2015,3,11650510,서초1동,36601,20108,16493,167,9322,11327,8372,4972,2441,79,3622,7041,5021,2622,1723,88,5700,4286,3351,2350,718,1383210
2015,3,11650520,서초2동,47846,32181,15665,112,8354,15547,12724,7436,3673,59,4163,10648,9402,5284,2625,53,4191,4899,3322,2152,1048,1229759
2015,3,11650530,서초3동,74191,42182,32009,224,13383,23390,19812,11547,5835,88,4968,12811,12642,7338,4335,136,8415,10579,7170,4209,1500,3027494
2015,3,11650531,서초4동,24133,12919,11214,90,6139,8647,5071,2731,1455,20,1986,4804,3354,1775,980,70,4153,3843,1717,956,475,882770
2015,3,11650540,잠원동,18867,12021,6846,79,3441,6539,4649,2378,1781,36,1312,4367,3430,1586,1290,43,2129,2172,1219,792,491,1840832
2015,3,11650550,반포본동,1248,679,569,1,156,310,320,309,152,0,65,152,169,204,89,1,91,158,151,105,63,1491264
2015,3,11650560,반포1동,6978,3994,2984,15,1444,2434,1548,891,646,2,563,1467,1025,525,412,13,881,967,523,366,234,1000549
2015,3,11650570,반포2동,1920,1060,860,18,337,545,497,361,162,6,118,282,295,233,126,12,219,263,202,128,36,1258050
2015,3,11650580,반포3동,8136,3785,4351,55,1504,2366,1782,1462,967,27,751,1093,957,490,467,28,753,1273,825,972,500,1325140
2015,3,11650581,반포4동,32980,14156,18824,130,9076,10414,7164,3913,2283,53,2343,4668,3675,2041,1376,77,6733,5746,3489,1872,907,1416005
2015,3,11650590,방배본동,7908,3932,3976,27,1289,2145,1882,1564,1001,14,459,1313,942,589,615,13,830,832,940,975,386,660469
2015,3,11650600,방배1동,11385,6093,5292,42,2777,3950,2514,1275,827,16,994,2306,1480,745,552,26,1783,1644,1034,530,275,691215
2015,3,11650610,방배2동,21338,15493,5845,63,1934,3845,7134,6902,1460,36,850,2607,5545,5358,1097,27,1084,1238,1589,1544,363,1901725
2015,3,11650620,방배3동,9693,6037,3656,78,1734,2844,2187,1605,1245,27,692,1718,1571,1084,945,51,1042,1126,616,521,300,2411856
2015,3,11650621,방배4동,12449,6696,5753,63,2331,3591,3207,2080,1177,18,933,2061,1791,1108,785,45,1398,1530,1416,972,392,954529
2015,3,11650651,양재1동,31457,19200,12257,110,5368,9749,7447,4832,3951,50,2274,6160,5062,3075,2579,60,3094,3589,2385,1757,1372,5711370
2015,3,11650652,양재2동,122743,101428,21315,395,14726,30665,39167,34022,3768,172,9890,24691,33723,30234,2718,223,4836,5974,5444,3788,1050,7516954
2015,3,11650660,내곡동,4657,3227,1430,9,632,1369,1228,1044,375,3,263,897,900,843,321,6,369,472,328,201,54,13190710
2015,3,11680510,신사동,23213,10661,12552,96,6952,7917,4554,2275,1419,30,1957,3921,2585,1230,938,66,4995,3996,1969,1045,481,1736994
2015,3,11680521,논현1동,40282,21772,18510,136,10037,14127,8476,4635,2871,48,3266,8051,5549,2787,2071,88,6771,6076,2927,1848,800,1254345
2015,3,11680531,논현2동,64900,36205,28695,240,15957,22649,13941,7377,4736,88,5469,12629,9608,5215,3196,152,10488,10020,4333,2162,1540,1445565
2015,3,11680545,압구정동,32206,14078,18128,296,9607,10665,5956,3462,2220,114,2950,5060,3118,1626,1210,182,6657,5605,2838,1836,1010,2520945
2015,3,11680565,청담동,41576,20431,21145,213,10862,15085,8640,4090,2686,34,2980,7619,5491,2500,1807,179,7882,7466,3149,1590,879,2384707
2015,3,11680580,삼성1동,84788,51959,32829,365,19384,31049,18292,10290,5408,180,8324,19922,13360,6580,3593,185,11060,11127,4932,3710,1815,1926134
2015,3,11680590,삼성2동,49933,24954,24979,273,15193,15486,9634,6321,3026,134,5683,8874,5177,3122,1964,139,9510,6612,4457,3199,1062,1247821
2015,3,11680600,대치1동,3102,1353,1749,24,605,874,735,532,332,7,144,324,377,269,232,17,461,550,358,263,100,795761
2015,3,11680610,대치2동,58163,35402,22761,450,12136,20050,13331,7859,4337,177,4952,12878,9684,4926,2785,273,7184,7172,3647,2933,1552,2043875
2015,3,11680630,대치4동,29957,17498,12459,154,5918,10886,7827,3489,1683,21,2219,6506,5187,2382,1183,133,3699,4380,2640,1107,500,717795
2015,3,11680640,역삼1동,207007,113891,93116,801,39938,67709,55958,30760,11841,430,16665,42060,32965,14720,7051,371,23273,25649,22993,16040,4790,2360116
2015,3,11680650,역삼2동,43909,24927,18982,201,10684,14272,9968,5749,3035,80,3923,8385,6695,3787,2057,121,6761,5887,3273,1962,978,1127531
2015,3,11680655,도곡1동,20556,8565,11991,148,3916,5697,6661,3045,1089,85,1525,2824,2139,1233,759,63,2391,2873,4522,1812,330,1022697
2015,3,11680656,도곡2동,15520,9249,6271,33,2517,4764,3668,2217,2321,12,1009,2947,2626,1437,1218,21,1508,1817,1042,780,1103,1025651
2015,3,11680660,개포1동,1131,685,446,0,165,285,239,229,213,0,57,166,139,153,170,0,108,119,100,76,43,973078
2015,3,11680670,개포2동,2226,1140,1086,2,221,395,581,680,347,0,70,160,288,376,246,2,151,235,293,304,101,2371826
2015,3,11680690,개포4동,9538,5963,3575,31,1214,2598,2482,1935,1278,23,561,1686,1610,1166,917,8,653,912,872,769,361,1561449
2015,3,11680700,세곡동,3315,1775,1540,4,371,698,804,877,561,1,115,360,402,484,413,3,256,338,402,393,148,5894759
2015,3,11680720,일원본동,7435,1985,5450,10,2261,2986,1424,590,164,0,346,730,495,286,128,10,1915,2256,929,304,36,2381558
2015,3,11680730,일원1동,3129,1813,1316,6,384,659,748,726,606,4,187,390,450,407,375,2,197,269,298,319,231,947888
2015,3,11680740,일원2동,12698,10077,2621,59,3712,4107,2400,1791,629,45,3055,3453,1855,1296,373,14,657,654,545,495,256,1043911
2015,3,11680750,수서동,17625,9188,8437,29,2791,5799,4564,2765,1677,14,1198,3211,2101,1378,1286,15,1593,2588,2463,1387,391,1648393
2015,3,11710510,풍납1동,1413,729,684,1,117,322,406,370,197,0,39,145,200,208,137,1,78,177,206,162,60,1057487
2015,3,11710520,풍납2동,13054,4223,8831,2,3118,4575,3022,1614,723,1,538,1196,1198,857,433,1,2580,3379,1824,757,290,1999222
2015,3,11710531,거여1동,3683,2700,983,27,1043,1024,775,485,329,22,898,793,538,249,200,5,145,231,237,236,129,512307
2015,3,11710532,거여2동,2113,778,1335,2,263,412,603,565,268,2,71,185,221,176,123,0,192,227,382,389,145,510046
2015,3,11710540,마천1동,1039,465,574,1,112,192,317,256,161,0,31,81,133,130,90,1,81,111,184,126,71,504704
2015,3,11710550,마천2동,2915,1625,1290,3,244,641,808,828,391,2,108,358,455,448,254,1,136,283,353,380,137,936181
2015,3,11710561,방이1동,6041,3720,2321,10,764,1391,1398,1198,1280,8,270,791,821,767,1063,2,494,600,577,431,217,581968
2015,3,11710562,방이2동,17768,10242,7526,52,2506,4789,4453,3684,2284,27,1232,3077,2529,1864,1513,25,1274,1712,1924,1820,771,763928
2015,3,11710566,오륜동,3317,2053,1264,8,559,859,863,817,211,7,314,511,512,539,170,1,245,348,351,278,41,3150411
2015,3,11710570,오금동,12774,7843,4931,20,1113,2683,2761,2525,3672,11,471,1716,1785,1444,2416,9,642,967,976,1081,1256,1691111
2015,3,11710580,송파1동,6607,3933,2674,28,890,1642,1643,1478,926,15,420,1038,1022,860,578,13,470,604,621,618,348,683881
2015,3,11710590,송파2동,5156,2582,2574,24,1081,1621,1207,903,320,7,332,914,734,386,209,17,749,707,473,517,111,636016
2015,3,11710600,석촌동,9834,6194,3640,30,1571,2930,2313,1758,1232,19,724,1992,1457,1124,878,11,847,938,856,634,354,943819
2015,3,11710610,삼전동,7353,4568,2785,21,874,1698,1639,1603,1518,5,389,1071,985,897,1221,16,485,627,654,706,297,992437
2015,3,11710620,가락본동,26057,15688,10369,55,4165,7202,6461,4956,3218,33,1934,4361,4221,2901,2238,22,2231,2841,2240,2055,980,1024764
2015,3,11710631,가락1동,8590,6258,2332,9,452,1682,2652,2413,1382,1,334,1362,2006,1567,988,8,118,320,646,846,394,1357317
2015,3,11710632,가락2동,7757,4488,3269,27,1235,2159,2081,1403,852,16,580,1333,1202,733,624,11,655,826,879,670,228,934057
2015,3,11710641,문정1동,5149,3222,1927,10,626,1322,1383,925,883,4,292,816,910,545,655,6,334,506,473,380,228,604321
2015,3,11710642,문정2동,8853,5951,2902,45,1363,2593,2469,1567,816,25,675,1775,1766,1076,634,20,688,818,703,491,182,2387651
2015,3,11710646,장지동,8492,5649,2843,19,846,1563,2240,2285,1539,5,314,997,1516,1643,1174,14,532,566,724,642,365,1295680
2015,3,11710647,위례동,1218,965,253,0,35,157,421,514,91,0,7,88,345,446,79,0,28,69,76,68,12,2626871
2015,3,11710650,잠실본동,12734,7299,5435,32,2224,3314,3062,2460,1642,14,792,1903,1872,1539,1179,18,1432,1411,1190,921,463,1136161
2015,3,11710670,잠실2동,2813,1569,1244,1,494,821,772,548,177,1,227,459,448,300,134,0,267,362,324,248,43,2886358
2015,3,11710680,잠실3동,4497,2007,2490,117,1598,867,956,710,249,40,648,384,441,378,116,77,950,483,515,332,133,1506573
2015,3,11710690,잠실4동,704,279,425,1,129,150,176,136,112,0,23,61,57,58,80,1,106,89,119,78,32,838370
2015,3,11710710,잠실6동,58613,33399,25214,231,10602,18349,18338,8937,2156,144,5177,11824,10211,4648,1395,87,5425,6525,8127,4289,761,1403041
2015,3,11710720,잠실7동,577,240,337,0,41,145,151,171,69,0,12,60,58,74,36,0,29,85,93,97,33,675008
2015,3,11740515,강일동,13193,10468,2725,11,2265,5173,3064,1961,719,7,1410,4177,2531,1698,645,4,855,996,533,263,74,3722759
2015,3,11740520,상일동,3092,1273,1819,5,566,963,686,619,253,2,119,331,298,338,185,3,447,632,388,281,68,1801282
2015,3,11740530,명일1동,2906,1193,1713,7,350,479,717,796,557,2,93,233,302,280,283,5,257,246,415,516,274,630284
2015,3,11740540,명일2동,2017,914,1103,2,254,454,542,516,249,0,62,206,228,246,172,2,192,248,314,270,77,920946
2015,3,11740550,고덕1동,1124,472,652,0,132,264,299,285,144,0,25,110,131,119,87,0,107,154,168,166,57,1906565
2015,3,11740560,고덕2동,1389,626,763,0,120,257,380,486,146,0,35,118,146,243,84,0,85,139,234,243,62,2408099
2015,3,11740570,암사1동,1996,1049,947,4,213,451,565,464,299,3,93,225,288,252,188,1,120,226,277,212,111,738366
2015,3,11740580,암사2동,2362,996,1366,7,353,523,690,570,219,6,111,234,263,225,157,1,242,289,427,345,62,2337773
2015,3,11740590,암사3동,1053,434,619,0,148,254,265,312,74,0,29,96,97,155,57,0,119,158,168,157,17,1843902
2015,3,11740600,천호1동,2503,1164,1339,8,283,567,578,642,425,6,73,271,276,292,246,2,210,296,302,350,179,669571
2015,3,11740610,천호2동,7274,3766,3508,22,1056,1736,1640,1545,1275,13,380,895,862,767,849,9,676,841,778,778,426,1828343
2015,3,11740620,천호3동,3757,2178,1579,6,481,988,860,855,567,0,162,619,534,504,359,6,319,369,326,351,208,569450
2015,3,11740640,성내1동,13053,8161,4892,21,1495,3447,3550,2972,1568,8,578,1986,2263,2119,1207,13,917,1461,1287,853,361,658437
2015,3,11740650,성내2동,3296,1760,1536,9,435,769,824,742,517,2,165,393,436,401,363,7,270,376,388,341,154,624632
2015,3,11740660,성내3동,5816,3244,2572,16,752,1515,1384,1187,962,13,327,916,800,626,562,3,425,599,584,561,400,641973
2015,3,11740685,길동,9471,4999,4472,11,1495,2524,2303,1879,1259,3,534,1371,1328,908,855,8,961,1153,975,971,404,1590598
2015,3,11740690,둔촌1동,801,472,329,3,62,142,188,202,204,3,25,57,78,121,188,0,37,85,110,81,16,897261
2015,3,11740700,둔촌2동,6519,3256,3263,11,1186,1749,1507,1384,682,6,376,887,757,778,452,5,810,862,750,606,230,1592001
2015,4,11110515,청운효자동,6224,3831,2393,15,1328,2181,1438,949,313,10,665,1445,939,561,211,5,663,736,499,388,102,2429899
2015,4,11110530,사직동,70960,43137,27823,307,11793,22774,19061,11595,5430,76,4298,13214,14181,8144,3224,231,7495,9560,4880,3451,2206,1161995
2015,4,11110540,삼청동,3858,2047,1811,20,693,1231,1002,712,200,8,220,661,619,430,109,12,473,570,383,282,91,1391632
2015,4,11110550,부암동,2948,1488,1460,6,662,759,791,527,203,3,188,400,496,282,119,3,474,359,295,245,84,2221363
2015,4,11110560,평창동,2378,1097,1281,9,334,591,581,577,286,5,106,267,300,259,160,4,228,324,281,318,126,8346900
2015,4,11110570,무악동,597,206,391,1,111,172,144,98,71,1,9,43,57,42,54,0,102,129,87,56,17,453220
2015,4,11110580,교남동,4177,1594,2583,1,1176,1392,866,502,240,1,201,498,429,289,176,0,975,894,437,213,64,355267
2015,4,11110600,가회동,18143,15067,3076,26,3107,6972,5069,2332,637,15,2124,5697,4584,2111,536,11,983,1275,485,221,101,565302
2015,4,11110615,종로1.2.3.4가동,135849,83132,52717,1762,23147,44455,38259,21646,6580,871,9532,25488,26689,15954,4598,891,13615,18967,11570,5692,1982,2430999
2015,4,11110630,종로5.6가동,21753,14499,7254,310,4092,6983,5809,3327,1232,103,2075,4846,4271,2369,835,207,2017,2137,1538,958,397,599631
2015,4,11110640,이화동,16140,5999,10141,56,4293,5559,3413,2212,607,17,982,1907,1536,1149,408,39,3311,3652,1877,1063,199,747067
2015,4,11110650,혜화동,4719,2537,2182,17,728,1272,1206,942,554,3,250,640,698,571,375,14,478,632,508,371,179,1161303
2015,4,11110670,창신1동,2693,1205,1488,21,412,762,731,488,279,14,141,341,291,238,180,7,271,421,440,250,99,297271
2015,4,11110680,창신2동,751,320,431,0,84,204,182,193,88,0,18,97,91,75,39,0,66,107,91,118,49,257188
2015,4,11110690,창신3동,381,197,184,0,34,89,95,116,47,0,8,33,46,71,39,0,26,56,49,45,8,216230
2015,4,11110700,숭인1동,603,289,314,1,73,138,172,153,66,0,28,68,77,77,39,1,45,70,95,76,27,236777
2015,4,11110710,숭인2동,2839,1581,1258,10,399,630,683,578,539,5,153,372,394,300,357,5,246,258,289,278,182,359384
2015,4,11140520,소공동,146417,84410,62007,778,33044,49051,41112,19730,2702,257,11573,26953,28673,14930,2024,521,21471,22098,12439,4800,678,918284
2015,4,11140540,회현동,65109,40192,24917,447,12918,23245,17674,8893,1932,172,6616,13525,11822,6649,1408,275,6302,9720,5852,2244,524,909465
2015,4,11140550,명동,170034,87755,82279,1081,34080,60363,47549,21727,5234,256,11041,26271,29819,16747,3621,825,23039,34092,17730,4980,1613,993909
2015,4,11140570,필동,24691,11873,12818,170,4334,6736,7238,4601,1612,73,1468,3712,3526,2076,1018,97,2866,3024,3712,2525,594,1458582
2015,4,11140580,장충동,10543,5772,4771,34,2586,3374,2800,1326,423,13,942,1989,1704,825,299,21,1644,1385,1096,501,124,1013897
2015,4,11140590,광희동,43444,22266,21178,1527,12224,11452,9712,6347,2182,699,5307,6715,5215,2949,1381,828,6917,4737,4497,3398,801,745387
2015,4,11140605,을지로동,19522,12692,6830,82,2439,5101,5577,4130,2193,39,1082,3165,3841,2917,1648,43,1357,1936,1736,1213,545,612013
2015,4,11140615,신당동,11712,6585,5127,49,2636,3942,2670,1698,717,15,1365,2102,1611,1042,450,34,1271,1840,1059,656,267,536647
2015,4,11140625,다산동,8377,3747,4630,103,2511,2010,1495,1462,796,47,894,1063,820,576,347,56,1617,947,675,886,449,532721
2015,4,11140635,약수동,2569,1114,1455,12,447,686,600,482,342,3,109,313,277,217,195,9,338,373,323,265,147,509395
2015,4,11140645,청구동,3557,2267,1290,9,604,1111,884,532,417,3,285,780,582,328,289,6,319,331,302,204,128,345114
2015,4,11140650,신당5동,1525,724,801,8,216,375,412,342,172,2,65,169,205,175,108,6,151,206,207,167,64,310367
2015,4,11140665,동화동,2798,1431,1367,13,668,733,598,540,246,6,213,409,337,291,175,7,455,324,261,249,71,330049
2015,4,11140670,황학동,3844,2272,1572,8,576,797,809,978,676,1,253,496,543,531,448,7,323,301,266,447,228,327694
2015,4,11140680,중림동,7131,4210,2921,15,1271,2043,1727,1241,834,8,452,1065,1152,898,635,7,819,978,575,343,199,487576
2015,4,11170510,후암동,3960,1539,2421,4,419,676,934,1423,504,3,146,382,411,396,201,1,273,294,523,1027,303,868399
2015,4,11170520,용산2가동,3041,2073,968,0,163,907,1151,674,146,0,57,561,888,486,81,0,106,346,263,188,65,2047347
2015,4,11170530,남영동,25971,14825,11146,1107,7827,7810,5154,2942,1131,460,3513,4811,3456,1881,704,647,4314,2999,1698,1061,427,735947
2015,4,11170555,청파동,8200,4376,3824,40,1302,2097,1768,1658,1335,30,354,997,971,941,1083,10,948,1100,797,717,252,867676
2015,4,11170560,원효로1동,13358,6831,6527,103,3241,5008,3174,1226,606,63,1326,2583,1669,790,400,40,1915,2425,1505,436,206,589294
2015,4,11170570,원효로2동,6420,4577,1843,18,681,1828,1412,1394,1087,13,368,1385,1040,966,805,5,313,443,372,428,282,915567
2015,4,11170580,효창동,2114,1134,980,4,272,558,558,505,217,2,84,313,320,272,143,2,188,245,238,233,74,470670
2015,4,11170590,용문동,905,492,413,2,114,280,275,158,76,1,43,165,149,89,45,1,71,115,126,69,31,289284
2015,4,11170625,한강로동,56225,34827,21398,425,11820,18688,15081,7507,2704,203,5341,11437,10518,5421,1907,222,6479,7251,4563,2086,797,3358956
2015,4,11170630,이촌1동,1944,910,1034,3,270,464,495,376,336,2,86,170,227,173,252,1,184,294,268,203,84,2143668
2015,4,11170640,이촌2동,329,189,140,0,40,72,83,74,60,0,15,43,52,38,41,0,25,29,31,36,19,1191110
2015,4,11170650,이태원1동,5285,3117,2168,22,1071,1434,1138,980,640,14,570,849,637,629,418,8,501,585,501,351,222,579369
2015,4,11170660,이태원2동,2222,1282,940,9,526,772,468,275,172,5,280,451,276,152,118,4,246,321,192,123,54,879018
2015,4,11170685,한남동,14041,7491,6550,75,3436,4942,3075,1557,956,46,1340,2779,1842,907,577,29,2096,2163,1233,650,379,3198883
2015,4,11170690,서빙고동,4949,2665,2284,82,981,1619,1236,663,368,4,304,823,738,488,308,78,677,796,498,175,60,2198117
2015,4,11170700,보광동,892,512,380,0,76,190,230,245,151,0,26,106,124,146,110,0,50,84,106,99,41,890496
2015,4,11200520,왕십리2동,1043,437,606,3,163,233,273,232,139,2,32,88,111,111,93,1,131,145,162,121,46,385254
2015,4,11200535,왕십리도선동,7932,3791,4141,42,1437,2151,2116,1458,728,16,452,1106,1011,778,428,26,985,1045,1105,680,300,718816
2015,4,11200540,마장동,10078,6835,3243,30,1018,2280,2757,2740,1253,19,554,1565,1917,1902,878,11,464,715,840,838,375,1082999
2015,4,11200550,사근동,7223,3523,3700,21,1448,1874,1994,1484,402,1,379,856,1039,938,310,20,1069,1018,955,546,92,1182945
2015,4,11200560,행당1동,5462,3042,2420,23,722,1300,1396,1423,598,10,237,572,766,1016,441,13,485,728,630,407,157,552563
2015,4,11200570,행당2동,859,274,585,1,90,224,233,216,95,0,16,64,62,79,53,1,74,160,171,137,42,457197
2015,4,11200580,응봉동,430,166,264,1,56,96,105,112,60,0,13,31,34,40,48,1,43,65,71,72,12,547736
2015,4,11200590,금호1가동,862,407,455,3,126,195,215,205,118,0,34,77,93,112,91,3,92,118,122,93,27,441318
2015,4,11200615,금호2.3가동,958,372,586,4,134,215,225,238,142,1,32,89,76,84,90,3,102,126,149,154,52,638261
2015,4,11200620,금호4가동,763,284,479,1,89,219,176,180,98,0,20,83,63,63,55,1,69,136,113,117,43,935263
2015,4,11200645,옥수동,1816,823,993,7,350,465,461,347,186,3,109,184,220,180,127,4,241,281,241,167,59,1239152
2015,4,11200650,성수1가1동,5131,3316,1815,13,646,1346,1408,1283,435,7,290,874,901,885,359,6,356,472,507,398,76,2248463
2015,4,11200660,성수1가2동,16012,9710,6302,223,3938,4680,3192,2458,1521,71,1737,2920,2175,1670,1137,152,2201,1760,1017,788,384,984783
2015,4,11200670,성수2가1동,46141,20336,25805,476,8135,12445,16167,8028,890,269,4839,8010,4759,1808,651,207,3296,4435,11408,6220,239,1126355
2015,4,11200690,성수2가3동,37058,23329,13729,246,6992,10947,9358,6087,3428,140,3158,7087,6198,4154,2592,106,3834,3860,3160,1933,836,1050781
2015,4,11200720,송정동,1723,1061,662,1,280,487,464,317,174,1,156,281,261,231,131,0,124,206,203,86,43,584812
2015,4,11200790,용답동,18354,13298,5056,67,1684,3851,6917,4180,1655,22,902,2907,5755,2795,917,45,782,944,1162,1385,738,2379362
2015,4,11215710,화양동,5551,2440,3111,47,1402,1753,1061,787,501,25,437,796,519,346,317,22,965,957,542,441,184,1124376
2015,4,11215730,군자동,6204,3407,2797,41,1400,1606,1631,1086,440,26,558,952,924,633,314,15,842,654,707,453,126,733236
2015,4,11215740,중곡1동,4188,2584,1604,12,453,950,1030,827,916,6,160,544,597,509,768,6,293,406,433,318,148,602769
2015,4,11215750,중곡2동,3895,1912,1983,5,505,859,1055,907,564,2,207,437,503,441,322,3,298,422,552,466,242,544807
2015,4,11215760,중곡3동,1950,1007,943,5,266,395,481,527,276,3,88,212,235,292,177,2,178,183,246,235,99,600824
2015,4,11215770,중곡4동,2867,1486,1381,5,338,660,756,791,317,3,103,297,390,457,236,2,235,363,366,334,81,2295463
2015,4,11215780,능동,3136,1601,1535,13,537,875,736,643,332,8,196,448,424,309,216,5,341,427,312,334,116,1094134
2015,4,11215810,광장동,7750,4226,3524,63,1482,2364,1908,1366,567,30,546,1285,1161,784,420,33,936,1079,747,582,147,2889609
2015,4,11215820,자양1동,9138,5591,3547,27,1181,1996,2281,2260,1393,12,389,981,1429,1649,1131,15,792,1015,852,611,262,621606
2015,4,11215830,자양2동,7325,5080,2245,12,730,1795,2491,1801,496,8,442,1230,1850,1201,349,4,288,565,641,600,147,1630926
2015,4,11215840,자양3동,2956,1324,1632,7,444,780,724,669,332,2,150,366,313,285,208,5,294,414,411,384,124,1145609
2015,4,11215847,자양4동,2720,1589,1131,13,446,721,678,520,342,7,210,443,385,286,258,6,236,278,293,234,84,1148618
2015,4,11215850,구의1동,4481,2805,1676,13,575,1152,1189,1076,476,7,269,720,773,716,320,6,306,432,416,360,156,553095
2015,4,11215860,구의2동,3379,1944,1435,34,424,723,895,829,474,12,176,387,532,508,329,22,248,336,363,321,145,1363952
2015,4,11215870,구의3동,13711,7920,5791,58,1582,3191,3573,3367,1940,39,769,2083,2165,1711,1153,19,813,1108,1408,1656,787,1453971
2015,4,11230536,용신동,25643,14213,11430,145,4027,6781,6802,4890,2998,34,1549,3994,3805,2950,1881,111,2478,2787,2997,1940,1117,1590771
2015,4,11230545,제기동,5803,3385,2418,21,778,1288,1516,1347,853,3,338,776,928,783,557,18,440,512,588,564,296,1184853
2015,4,11230560,전농1동,2546,1288,1258,19,374,547,712,584,310,8,148,297,387,276,172,11,226,250,325,308,138,1140490
2015,4,11230570,전농2동,3264,1649,1615,6,384,839,922,814,299,2,86,340,470,519,232,4,298,499,452,295,67,983768
2015,4,11230600,답십리1동,6380,3715,2665,45,1145,1596,1597,1216,781,31,647,1048,855,586,548,14,498,548,742,630,233,838156
2015,4,11230610,답십리2동,3529,2112,1417,8,413,812,930,842,524,6,182,525,569,490,340,2,231,287,361,352,184,814945
2015,4,11230650,장안1동,13318,7960,5358,42,1744,3116,3342,2892,2182,14,747,1780,2050,1797,1572,28,997,1336,1292,1095,610,1360347
2015,4,11230660,장안2동,6441,3270,3171,32,1070,1466,1750,1442,681,13,424,778,903,712,440,19,646,688,847,730,241,1119438
2015,4,11230705,청량리동,5293,3122,2171,13,807,1447,1234,1123,669,2,335,854,751,718,462,11,472,593,483,405,207,1197287
2015,4,11230710,회기동,3788,1406,2382,24,861,1302,853,615,133,11,243,558,308,228,58,13,618,744,545,387,75,829432
2015,4,11230720,휘경1동,1389,756,633,11,217,294,322,277,268,4,83,171,184,147,167,7,134,123,138,130,101,519932
2015,4,11230730,휘경2동,4301,1767,2534,14,798,1128,1097,899,365,4,193,486,502,395,187,10,605,642,595,504,178,1207585
2015,4,11230740,이문1동,5197,2799,2398,3,654,1319,1551,1216,454,1,170,559,945,788,336,2,484,760,606,428,118,986690
2015,4,11230750,이문2동,929,460,469,2,113,155,279,232,148,1,25,57,126,140,111,1,88,98,153,92,37,698476
2015,4,11260520,면목2동,2457,1284,1173,6,288,499,684,636,344,2,91,246,348,357,240,4,197,253,336,279,104,743106
2015,4,11260540,면목4동,1676,1006,670,6,158,285,459,566,202,5,43,126,286,394,152,1,115,159,173,172,50,821882
2015,4,11260550,면목5동,1046,695,351,2,88,175,277,327,177,1,35,108,167,242,142,1,53,67,110,85,35,591696
2015,4,11260565,면목본동,2314,983,1331,8,272,429,647,650,308,4,64,192,290,257,176,4,208,237,357,393,132,840931
2015,4,11260570,면목7동,1298,629,669,4,170,241,353,353,177,1,33,93,163,207,132,3,137,148,190,146,45,1202721
2015,4,11260575,면목3.8동,3763,2094,1669,5,527,759,998,1010,464,1,136,343,565,690,359,4,391,416,433,320,105,1591050
2015,4,11260580,상봉1동,2996,1706,1290,14,292,554,750,879,507,7,103,258,362,585,391,7,189,296,388,294,116,917193
2015,4,11260590,상봉2동,8878,5312,3566,42,1021,2054,2697,1901,1163,14,509,1448,1450,1013,878,28,512,606,1247,888,285,658991
2015,4,11260600,중화1동,1589,623,966,3,227,362,500,355,142,1,48,136,191,159,88,2,179,226,309,196,54,637209
2015,4,11260610,중화2동,2797,1566,1231,7,259,507,700,626,698,6,84,291,379,332,474,1,175,216,321,294,224,960402
2015,4,11260620,묵1동,2979,1399,1580,8,394,790,846,675,266,5,115,380,379,334,186,3,279,410,467,341,80,1184393
2015,4,11260630,묵2동,1689,835,854,5,217,357,493,416,201,2,70,188,249,209,117,3,147,169,244,207,84,682005
2015,4,11260655,망우본동,5306,2701,2605,20,702,1197,1374,1305,708,7,187,516,690,759,542,13,515,681,684,546,166,3074745
2015,4,11260660,망우3동,1672,818,854,14,159,289,455,490,265,5,42,148,201,243,179,9,117,141,254,247,86,967313
2015,4,11260680,신내1동,5881,3084,2797,9,946,1351,1506,1487,582,5,258,726,807,893,395,4,688,625,699,594,187,2361684
2015,4,11260690,신내2동,3859,1900,1959,5,351,925,1054,1044,480,2,92,386,473,662,285,3,259,539,581,382,195,939758
2015,4,11290525,성북동,3012,1349,1663,18,557,907,811,499,220,8,170,411,376,252,132,10,387,496,435,247,88,3067396
2015,4,11290555,삼선동,8587,4527,4060,24,1114,1940,2219,2360,930,11,381,940,1235,1418,542,13,733,1000,984,942,388,1177823
2015,4,11290575,동선동,5770,2391,3379,33,1064,1124,1212,1085,1252,8,261,512,623,453,534,25,803,612,589,632,718,729672
2015,4,11290580,돈암1동,883,326,557,7,122,233,250,194,77,5,33,80,86,81,41,2,89,153,164,113,36,461503
2015,4,11290590,돈암2동,644,214,430,0,137,198,159,94,56,0,23,72,58,24,37,0,114,126,101,70,19,414465
2015,4,11290600,안암동,7229,3704,3525,16,1517,2033,1905,1278,480,6,415,936,1162,850,335,10,1102,1097,743,428,145,1295307
2015,4,11290610,보문동,3326,1754,1572,10,383,639,760,672,862,5,124,336,386,350,553,5,259,303,374,322,309,551172
2015,4,11290620,정릉1동,1112,455,657,3,156,247,306,259,141,1,33,91,125,114,91,2,123,156,181,145,50,475568
2015,4,11290630,정릉2동,1418,632,786,3,219,289,409,331,167,0,58,110,187,169,108,3,161,179,222,162,59,1165255
2015,4,11290640,정릉3동,2815,1654,1161,7,379,580,856,717,276,6,121,266,542,517,202,1,258,314,314,200,74,3182234
2015,4,11290650,정릉4동,2701,1699,1002,8,287,442,718,841,405,0,56,228,486,614,315,8,231,214,232,227,90,3714207
2015,4,11290660,길음1동,1902,609,1293,6,318,432,539,386,221,2,54,142,167,116,128,4,264,290,372,270,93,753885
2015,4,11290685,길음2동,1196,557,639,10,258,296,260,229,143,1,100,128,125,102,101,9,158,168,135,127,42,423663
2015,4,11290705,종암동,3403,1686,1717,9,478,846,1036,761,273,1,155,416,528,423,163,8,323,430,508,338,110,1494677
2015,4,11290715,월곡1동,3964,1979,1985,13,459,850,1069,902,671,7,150,426,491,451,454,6,309,424,578,451,217,974658
2015,4,11290725,월곡2동,4698,2533,2165,17,808,1318,1188,924,443,7,283,766,658,549,270,10,525,552,530,375,173,1330228
2015,4,11290760,장위1동,893,337,556,1,79,163,291,252,107,1,18,60,121,100,37,0,61,103,170,152,70,714821
2015,4,11290770,장위2동,2246,1315,931,1,168,380,525,590,582,1,56,196,254,372,436,0,112,184,271,218,146,682224
2015,4,11290780,장위3동,1705,962,743,2,168,309,493,501,232,0,51,151,265,313,182,2,117,158,228,188,50,663549
2015,4,11290810,석관동,4042,2322,1720,5,381,790,966,859,1041,0,108,347,528,525,814,5,273,443,438,334,227,1773773
2015,4,11305534,삼양동,1388,580,808,2,187,275,379,375,170,1,34,91,139,195,120,1,153,184,240,180,50,959451
2015,4,11305535,미아동,2388,1028,1360,7,356,521,625,570,309,6,106,208,287,253,168,1,250,313,338,317,141,835492
2015,4,11305545,송중동,3022,1332,1690,14,452,708,851,615,382,4,162,307,369,250,240,10,290,401,482,365,142,1085065
2015,4,11305555,송천동,2864,1394,1470,11,377,640,776,701,359,5,93,290,384,355,267,6,284,350,392,346,92,928301
2015,4,11305575,삼각산동,1140,375,765,4,166,319,366,208,77,3,42,103,98,79,50,1,124,216,268,129,27,603256
2015,4,11305590,번1동,3859,2160,1699,14,482,807,973,992,591,5,186,459,571,597,342,9,296,348,402,395,249,619363
2015,4,11305600,번2동,2225,1361,864,10,193,358,691,716,257,7,78,197,399,500,180,3,115,161,292,216,77,992960
2015,4,11305606,번3동,1557,743,814,35,197,297,358,393,277,11,67,155,175,188,147,24,130,142,183,205,130,1075371
2015,4,11305610,수유1동,2998,1564,1434,5,285,527,822,931,428,3,81,242,447,518,273,2,204,285,375,413,155,1748455
2015,4,11305620,수유2동,2211,1013,1198,3,232,324,500,529,623,0,74,170,233,235,301,3,158,154,267,294,322,593685
2015,4,11305630,수유3동,4649,2428,2221,19,538,1171,1184,1161,576,9,191,558,621,709,340,10,347,613,563,452,236,725084
2015,4,11305645,우이동,1996,1300,696,6,140,298,504,678,370,2,46,171,315,488,278,4,94,127,189,190,92,10680138
2015,4,11305660,인수동,3392,1539,1853,15,456,741,859,827,494,11,150,309,386,348,335,4,306,432,473,479,159,2869695
2015,4,11320511,창1동,1702,638,1064,11,241,374,465,434,177,4,40,122,172,183,117,7,201,252,293,251,60,1104916
2015,4,11320512,창2동,2295,1183,1112,12,249,448,700,568,318,6,87,218,326,307,239,6,162,230,374,261,79,654615
2015,4,11320513,창3동,866,330,536,17,114,178,276,197,84,11,26,64,99,79,51,6,88,114,177,118,33,635079
2015,4,11320514,창4동,3709,2310,1399,6,349,638,1005,1051,660,4,112,334,593,736,531,2,237,304,412,315,129,1155759
2015,4,11320515,창5동,4693,2343,2350,14,571,1167,1339,1217,385,9,168,544,683,695,244,5,403,623,656,522,141,676820
2015,4,11320521,도봉1동,3073,1939,1134,12,212,440,822,1095,492,7,70,233,517,747,365,5,142,207,305,348,127,8547209
2015,4,11320522,도봉2동,5047,2801,2246,10,395,763,1081,1192,1606,5,150,367,540,687,1052,5,245,396,541,505,554,1204332
2015,4,11320660,쌍문1동,2245,888,1357,3,347,381,607,634,273,2,53,152,220,275,186,1,294,229,387,359,87,1177010
2015,4,11320670,쌍문2동,3019,1482,1537,9,314,546,706,759,685,4,114,287,346,406,325,5,200,259,360,353,360,539384
2015,4,11320680,쌍문3동,1969,895,1074,11,370,503,541,393,151,10,92,244,247,213,89,1,278,259,294,180,62,504867
2015,4,11320681,쌍문4동,1076,405,671,2,128,272,249,307,118,2,18,111,77,127,70,0,110,161,172,180,48,543784
2015,4,11320690,방학1동,5139,2908,2231,11,567,901,1255,1503,902,7,212,481,648,917,643,4,355,420,607,586,259,1041785
2015,4,11320700,방학2동,1139,489,650,2,139,258,331,286,123,1,50,130,132,111,65,1,89,128,199,175,58,1102018
2015,4,11320710,방학3동,1835,800,1035,2,153,325,485,589,281,0,42,128,174,261,195,2,111,197,311,328,86,1856777
2015,4,11350560,월계1동,2835,1664,1171,12,304,579,700,792,448,10,94,301,422,519,318,2,210,278,278,273,130,1218934
2015,4,11350570,월계2동,2112,1073,1039,11,251,445,633,567,205,8,74,176,315,351,149,3,177,269,318,216,56,1991095
2015,4,11350580,월계3동,1476,661,815,2,134,300,442,409,189,1,28,122,159,212,139,1,106,178,283,197,50,1133881
2015,4,11350595,공릉1동,8515,4384,4131,37,920,1589,2086,2220,1663,21,327,919,1036,1068,1013,16,593,670,1050,1152,650,1217193
2015,4,11350600,공릉2동,6378,3028,3350,21,949,1451,1588,1563,806,11,235,581,699,895,607,10,714,870,889,668,199,7207339
2015,4,11350611,하계1동,7141,3995,3146,22,1162,1771,1869,1746,571,11,441,919,1087,1149,388,11,721,852,782,597,183,1467562
2015,4,11350612,하계2동,579,174,405,0,44,105,186,195,49,0,7,25,37,63,42,0,37,80,149,132,7,513857
2015,4,11350619,중계본동,2355,1140,1215,7,253,402,591,510,592,4,89,171,262,241,373,3,164,231,329,269,219,2094464
2015,4,11350621,중계1동,1437,579,858,9,206,283,437,347,155,3,57,110,151,155,103,6,149,173,286,192,52,624508
2015,4,11350624,중계4동,2143,873,1270,8,186,400,619,641,289,5,49,186,242,242,149,3,137,214,377,399,140,1540528
2015,4,11350625,중계2.3동,2655,1059,1596,7,360,576,774,708,230,3,95,274,288,258,141,4,265,302,486,450,89,912217
2015,4,11350630,상계1동,5050,2554,2496,25,543,926,1406,1315,835,21,219,514,660,678,462,4,324,412,746,637,373,4997346
2015,4,11350640,상계2동,4225,1695,2530,44,809,806,1052,1035,479,18,254,363,431,382,247,26,555,443,621,653,232,629194
2015,4,11350665,상계3.4동,3264,1785,1479,4,206,365,832,1036,821,2,59,149,465,636,474,2,147,216,367,400,347,5751720
2015,4,11350670,상계5동,1985,780,1205,9,150,245,446,571,564,4,58,125,160,180,253,5,92,120,286,391,311,473604
2015,4,11350695,상계6.7동,8557,3536,5021,25,1478,2165,2244,1826,819,9,331,771,932,1028,465,16,1147,1394,1312,798,354,1434043
2015,4,11350700,상계8동,1003,296,707,2,108,220,327,243,103,2,22,38,56,100,78,0,86,182,271,143,25,668937
2015,4,11350710,상계9동,1215,439,776,1,104,314,383,299,114,1,18,77,113,149,81,0,86,237,270,150,33,833448
2015,4,11350720,상계10동,968,377,591,3,102,190,290,294,89,1,28,60,100,125,63,2,74,130,190,169,26,802642
2015,4,11380510,녹번동,6566,3293,3273,19,763,1558,1826,1687,713,12,267,675,912,1009,418,7,496,883,914,678,295,1923020
2015,4,11380520,불광1동,2454,992,1462,7,427,723,634,467,196,4,108,309,286,181,104,3,319,414,348,286,92,2948578
2015,4,11380530,불광2동,3262,1542,1720,16,432,785,934,781,314,9,145,356,485,395,152,7,287,429,449,386,162,1756596
2015,4,11380551,갈현1동,2010,929,1081,8,327,468,543,419,245,6,102,212,245,211,153,2,225,256,298,208,92,909869
2015,4,11380552,갈현2동,2947,1147,1800,9,393,696,758,735,356,0,101,328,283,262,173,9,292,368,475,473,183,1018512
2015,4,11380560,구산동,4162,1927,2235,11,459,796,978,1298,620,2,141,303,400,702,379,9,318,493,578,596,241,1316383
2015,4,11380570,대조동,3205,1343,1862,22,444,720,901,721,397,6,131,294,367,316,229,16,313,426,534,405,168,867572
2015,4,11380580,응암1동,3855,1778,2077,14,483,856,977,976,549,7,162,384,421,450,354,7,321,472,556,526,195,1126418
2015,4,11380590,응암2동,1025,492,533,3,107,215,284,288,128,1,21,71,120,180,99,2,86,144,164,108,29,554079
2015,4,11380600,응암3동,2667,1096,1571,21,351,602,761,632,300,8,121,253,301,249,164,13,230,349,460,383,136,933101
2015,4,11380625,역촌동,3805,1593,2212,12,400,831,1025,1013,524,6,121,359,425,386,296,6,279,472,600,627,228,1138805
2015,4,11380631,신사1동,1873,920,953,1,264,343,493,492,280,0,88,156,225,259,192,1,176,187,268,233,88,823498
2015,4,11380632,신사2동,1545,762,783,1,118,256,388,402,380,0,23,91,191,237,220,1,95,165,197,165,160,1050676
2015,4,11380640,증산동,2303,1404,899,12,228,496,598,594,375,6,78,268,337,397,318,6,150,228,261,197,57,929526
2015,4,11380650,수색동,1537,741,796,6,264,390,363,333,181,3,53,153,189,216,127,3,211,237,174,117,54,1169504
2015,4,11380690,진관동,3555,1631,1924,17,377,704,1047,1065,345,7,94,254,458,595,223,10,283,450,589,470,122,12836383
2015,4,11410520,천연동,1283,534,749,3,130,295,345,334,176,1,33,105,150,132,113,2,97,190,195,202,63,866603
2015,4,11410555,북아현동,1110,472,638,0,120,198,303,330,159,0,26,89,127,153,77,0,94,109,176,177,82,461555
2015,4,11410565,충현동,25196,14323,10873,44,4281,8932,6823,3711,1405,14,1694,4906,4397,2386,926,30,2587,4026,2426,1325,479,1139343
2015,4,11410585,신촌동,17814,7248,10566,64,4618,5647,4122,2520,843,24,1249,2031,1954,1425,565,40,3369,3616,2168,1095,278,2504686
2015,4,11410615,연희동,7857,4201,3656,29,1116,1945,1962,1940,865,12,418,992,1017,1214,548,17,698,953,945,726,317,2965760
2015,4,11410620,홍제1동,1590,640,950,2,245,352,420,345,226,0,50,123,185,140,142,2,195,229,235,205,84,1492096
2015,4,11410640,홍제3동,1683,675,1008,8,207,304,447,362,355,3,55,109,165,138,205,5,152,195,282,224,150,1093373
2015,4,11410655,홍제2동,1074,533,541,9,103,162,281,371,148,7,31,76,108,209,102,2,72,86,173,162,46,705399
2015,4,11410660,홍은1동,1122,437,685,1,144,232,296,287,162,1,36,96,110,95,99,0,108,136,186,192,63,1538023
2015,4,11410685,홍은2동,3612,1928,1684,7,561,778,924,898,444,5,191,353,498,547,334,2,370,425,426,351,110,2049745
2015,4,11410690,남가좌1동,832,436,396,5,153,168,209,188,109,0,34,67,128,132,75,5,119,101,81,56,34,484765
2015,4,11410700,남가좌2동,1672,812,860,11,218,352,446,378,267,5,53,156,195,216,187,6,165,196,251,162,80,787125
2015,4,11410710,북가좌1동,1589,989,600,5,134,258,395,458,339,3,37,116,218,330,285,2,97,142,177,128,54,562752
2015,4,11410720,북가좌2동,2358,1243,1115,8,267,458,619,654,352,2,95,229,312,370,235,6,172,229,307,284,117,806705
2015,4,11440555,아현동,22222,12672,9550,123,3856,7568,5583,3914,1178,52,1422,4544,3706,2198,750,71,2434,3024,1877,1716,428,870645
2015,4,11440565,공덕동,10420,6277,4143,40,1969,2700,3390,1596,725,13,796,1537,2413,1122,396,27,1173,1163,977,474,329,891209
2015,4,11440585,도화동,12809,6813,5996,75,2773,3625,3072,2136,1128,43,1159,2035,1707,1123,746,32,1614,1590,1365,1013,382,863516
2015,4,11440590,용강동,14339,8468,5871,41,2248,4395,3548,2563,1544,14,766,2754,2335,1550,1049,27,1482,1641,1213,1013,495,910388
2015,4,11440600,대흥동,8966,4609,4357,166,2533,2366,1783,1284,834,82,992,1261,1053,747,474,84,1541,1105,730,537,360,854083
2015,4,11440610,염리동,18033,10645,7388,198,2468,3469,5404,6236,258,89,824,1591,2667,5306,168,109,1644,1878,2737,930,90,549601
2015,4,11440630,신수동,4285,2396,1889,11,633,1337,1236,743,325,5,213,759,776,421,222,6,420,578,460,322,103,914314
2015,4,11440655,서강동,8954,5044,3910,43,1929,2505,1815,1337,1325,17,704,1553,1271,826,673,26,1225,952,544,511,652,1890596
2015,4,11440660,서교동,42509,21791,20718,358,11290,12685,8799,5535,3842,143,4128,7095,5360,2892,2173,215,7162,5590,3439,2643,1669,1641475
2015,4,11440680,합정동,10606,5855,4751,55,2367,3769,2596,1267,552,15,808,2081,1726,830,395,40,1559,1688,870,437,157,1792621
2015,4,11440690,망원1동,2525,1369,1156,24,494,666,661,455,225,14,228,399,363,223,142,10,266,267,298,232,83,1111518
2015,4,11440700,망원2동,3137,1423,1714,14,428,835,921,636,303,1,157,445,394,229,197,13,271,390,527,407,106,1209563
2015,4,11440710,연남동,3974,2145,1829,22,860,1280,1021,524,267,9,308,714,606,324,184,13,552,566,415,200,83,641653
2015,4,11440720,성산1동,12258,8473,3785,37,1443,2657,2415,1973,3733,19,607,1493,1472,1405,3477,18,836,1164,943,568,256,855779
2015,4,11440730,성산2동,7349,2935,4414,23,509,965,1624,2512,1716,20,223,482,772,778,660,3,286,483,852,1734,1056,1990923
2015,4,11440740,상암동,35594,21798,13796,368,9853,12645,8270,3357,1101,144,3970,7799,6351,2646,888,224,5883,4846,1919,711,213,7646126
2015,4,11470510,목1동,14471,9085,5386,75,2354,4245,4203,2601,993,24,950,2591,3032,1826,662,51,1404,1654,1171,775,331,1572490
2015,4,11470520,목2동,2304,1239,1065,3,338,709,600,461,193,0,138,404,335,238,124,3,200,305,265,223,69,1021500
2015,4,11470530,목3동,1685,761,924,7,217,413,481,396,171,6,65,198,207,172,113,1,152,215,274,224,58,533074
2015,4,11470540,목4동,1873,863,1010,10,245,401,497,477,243,4,95,198,203,216,147,6,150,203,294,261,96,578170
2015,4,11470550,목5동,6293,2402,3891,21,1205,1632,1586,1177,672,11,248,511,582,606,444,10,957,1121,1004,571,228,2055129
2015,4,11470560,신월1동,2384,1440,944,3,200,466,710,727,278,3,69,273,413,473,209,0,131,193,297,254,69,625887
2015,4,11470570,신월2동,2159,1095,1064,7,230,400,635,615,272,2,86,178,288,353,188,5,144,222,347,262,84,608140
2015,4,11470580,신월3동,2621,1469,1152,14,222,491,703,817,374,6,87,247,339,506,284,8,135,244,364,311,90,932122
2015,4,11470590,신월4동,2042,1154,888,7,189,326,493,660,367,5,73,163,243,391,279,2,116,163,250,269,88,470224
2015,4,11470600,신월5동,2543,1472,1071,4,209,398,541,580,811,3,58,152,228,285,746,1,151,246,313,295,65,523363
2015,4,11470610,신월6동,1358,705,653,7,166,242,382,380,181,3,61,116,172,212,141,4,105,126,210,168,40,437027
2015,4,11470611,신월7동,3748,2538,1210,4,333,543,1074,1094,700,3,202,337,677,742,577,1,131,206,397,352,123,1403954
2015,4,11470620,신정1동,2673,1280,1393,2,270,578,767,646,410,0,95,257,385,314,229,2,175,321,382,332,181,722680
2015,4,11470630,신정2동,1712,704,1008,7,236,344,509,418,198,1,48,166,192,168,129,6,188,178,317,250,69,594999
2015,4,11470640,신정3동,5506,3130,2376,4,587,1014,1422,1459,1020,1,183,467,717,897,865,3,404,547,705,562,155,2650845
2015,4,11470650,신정4동,7457,3688,3769,23,959,1639,1966,1690,1180,11,276,856,981,783,781,12,683,783,985,907,399,996406
2015,4,11470670,신정6동,5180,2829,2351,20,567,1281,1394,1486,432,12,260,615,680,986,276,8,307,666,714,500,156,972556
2015,4,11470680,신정7동,2096,981,1115,5,240,456,667,484,244,1,81,228,319,218,134,4,159,228,348,266,110,1144112
2015,4,11500510,염창동,11705,7214,4491,56,1963,3442,3097,2122,1025,24,819,2148,2074,1362,787,32,1144,1294,1023,760,238,1957926
2015,4,11500520,등촌1동,9714,5725,3989,106,1899,2674,2429,1744,862,65,773,1700,1587,1070,530,41,1126,974,842,674,332,649434
2015,4,11500530,등촌2동,2221,1218,1003,5,257,518,569,580,292,0,73,240,316,365,224,5,184,278,253,215,68,908847
2015,4,11500535,등촌3동,17154,8861,8293,123,3104,3729,3720,4617,1861,86,1413,2265,2007,1915,1175,37,1691,1464,1713,2702,686,1049363
2015,4,11500540,화곡1동,4181,1971,2210,17,546,1017,1130,999,472,8,193,537,526,418,289,9,353,480,604,581,183,1194778
2015,4,11500550,화곡2동,1517,655,862,2,204,380,487,334,110,1,89,197,191,115,62,1,115,183,296,219,48,456061
2015,4,11500560,화곡3동,2310,1049,1261,12,268,442,616,705,267,7,96,244,297,243,162,5,172,198,319,462,105,515596
2015,4,11500570,화곡4동,1731,794,937,6,257,375,517,432,144,5,89,195,210,211,84,1,168,180,307,221,60,853460
2015,4,11500590,화곡본동,2484,1038,1446,9,326,602,607,541,399,3,69,246,245,225,250,6,257,356,362,316,149,1007050
2015,4,11500591,화곡6동,9192,5498,3694,36,976,2210,2303,2423,1244,18,411,1279,1415,1607,768,18,565,931,888,816,476,1034624
2015,4,11500593,화곡8동,1177,488,689,5,158,278,342,233,161,2,54,113,135,80,104,3,104,165,207,153,57,567208
2015,4,11500603,가양1동,9178,6013,3165,43,1310,2445,2520,1954,906,29,674,1572,1641,1360,737,14,636,873,879,594,169,5908521
2015,4,11500604,가양2동,2194,1087,1107,9,344,493,431,430,487,5,116,224,189,174,379,4,228,269,242,256,108,996881
2015,4,11500605,가양3동,5426,3389,2037,34,981,1761,1433,852,365,20,482,1179,936,515,257,14,499,582,497,337,108,691403
2015,4,11500611,발산1동,6642,3691,2951,18,680,1374,1865,1867,838,12,205,662,1003,1159,650,6,475,712,862,708,188,3032326
2015,4,11500615,우장산동,4033,1729,2304,87,591,950,1012,876,517,30,176,439,465,329,290,57,415,511,547,547,227,1268459
2015,4,11500620,공항동,40413,23880,16533,72,8112,12885,12132,6076,1136,33,2053,6097,9250,5446,1001,39,6059,6788,2882,630,135,11377979
2015,4,11500630,방화1동,7515,5056,2459,23,1082,1815,2132,1864,599,11,640,1304,1486,1239,376,12,442,511,646,625,223,1125789
2015,4,11500640,방화2동,4099,2478,1621,35,545,857,991,1050,621,24,235,498,552,709,460,11,310,359,439,341,161,5564098
2015,4,11500641,방화3동,3240,1735,1505,3,302,622,762,910,641,0,63,252,418,599,403,3,239,370,344,311,238,1964100
2015,4,11530510,신도림동,9354,5503,3851,28,1767,2836,2392,1651,680,9,715,1692,1489,1089,509,19,1052,1144,903,562,171,1312211
2015,4,11530520,구로1동,2314,1123,1191,7,278,602,537,353,537,5,135,356,285,173,169,2,143,246,252,180,368,1004193
2015,4,11530530,구로2동,26683,14608,12075,127,4481,8407,6688,4926,2054,44,1576,4233,3965,3265,1525,83,2905,4174,2723,1661,529,1807452
2015,4,11530540,구로3동,78191,48743,29448,497,18876,28437,17632,8904,3845,265,8911,19561,12154,5063,2789,232,9965,8876,5478,3841,1056,1033159
2015,4,11530550,구로4동,2952,1286,1666,9,336,642,801,656,508,4,102,283,314,268,315,5,234,359,487,388,193,538215
2015,4,11530560,구로5동,20611,11810,8801,113,4461,6270,4321,3415,2031,60,2026,3698,2836,1989,1201,53,2435,2572,1485,1426,830,1075552
2015,4,11530595,가리봉동,1421,603,818,3,200,289,339,340,250,2,74,138,133,141,115,1,126,151,206,199,135,415751
2015,4,11530720,고척1동,5538,3383,2155,11,567,1114,1425,1341,1080,7,233,620,830,847,846,4,334,494,595,494,234,1100132
2015,4,11530730,고척2동,2030,940,1090,8,281,449,634,474,184,6,101,223,264,225,121,2,180,226,370,249,63,1013917
2015,4,11530740,개봉1동,3025,1375,1650,4,358,594,820,839,410,1,130,304,345,360,235,3,228,290,475,479,175,1168155
2015,4,11530750,개봉2동,1263,518,745,4,191,266,390,242,170,2,33,116,147,117,103,2,158,150,243,125,67,825368
2015,4,11530760,개봉3동,3346,1859,1487,4,131,337,472,584,1818,2,36,119,175,258,1269,2,95,218,297,326,549,831642
2015,4,11530770,오류1동,3165,1321,1844,11,390,671,1024,730,339,7,122,306,367,288,231,4,268,365,657,442,108,707130
2015,4,11530780,오류2동,3903,2011,1892,9,439,879,1045,994,537,5,119,440,503,546,398,4,320,439,542,448,139,4314692
2015,4,11530790,수궁동,4100,2607,1493,14,438,901,1107,1104,536,11,218,555,649,728,446,3,220,346,458,376,90,2684146
2015,4,11545510,가산동,134035,84630,49405,3818,32315,43742,31323,15704,7133,1740,15922,30122,21755,10000,5091,2078,16393,13620,9568,5704,2042,2245346
2015,4,11545610,독산1동,16064,10703,5361,75,2045,4061,4440,3814,1629,54,1205,2883,2829,2496,1236,21,840,1178,1611,1318,393,1956086
2015,4,11545620,독산2동,1463,714,749,2,162,285,434,370,210,0,47,125,205,188,149,2,115,160,229,182,61,596742
2015,4,11545630,독산3동,5192,3088,2104,10,504,794,1031,1097,1756,4,171,338,427,582,1566,6,333,456,604,515,190,982894
2015,4,11545640,독산4동,1997,1111,886,3,294,449,582,411,258,2,160,266,307,206,170,1,134,183,275,205,88,605029
2015,4,11545670,시흥1동,8694,4298,4396,50,1549,2391,1992,1829,883,22,660,1172,912,1004,528,28,889,1219,1080,825,355,1437595
2015,4,11545680,시흥2동,1353,405,948,6,169,312,342,376,148,0,20,78,100,129,78,6,149,234,242,247,70,1170211
2015,4,11545690,시흥3동,9347,5865,3482,22,711,1851,3028,2496,1239,7,382,1180,1754,1562,980,15,329,671,1274,934,259,1328458
2015,4,11545700,시흥4동,791,275,516,1,60,158,267,222,83,1,12,50,80,86,46,0,48,108,187,136,37,873884
2015,4,11545710,시흥5동,1998,1103,895,6,168,280,586,667,291,1,49,145,295,410,203,5,119,135,291,257,88,1368598
2015,4,11560515,영등포본동,2368,1103,1265,18,341,532,632,531,314,10,123,243,261,261,205,8,218,289,371,270,109,843586
2015,4,11560535,영등포동,22409,13744,8665,122,3546,6092,5403,4430,2816,47,1481,3808,3641,2887,1880,75,2065,2284,1762,1543,936,1390482
2015,4,11560540,여의동,274309,181229,93080,1895,60697,103256,68019,31385,9057,777,27750,70324,53192,23554,5632,1118,32947,32932,14827,7831,3425,6703511
2015,4,11560550,당산1동,13935,8054,5881,35,2060,3381,3084,2984,2391,17,762,1956,1868,1909,1542,18,1298,1425,1216,1075,849,746447
2015,4,11560560,당산2동,25777,13852,11925,159,5194,6574,5655,4513,3682,58,1936,3597,3192,2623,2446,101,3258,2977,2463,1890,1236,1526636
2015,4,11560585,도림동,2014,1272,742,4,193,392,528,500,397,1,81,234,342,329,285,3,112,158,186,171,112,539427
2015,4,11560605,문래동,44185,27369,16816,283,9142,13497,10606,6832,3825,146,4601,8670,6744,4303,2905,137,4541,4827,3862,2529,920,1738475
2015,4,11560610,양평1동,17257,10007,7250,133,3518,4327,4160,3211,1908,79,1473,2727,2445,1868,1415,54,2045,1600,1715,1343,493,869573
2015,4,11560620,양평2동,32728,18061,14667,151,6238,12274,9313,3695,1057,62,2753,7044,5110,2254,838,89,3485,5230,4203,1441,219,2573400
2015,4,11560630,신길1동,5375,3080,2295,9,692,1142,1059,1376,1097,3,299,762,599,757,660,6,393,380,460,619,437,762886
2015,4,11560650,신길3동,1739,959,780,3,148,349,450,436,353,1,57,189,221,248,243,2,91,160,229,188,110,510335
2015,4,11560660,신길4동,1363,706,657,11,168,386,394,266,138,9,64,208,211,131,83,2,104,178,183,135,55,298738
2015,4,11560670,신길5동,1043,482,561,0,107,255,269,290,122,0,26,101,128,137,90,0,81,154,141,153,32,498387
2015,4,11560680,신길6동,2364,1112,1252,13,261,540,586,533,431,3,72,276,244,254,263,10,189,264,342,279,168,676005
2015,4,11560690,신길7동,2675,1649,1026,2,447,562,676,704,284,0,291,381,430,360,187,2,156,181,246,344,97,599547
2015,4,11560700,대림1동,2642,1070,1572,10,687,661,595,466,223,5,141,271,279,227,147,5,546,390,316,239,76,493503
2015,4,11560710,대림2동,2261,1018,1243,11,287,550,692,447,274,4,90,225,264,227,208,7,197,325,428,220,66,574495
2015,4,11560720,대림3동,7732,4490,3242,23,962,1739,2120,1859,1029,9,482,1103,1324,1010,562,14,480,636,796,849,467,933892
2015,4,11590510,노량진1동,4852,2926,1926,6,581,1139,1330,1189,607,4,229,696,875,715,407,2,352,443,455,474,200,1876800
2015,4,11590520,노량진2동,4205,2138,2067,6,595,1185,979,969,471,4,287,450,476,628,293,2,308,735,503,341,178,619921
2015,4,11590530,상도1동,4392,2106,2286,8,639,1094,1168,903,580,6,190,490,606,470,344,2,449,604,562,433,236,1492421
2015,4,11590540,상도2동,2498,1056,1442,10,295,558,781,601,253,3,101,222,332,256,142,7,194,336,449,345,111,771971
2015,4,11590550,상도3동,1165,470,695,6,156,274,290,293,146,1,44,103,109,120,93,5,112,171,181,173,53,662403
2015,4,11590560,상도4동,1789,725,1064,4,242,392,509,415,227,2,66,163,218,162,114,2,176,229,291,253,113,947172
2015,4,11590605,흑석동,5588,2620,2968,10,1139,1508,1470,1044,417,0,290,603,767,645,315,10,849,905,703,399,102,2062251
2015,4,11590620,사당1동,5024,2568,2456,42,1110,1359,1262,804,447,18,301,739,732,452,326,24,809,620,530,352,121,630335
2015,4,11590630,사당2동,2899,1374,1525,10,443,679,773,649,345,3,152,338,372,292,217,7,291,341,401,357,128,3064442
2015,4,11590640,사당3동,2385,1246,1139,7,304,481,558,485,550,2,94,236,286,256,372,5,210,245,272,229,178,898029
2015,4,11590650,사당4동,1173,618,555,2,119,249,260,291,252,1,39,110,116,157,195,1,80,139,144,134,57,431219
2015,4,11590651,사당5동,937,433,504,1,162,243,243,213,75,0,64,106,104,101,58,1,98,137,139,112,17,658780
2015,4,11590660,대방동,9599,5455,4144,59,1288,2786,2256,1990,1220,9,500,1752,1379,1087,728,50,788,1034,877,903,492,1591876
2015,4,11590670,신대방1동,3887,2466,1421,38,573,958,865,796,657,37,342,697,546,429,415,1,231,261,319,367,242,685547
2015,4,11590680,신대방2동,26962,14830,12132,261,4644,7333,6345,5471,2908,143,2471,4555,3400,2734,1527,118,2173,2778,2945,2737,1381,1024271
2015,4,11620525,보라매동,5069,2176,2893,13,695,1668,1786,622,285,6,215,598,849,328,180,7,480,1070,937,294,105,758003
2015,4,11620545,청림동,582,227,355,5,97,149,153,105,73,4,24,50,53,45,51,1,73,99,100,60,22,305629
2015,4,11620565,성현동,1283,473,810,2,147,320,407,302,105,0,38,122,116,126,71,2,109,198,291,176,34,695625
2015,4,11620575,행운동,3333,1696,1637,14,629,903,791,632,364,7,242,508,412,314,213,7,387,395,379,318,151,739229
2015,4,11620585,낙성대동,11704,6392,5312,22,1705,3708,2701,2402,1166,8,581,1744,1556,1559,944,14,1124,1964,1145,843,222,2341406
2015,4,11620595,청룡동,7416,4194,3222,19,860,1805,1974,1839,919,7,357,935,1123,1198,574,12,503,870,851,641,345,1186204
2015,4,11620605,은천동,3579,1650,1929,6,471,694,853,937,618,2,140,338,383,444,343,4,331,356,470,493,275,738181
2015,4,11620615,중앙동,2046,1056,990,12,327,553,523,368,263,6,102,301,298,187,162,6,225,252,225,181,101,385136
2015,4,11620625,인헌동,2864,1405,1459,4,338,620,692,651,559,2,91,317,318,301,376,2,247,303,374,350,183,709688
2015,4,11620630,남현동,3734,2415,1319,17,635,911,971,743,457,6,342,598,664,478,327,11,293,313,307,265,130,4218667
2015,4,11620645,서원동,3780,1697,2083,41,680,783,769,772,735,14,217,359,349,326,432,27,463,424,420,446,303,642690
2015,4,11620655,신원동,962,372,590,3,101,215,238,232,173,0,27,84,97,91,73,3,74,131,141,141,100,549115
2015,4,11620665,서림동,1460,877,583,1,130,255,368,425,281,1,47,125,209,266,229,0,83,130,159,159,52,981577
2015,4,11620685,신사동,2153,1130,1023,4,314,448,544,538,305,2,133,255,289,267,184,2,181,193,255,271,121,609167
2015,4,11620695,신림동,2303,1148,1155,16,388,503,585,483,328,3,130,288,307,215,205,13,258,215,278,268,123,507666
2015,4,11620715,난향동,1197,407,790,2,99,202,245,335,314,0,16,51,91,84,165,2,83,151,154,251,149,786985
2015,4,11620725,조원동,3705,2248,1457,6,453,846,1063,837,500,5,217,540,628,519,339,1,236,306,435,318,161,652569
2015,4,11620735,대학동,2114,1172,942,9,265,464,565,567,244,2,90,229,315,352,184,7,175,235,250,215,60,8107585
2015,4,11620745,삼성동,955,419,536,5,141,204,230,233,142,3,27,71,82,133,103,2,114,133,148,100,39,2591742
2015,4,11620765,미성동,3273,1623,1650,13,381,609,906,797,567,10,105,269,444,435,360,3,276,340,462,362,207,1355300
2015,4,11620775,난곡동,1049,429,620,3,146,255,286,274,85,2,29,102,102,141,53,1,117,153,184,133,32,982294
2015,4,11650510,서초1동,37296,20554,16742,290,9721,11256,8532,5058,2439,132,3864,7022,5113,2695,1728,158,5857,4234,3419,2363,711,1383210
2015,4,11650520,서초2동,48200,32227,15973,187,8965,15313,12617,7420,3698,88,4563,10418,9249,5262,2647,99,4402,4895,3368,2158,1051,1229759
2015,4,11650530,서초3동,77395,43820,33575,411,14987,24359,20561,11622,5455,164,5634,13550,13062,7350,4060,247,9353,10809,7499,4272,1395,3027494
2015,4,11650531,서초4동,25006,13490,11516,132,6646,8815,5164,2740,1509,35,2234,5027,3386,1796,1012,97,4412,3788,1778,944,497,882770
2015,4,11650540,잠원동,18726,12083,6643,98,3687,6469,4536,2287,1649,46,1463,4402,3400,1549,1223,52,2224,2067,1136,738,426,1840832
2015,4,11650550,반포본동,1365,724,641,1,169,315,366,351,163,0,70,149,187,224,94,1,99,166,179,127,69,1491264
2015,4,11650560,반포1동,6972,3989,2983,24,1533,2399,1519,874,623,7,622,1451,1006,520,383,17,911,948,513,354,240,1000549
2015,4,11650570,반포2동,2004,1083,921,32,355,570,514,360,173,7,111,298,305,233,129,25,244,272,209,127,44,1258050
2015,4,11650580,반포3동,8481,3918,4563,89,1716,2413,1813,1490,960,38,842,1126,969,495,448,51,874,1287,844,995,512,1325140
2015,4,11650581,반포4동,34298,14694,19604,245,9776,10720,7368,3955,2234,99,2644,4889,3735,2010,1317,146,7132,5831,3633,1945,917,1416005
2015,4,11650590,방배본동,7836,3874,3962,40,1320,2072,1890,1548,966,17,516,1262,916,565,598,23,804,810,974,983,368,660469
2015,4,11650600,방배1동,11312,5989,5323,72,2939,3769,2480,1242,810,24,1071,2186,1446,715,547,48,1868,1583,1034,527,263,691215
2015,4,11650610,방배2동,21821,15809,6012,71,2068,3785,7273,7011,1613,39,911,2612,5582,5442,1223,32,1157,1173,1691,1569,390,1901725
2015,4,11650620,방배3동,9783,6156,3627,95,1835,2695,2177,1694,1287,32,787,1639,1550,1158,990,63,1048,1056,627,536,297,2411856
2015,4,11650621,방배4동,12385,6616,5769,68,2479,3583,3160,1985,1110,23,944,2063,1724,1110,752,45,1535,1520,1436,875,358,954529
2015,4,11650651,양재1동,34439,20071,14368,211,6153,10443,8565,5458,3609,114,2685,6463,5225,3234,2350,97,3468,3980,3340,2224,1259,5711370
2015,4,11650652,양재2동,120559,99341,21218,610,15250,29950,38472,32585,3692,276,10344,24139,33005,28897,2680,334,4906,5811,5467,3688,1012,7516954
2015,4,11650660,내곡동,5584,3729,1855,17,738,1563,1460,1212,594,9,333,1031,1037,907,412,8,405,532,423,305,182,13190710
2015,4,11680510,신사동,23697,10914,12783,170,7461,7790,4546,2327,1403,62,2236,3917,2530,1241,928,108,5225,3873,2016,1086,475,1736994
2015,4,11680521,논현1동,41022,22257,18765,228,10767,13937,8607,4699,2784,79,3883,8049,5527,2751,1968,149,6884,5888,3080,1948,816,1254345
2015,4,11680531,논현2동,64114,35047,29067,339,16089,22060,13470,7296,4860,105,5306,12266,9090,5038,3242,234,10783,9794,4380,2258,1618,1445565
2015,4,11680545,압구정동,32400,14441,17959,425,10373,10592,5698,3254,2058,177,3276,5139,3118,1603,1128,248,7097,5453,2580,1651,930,2520945
2015,4,11680565,청담동,42273,21030,21243,305,11816,14743,8579,4143,2687,55,3608,7713,5380,2483,1791,250,8208,7030,3199,1660,896,2384707
2015,4,11680580,삼성1동,90335,56097,34238,506,22694,32100,18704,10701,5630,236,10715,20857,13652,6837,3800,270,11979,11243,5052,3864,1830,1926134
2015,4,11680590,삼성2동,51943,25463,26480,343,15439,15743,10326,6884,3208,156,5681,9156,5313,3167,1990,187,9758,6587,5013,3717,1218,1247821
2015,4,11680600,대치1동,3135,1362,1773,28,585,898,744,549,331,4,140,330,371,283,234,24,445,568,373,266,97,795761
2015,4,11680610,대치2동,58877,35570,23307,445,12748,19995,13477,7859,4353,135,5137,12898,9699,4913,2788,310,7611,7097,3778,2946,1565,2043875
2015,4,11680630,대치4동,30420,18018,12402,233,6552,10818,7694,3454,1669,35,2673,6619,5208,2314,1169,198,3879,4199,2486,1140,500,717795
2015,4,11680640,역삼1동,204575,113997,90578,1343,42520,66448,53702,29528,11034,697,18204,41877,32112,14371,6736,646,24316,24571,21590,15157,4298,2360116
2015,4,11680650,역삼2동,45723,25709,20014,372,11572,14514,10334,5865,3066,160,4292,8547,6822,3858,2030,212,7280,5967,3512,2007,1036,1127531
2015,4,11680655,도곡1동,20734,8580,12154,217,4060,5659,6724,3003,1071,109,1629,2727,2139,1239,737,108,2431,2932,4585,1764,334,1022697
2015,4,11680656,도곡2동,17663,9980,7683,60,3170,5475,4074,2426,2458,31,1200,3134,2837,1551,1227,29,1970,2341,1237,875,1231,1025651
2015,4,11680660,개포1동,1243,750,493,1,191,315,260,266,210,0,72,188,142,174,174,1,119,127,118,92,36,973078
2015,4,11680670,개포2동,2471,1194,1277,2,249,480,656,743,341,0,60,197,311,390,236,2,189,283,345,353,105,2371826
2015,4,11680690,개포4동,10374,6411,3963,37,1426,2757,2769,2062,1323,23,632,1799,1743,1249,965,14,794,958,1026,813,358,1561449
2015,4,11680700,세곡동,3968,1981,1987,9,507,875,963,1036,578,5,156,419,414,558,429,4,351,456,549,478,149,5894759
2015,4,11680720,일원본동,7601,2004,5597,25,2422,2998,1378,606,172,0,374,760,441,294,135,25,2048,2238,937,312,37,2381558
2015,4,11680730,일원1동,3249,1882,1367,9,401,675,761,801,602,4,192,412,465,446,363,5,209,263,296,355,239,947888
2015,4,11680740,일원2동,12708,10017,2691,127,3822,3974,2402,1793,590,96,3103,3335,1842,1281,360,31,719,639,560,512,230,1043911
2015,4,11680750,수서동,17267,8636,8631,59,2853,5263,4541,2835,1716,34,1126,2680,2050,1427,1319,25,1727,2583,2491,1408,397,1648393
2015,4,11710510,풍납1동,1416,665,751,1,129,317,403,372,194,1,37,135,183,188,121,0,92,182,220,184,73,1057487
2015,4,11710520,풍납2동,12768,4137,8631,11,3254,4538,2986,1427,552,4,570,1206,1167,795,395,7,2684,3332,1819,632,157,1999222
2015,4,11710531,거여1동,3791,2746,1045,24,1047,1059,837,500,324,17,902,824,560,250,193,7,145,235,277,250,131,512307
2015,4,11710532,거여2동,2188,815,1373,3,280,423,603,605,274,2,79,186,227,189,132,1,201,237,376,416,142,510046
2015,4,11710540,마천1동,1076,496,580,2,132,188,336,266,152,2,40,81,144,142,87,0,92,107,192,124,65,504704
2015,4,11710550,마천2동,3075,1691,1384,6,299,672,833,890,375,2,135,372,459,472,251,4,164,300,374,418,124,936181
2015,4,11710561,방이1동,6059,3685,2374,15,775,1362,1380,1208,1319,6,264,762,780,757,1116,9,511,600,600,451,203,581968
2015,4,11710562,방이2동,17952,10143,7809,78,2612,4766,4490,3794,2212,45,1272,3037,2505,1869,1415,33,1340,1729,1985,1925,797,763928
2015,4,11710566,오륜동,3207,1929,1278,6,493,860,838,813,197,0,227,499,516,531,156,6,266,361,322,282,41,3150411
2015,4,11710570,오금동,12859,7718,5141,27,1230,2649,2706,2617,3630,14,535,1697,1673,1464,2335,13,695,952,1033,1153,1295,1691111
2015,4,11710580,송파1동,6856,4130,2726,44,1038,1650,1668,1530,926,21,524,1058,1036,883,608,23,514,592,632,647,318,683881
2015,4,11710590,송파2동,5337,2677,2660,50,1190,1624,1231,914,328,17,376,925,733,398,228,33,814,699,498,516,100,636016
2015,4,11710600,석촌동,9781,5928,3853,57,1647,2865,2292,1769,1151,24,750,1916,1408,1054,776,33,897,949,884,715,375,943819
2015,4,11710610,삼전동,7738,4796,2942,21,952,1781,1774,1637,1573,7,428,1118,1045,925,1273,14,524,663,729,712,300,992437
2015,4,11710620,가락본동,27069,16440,10629,105,4499,7328,6707,5184,3246,59,2117,4533,4382,3071,2278,46,2382,2795,2325,2113,968,1024764
2015,4,11710631,가락1동,8842,6421,2421,15,501,1755,2723,2449,1399,5,365,1425,2040,1587,999,10,136,330,683,862,400,1357317
2015,4,11710632,가락2동,7388,4175,3213,65,1142,1964,1956,1432,829,45,511,1185,1054,775,605,20,631,779,902,657,224,934057
2015,4,11710641,문정1동,5178,3209,1969,10,670,1242,1416,953,887,2,314,768,913,558,654,8,356,474,503,395,233,604321
2015,4,11710642,문정2동,9346,6261,3085,56,1438,2751,2556,1685,860,29,721,1879,1792,1151,689,27,717,872,764,534,171,2387651
2015,4,11710646,장지동,8735,5644,3091,31,920,1647,2312,2309,1516,10,340,1013,1493,1611,1177,21,580,634,819,698,339,1295680
2015,4,11710647,위례동,1427,1071,356,0,65,220,486,558,98,0,21,123,374,468,85,0,44,97,112,90,13,2626871
2015,4,11710650,잠실본동,13538,7683,5855,69,2409,3392,3196,2592,1880,25,897,1906,1990,1589,1276,44,1512,1486,1206,1003,604,1136161
2015,4,11710670,잠실2동,3162,1751,1411,4,622,892,856,599,189,2,311,493,470,331,144,2,311,399,386,268,45,2886358
2015,4,11710680,잠실3동,4523,1989,2534,195,1528,906,959,688,247,76,628,389,422,357,117,119,900,517,537,331,130,1506573
2015,4,11710690,잠실4동,1008,399,609,4,164,213,267,230,130,3,41,75,81,109,90,1,123,138,186,121,40,838370
2015,4,11710710,잠실6동,61753,33647,28106,489,11545,18300,19477,9863,2079,259,5932,12380,9889,3779,1408,230,5613,5920,9588,6084,671,1403041
2015,4,11710720,잠실7동,613,258,355,1,40,151,158,183,80,1,9,64,61,75,48,0,31,87,97,108,32,675008
2015,4,11740515,강일동,13408,10564,2844,14,2418,5195,3130,1972,679,9,1543,4197,2540,1668,607,5,875,998,590,304,72,3722759
2015,4,11740520,상일동,3244,1336,1908,6,600,982,713,699,244,2,139,336,310,374,175,4,461,646,403,325,69,1801282
2015,4,11740530,명일1동,2880,1141,1739,7,363,469,708,802,531,2,104,216,281,279,259,5,259,253,427,523,272,630284
2015,4,11740540,명일2동,2246,1036,1210,5,302,477,599,586,277,2,72,220,266,298,178,3,230,257,333,288,99,920946
2015,4,11740550,고덕1동,1156,487,669,0,139,271,316,284,146,0,28,119,139,116,85,0,111,152,177,168,61,1906565
2015,4,11740560,고덕2동,1393,633,760,0,119,271,393,466,144,0,38,130,153,225,87,0,81,141,240,241,57,2408099
2015,4,11740570,암사1동,2056,1045,1011,6,233,464,584,480,289,2,91,231,283,259,179,4,142,233,301,221,110,738366
2015,4,11740580,암사2동,2398,1022,1376,10,364,541,668,589,226,6,121,239,256,235,165,4,243,302,412,354,61,2337773
2015,4,11740590,암사3동,1089,463,626,3,155,264,276,313,78,2,30,113,101,156,61,1,125,151,175,157,17,1843902
2015,4,11740600,천호1동,2642,1233,1409,10,288,598,622,686,438,8,73,285,304,317,246,2,215,313,318,369,192,669571
2015,4,11740610,천호2동,7658,3892,3766,28,1247,1768,1704,1690,1221,14,478,942,861,804,793,14,769,826,843,886,428,1828343
2015,4,11740620,천호3동,3763,2128,1635,8,497,957,854,858,589,1,182,602,510,479,354,7,315,355,344,379,235,569450
2015,4,11740640,성내1동,13162,8115,5047,25,1658,3433,3510,2931,1605,12,695,1970,2181,2029,1228,13,963,1463,1329,902,377,658437
2015,4,11740650,성내2동,3378,1783,1595,10,489,770,814,781,514,5,185,388,429,411,365,5,304,382,385,370,149,624632
2015,4,11740660,성내3동,5915,3240,2675,22,823,1499,1395,1202,974,15,350,900,809,624,542,7,473,599,586,578,432,641973
2015,4,11740685,길동,9812,5179,4633,22,1606,2507,2324,2013,1340,12,587,1377,1313,982,908,10,1019,1130,1011,1031,432,1590598
2015,4,11740690,둔촌1동,904,544,360,1,77,159,206,245,216,0,38,67,90,153,196,1,39,92,116,92,20,897261
2015,4,11740700,둔촌2동,6080,2918,3162,21,1202,1723,1446,1208,480,6,356,860,698,670,328,15,846,863,748,538,152,1592001
2016,1,11110515,청운효자동,6224,3831,2393,15,1328,2181,1438,949,313,10,665,1445,939,561,211,5,663,736,499,388,102,2429899
2016,1,11110530,사직동,70960,43137,27823,307,11793,22774,19061,11595,5430,76,4298,13214,14181,8144,3224,231,7495,9560,4880,3451,2206,1161995
2016,1,11110540,삼청동,3858,2047,1811,20,693,1231,1002,712,200,8,220,661,619,430,109,12,473,570,383,282,91,1391632
2016,1,11110550,부암동,2948,1488,1460,6,662,759,791,527,203,3,188,400,496,282,119,3,474,359,295,245,84,2221363
2016,1,11110560,평창동,2378,1097,1281,9,334,591,581,577,286,5,106,267,300,259,160,4,228,324,281,318,126,8346900
2016,1,11110570,무악동,597,206,391,1,111,172,144,98,71,1,9,43,57,42,54,0,102,129,87,56,17,453220
2016,1,11110580,교남동,4177,1594,2583,1,1176,1392,866,502,240,1,201,498,429,289,176,0,975,894,437,213,64,355267
2016,1,11110600,가회동,18143,15067,3076,26,3107,6972,5069,2332,637,15,2124,5697,4584,2111,536,11,983,1275,485,221,101,565302
2016,1,11110615,종로1.2.3.4가동,135849,83132,52717,1762,23147,44455,38259,21646,6580,871,9532,25488,26689,15954,4598,891,13615,18967,11570,5692,1982,2430999
2016,1,11110630,종로5.6가동,21753,14499,7254,310,4092,6983,5809,3327,1232,103,2075,4846,4271,2369,835,207,2017,2137,1538,958,397,599631
2016,1,11110640,이화동,16140,5999,10141,56,4293,5559,3413,2212,607,17,982,1907,1536,1149,408,39,3311,3652,1877,1063,199,747067
2016,1,11110650,혜화동,4719,2537,2182,17,728,1272,1206,942,554,3,250,640,698,571,375,14,478,632,508,371,179,1161303
2016,1,11110670,창신1동,2693,1205,1488,21,412,762,731,488,279,14,141,341,291,238,180,7,271,421,440,250,99,297271
2016,1,11110680,창신2동,751,320,431,0,84,204,182,193,88,0,18,97,91,75,39,0,66,107,91,118,49,257188
2016,1,11110690,창신3동,381,197,184,0,34,89,95,116,47,0,8,33,46,71,39,0,26,56,49,45,8,216230
2016,1,11110700,숭인1동,603,289,314,1,73,138,172,153,66,0,28,68,77,77,39,1,45,70,95,76,27,236777
2016,1,11110710,숭인2동,2839,1581,1258,10,399,630,683,578,539,5,153,372,394,300,357,5,246,258,289,278,182,359384
2016,1,11140520,소공동,146417,84410,62007,778,33044,49051,41112,19730,2702,257,11573,26953,28673,14930,2024,521,21471,22098,12439,4800,678,918284
2016,1,11140540,회현동,65109,40192,24917,447,12918,23245,17674,8893,1932,172,6616,13525,11822,6649,1408,275,6302,9720,5852,2244,524,909465
2016,1,11140550,명동,170034,87755,82279,1081,34080,60363,47549,21727,5234,256,11041,26271,29819,16747,3621,825,23039,34092,17730,4980,1613,993909
2016,1,11140570,필동,24691,11873,12818,170,4334,6736,7238,4601,1612,73,1468,3712,3526,2076,1018,97,2866,3024,3712,2525,594,1458582
2016,1,11140580,장충동,10543,5772,4771,34,2586,3374,2800,1326,423,13,942,1989,1704,825,299,21,1644,1385,1096,501,124,1013897
2016,1,11140590,광희동,43444,22266,21178,1527,12224,11452,9712,6347,2182,699,5307,6715,5215,2949,1381,828,6917,4737,4497,3398,801,745387
2016,1,11140605,을지로동,19522,12692,6830,82,2439,5101,5577,4130,2193,39,1082,3165,3841,2917,1648,43,1357,1936,1736,1213,545,612013
2016,1,11140615,신당동,11712,6585,5127,49,2636,3942,2670,1698,717,15,1365,2102,1611,1042,450,34,1271,1840,1059,656,267,536647
2016,1,11140625,다산동,8377,3747,4630,103,2511,2010,1495,1462,796,47,894,1063,820,576,347,56,1617,947,675,886,449,532721
2016,1,11140635,약수동,2569,1114,1455,12,447,686,600,482,342,3,109,313,277,217,195,9,338,373,323,265,147,509395
2016,1,11140645,청구동,3557,2267,1290,9,604,1111,884,532,417,3,285,780,582,328,289,6,319,331,302,204,128,345114
2016,1,11140650,신당5동,1525,724,801,8,216,375,412,342,172,2,65,169,205,175,108,6,151,206,207,167,64,310367
2016,1,11140665,동화동,2798,1431,1367,13,668,733,598,540,246,6,213,409,337,291,175,7,455,324,261,249,71,330049
2016,1,11140670,황학동,3844,2272,1572,8,576,797,809,978,676,1,253,496,543,531,448,7,323,301,266,447,228,327694
2016,1,11140680,중림동,7131,4210,2921,15,1271,2043,1727,1241,834,8,452,1065,1152,898,635,7,819,978,575,343,199,487576
2016,1,11170510,후암동,3960,1539,2421,4,419,676,934,1423,504,3,146,382,411,396,201,1,273,294,523,1027,303,868399
2016,1,11170520,용산2가동,3041,2073,968,0,163,907,1151,674,146,0,57,561,888,486,81,0,106,346,263,188,65,2047347
2016,1,11170530,남영동,25971,14825,11146,1107,7827,7810,5154,2942,1131,460,3513,4811,3456,1881,704,647,4314,2999,1698,1061,427,735947
2016,1,11170555,청파동,8200,4376,3824,40,1302,2097,1768,1658,1335,30,354,997,971,941,1083,10,948,1100,797,717,252,867676
2016,1,11170560,원효로1동,13358,6831,6527,103,3241,5008,3174,1226,606,63,1326,2583,1669,790,400,40,1915,2425,1505,436,206,589294
2016,1,11170570,원효로2동,6420,4577,1843,18,681,1828,1412,1394,1087,13,368,1385,1040,966,805,5,313,443,372,428,282,915567
2016,1,11170580,효창동,2114,1134,980,4,272,558,558,505,217,2,84,313,320,272,143,2,188,245,238,233,74,470670
2016,1,11170590,용문동,905,492,413,2,114,280,275,158,76,1,43,165,149,89,45,1,71,115,126,69,31,289284
2016,1,11170625,한강로동,56225,34827,21398,425,11820,18688,15081,7507,2704,203,5341,11437,10518,5421,1907,222,6479,7251,4563,2086,797,3358956
2016,1,11170630,이촌1동,1944,910,1034,3,270,464,495,376,336,2,86,170,227,173,252,1,184,294,268,203,84,2143668
2016,1,11170640,이촌2동,329,189,140,0,40,72,83,74,60,0,15,43,52,38,41,0,25,29,31,36,19,1191110
2016,1,11170650,이태원1동,5285,3117,2168,22,1071,1434,1138,980,640,14,570,849,637,629,418,8,501,585,501,351,222,579369
2016,1,11170660,이태원2동,2222,1282,940,9,526,772,468,275,172,5,280,451,276,152,118,4,246,321,192,123,54,879018
2016,1,11170685,한남동,14041,7491,6550,75,3436,4942,3075,1557,956,46,1340,2779,1842,907,577,29,2096,2163,1233,650,379,3198883
2016,1,11170690,서빙고동,4949,2665,2284,82,981,1619,1236,663,368,4,304,823,738,488,308,78,677,796,498,175,60,2198117
2016,1,11170700,보광동,892,512,380,0,76,190,230,245,151,0,26,106,124,146,110,0,50,84,106,99,41,890496
2016,1,11200520,왕십리2동,1043,437,606,3,163,233,273,232,139,2,32,88,111,111,93,1,131,145,162,121,46,385254
2016,1,11200535,왕십리도선동,7932,3791,4141,42,1437,2151,2116,1458,728,16,452,1106,1011,778,428,26,985,1045,1105,680,300,718816
2016,1,11200540,마장동,10078,6835,3243,30,1018,2280,2757,2740,1253,19,554,1565,1917,1902,878,11,464,715,840,838,375,1082999
2016,1,11200550,사근동,7223,3523,3700,21,1448,1874,1994,1484,402,1,379,856,1039,938,310,20,1069,1018,955,546,92,1182945
2016,1,11200560,행당1동,5462,3042,2420,23,722,1300,1396,1423,598,10,237,572,766,1016,441,13,485,728,630,407,157,552563
2016,1,11200570,행당2동,859,274,585,1,90,224,233,216,95,0,16,64,62,79,53,1,74,160,171,137,42,457197
2016,1,11200580,응봉동,430,166,264,1,56,96,105,112,60,0,13,31,34,40,48,1,43,65,71,72,12,547736
2016,1,11200590,금호1가동,862,407,455,3,126,195,215,205,118,0,34,77,93,112,91,3,92,118,122,93,27,441318
2016,1,11200615,금호2.3가동,958,372,586,4,134,215,225,238,142,1,32,89,76,84,90,3,102,126,149,154,52,638261
2016,1,11200620,금호4가동,763,284,479,1,89,219,176,180,98,0,20,83,63,63,55,1,69,136,113,117,43,935263
2016,1,11200645,옥수동,1816,823,993,7,350,465,461,347,186,3,109,184,220,180,127,4,241,281,241,167,59,1239152
2016,1,11200650,성수1가1동,5131,3316,1815,13,646,1346,1408,1283,435,7,290,874,901,885,359,6,356,472,507,398,76,2248463
2016,1,11200660,성수1가2동,16012,9710,6302,223,3938,4680,3192,2458,1521,71,1737,2920,2175,1670,1137,152,2201,1760,1017,788,384,984783
2016,1,11200670,성수2가1동,46141,20336,25805,476,8135,12445,16167,8028,890,269,4839,8010,4759,1808,651,207,3296,4435,11408,6220,239,1126355
2016,1,11200690,성수2가3동,37058,23329,13729,246,6992,10947,9358,6087,3428,140,3158,7087,6198,4154,2592,106,3834,3860,3160,1933,836,1050781
2016,1,11200720,송정동,1723,1061,662,1,280,487,464,317,174,1,156,281,261,231,131,0,124,206,203,86,43,584812
2016,1,11200790,용답동,18354,13298,5056,67,1684,3851,6917,4180,1655,22,902,2907,5755,2795,917,45,782,944,1162,1385,738,2379362
2016,1,11215710,화양동,5551,2440,3111,47,1402,1753,1061,787,501,25,437,796,519,346,317,22,965,957,542,441,184,1124376
2016,1,11215730,군자동,6204,3407,2797,41,1400,1606,1631,1086,440,26,558,952,924,633,314,15,842,654,707,453,126,733236
2016,1,11215740,중곡1동,4188,2584,1604,12,453,950,1030,827,916,6,160,544,597,509,768,6,293,406,433,318,148,602769
2016,1,11215750,중곡2동,3895,1912,1983,5,505,859,1055,907,564,2,207,437,503,441,322,3,298,422,552,466,242,544807
2016,1,11215760,중곡3동,1950,1007,943,5,266,395,481,527,276,3,88,212,235,292,177,2,178,183,246,235,99,600824
2016,1,11215770,중곡4동,2867,1486,1381,5,338,660,756,791,317,3,103,297,390,457,236,2,235,363,366,334,81,2295463
2016,1,11215780,능동,3136,1601,1535,13,537,875,736,643,332,8,196,448,424,309,216,5,341,427,312,334,116,1094134
2016,1,11215810,광장동,7750,4226,3524,63,1482,2364,1908,1366,567,30,546,1285,1161,784,420,33,936,1079,747,582,147,2889609
2016,1,11215820,자양1동,9138,5591,3547,27,1181,1996,2281,2260,1393,12,389,981,1429,1649,1131,15,792,1015,852,611,262,621606
2016,1,11215830,자양2동,7325,5080,2245,12,730,1795,2491,1801,496,8,442,1230,1850,1201,349,4,288,565,641,600,147,1630926
2016,1,11215840,자양3동,2956,1324,1632,7,444,780,724,669,332,2,150,366,313,285,208,5,294,414,411,384,124,1145609
2016,1,11215847,자양4동,2720,1589,1131,13,446,721,678,520,342,7,210,443,385,286,258,6,236,278,293,234,84,1148618
2016,1,11215850,구의1동,4481,2805,1676,13,575,1152,1189,1076,476,7,269,720,773,716,320,6,306,432,416,360,156,553095
2016,1,11215860,구의2동,3379,1944,1435,34,424,723,895,829,474,12,176,387,532,508,329,22,248,336,363,321,145,1363952
2016,1,11215870,구의3동,13711,7920,5791,58,1582,3191,3573,3367,1940,39,769,2083,2165,1711,1153,19,813,1108,1408,1656,787,1453971
2016,1,11230536,용신동,25643,14213,11430,145,4027,6781,6802,4890,2998,34,1549,3994,3805,2950,1881,111,2478,2787,2997,1940,1117,1590771
2016,1,11230545,제기동,5803,3385,2418,21,778,1288,1516,1347,853,3,338,776,928,783,557,18,440,512,588,564,296,1184853
2016,1,11230560,전농1동,2546,1288,1258,19,374,547,712,584,310,8,148,297,387,276,172,11,226,250,325,308,138,1140490
2016,1,11230570,전농2동,3264,1649,1615,6,384,839,922,814,299,2,86,340,470,519,232,4,298,499,452,295,67,983768
2016,1,11230600,답십리1동,6380,3715,2665,45,1145,1596,1597,1216,781,31,647,1048,855,586,548,14,498,548,742,630,233,838156
2016,1,11230610,답십리2동,3529,2112,1417,8,413,812,930,842,524,6,182,525,569,490,340,2,231,287,361,352,184,814945
2016,1,11230650,장안1동,13318,7960,5358,42,1744,3116,3342,2892,2182,14,747,1780,2050,1797,1572,28,997,1336,1292,1095,610,1360347
2016,1,11230660,장안2동,6441,3270,3171,32,1070,1466,1750,1442,681,13,424,778,903,712,440,19,646,688,847,730,241,1119438
2016,1,11230705,청량리동,5293,3122,2171,13,807,1447,1234,1123,669,2,335,854,751,718,462,11,472,593,483,405,207,1197287
2016,1,11230710,회기동,3788,1406,2382,24,861,1302,853,615,133,11,243,558,308,228,58,13,618,744,545,387,75,829432
2016,1,11230720,휘경1동,1389,756,633,11,217,294,322,277,268,4,83,171,184,147,167,7,134,123,138,130,101,519932
2016,1,11230730,휘경2동,4301,1767,2534,14,798,1128,1097,899,365,4,193,486,502,395,187,10,605,642,595,504,178,1207585
2016,1,11230740,이문1동,5197,2799,2398,3,654,1319,1551,1216,454,1,170,559,945,788,336,2,484,760,606,428,118,986690
2016,1,11230750,이문2동,929,460,469,2,113,155,279,232,148,1,25,57,126,140,111,1,88,98,153,92,37,698476
2016,1,11260520,면목2동,2457,1284,1173,6,288,499,684,636,344,2,91,246,348,357,240,4,197,253,336,279,104,743106
2016,1,11260540,면목4동,1676,1006,670,6,158,285,459,566,202,5,43,126,286,394,152,1,115,159,173,172,50,821882
2016,1,11260550,면목5동,1046,695,351,2,88,175,277,327,177,1,35,108,167,242,142,1,53,67,110,85,35,591696
2016,1,11260565,면목본동,2314,983,1331,8,272,429,647,650,308,4,64,192,290,257,176,4,208,237,357,393,132,840931
2016,1,11260570,면목7동,1298,629,669,4,170,241,353,353,177,1,33,93,163,207,132,3,137,148,190,146,45,1202721
2016,1,11260575,면목3.8동,3763,2094,1669,5,527,759,998,1010,464,1,136,343,565,690,359,4,391,416,433,320,105,1591050
2016,1,11260580,상봉1동,2996,1706,1290,14,292,554,750,879,507,7,103,258,362,585,391,7,189,296,388,294,116,917193
2016,1,11260590,상봉2동,8878,5312,3566,42,1021,2054,2697,1901,1163,14,509,1448,1450,1013,878,28,512,606,1247,888,285,658991
2016,1,11260600,중화1동,1589,623,966,3,227,362,500,355,142,1,48,136,191,159,88,2,179,226,309,196,54,637209
2016,1,11260610,중화2동,2797,1566,1231,7,259,507,700,626,698,6,84,291,379,332,474,1,175,216,321,294,224,960402
2016,1,11260620,묵1동,2979,1399,1580,8,394,790,846,675,266,5,115,380,379,334,186,3,279,410,467,341,80,1184393
2016,1,11260630,묵2동,1689,835,854,5,217,357,493,416,201,2,70,188,249,209,117,3,147,169,244,207,84,682005
2016,1,11260655,망우본동,5306,2701,2605,20,702,1197,1374,1305,708,7,187,516,690,759,542,13,515,681,684,546,166,3074745
2016,1,11260660,망우3동,1672,818,854,14,159,289,455,490,265,5,42,148,201,243,179,9,117,141,254,247,86,967313
2016,1,11260680,신내1동,5881,3084,2797,9,946,1351,1506,1487,582,5,258,726,807,893,395,4,688,625,699,594,187,2361684
2016,1,11260690,신내2동,3859,1900,1959,5,351,925,1054,1044,480,2,92,386,473,662,285,3,259,539,581,382,195,939758
2016,1,11290525,성북동,3012,1349,1663,18,557,907,811,499,220,8,170,411,376,252,132,10,387,496,435,247,88,3067396
2016,1,11290555,삼선동,8587,4527,4060,24,1114,1940,2219,2360,930,11,381,940,1235,1418,542,13,733,1000,984,942,388,1177823
2016,1,11290575,동선동,5770,2391,3379,33,1064,1124,1212,1085,1252,8,261,512,623,453,534,25,803,612,589,632,718,729672
2016,1,11290580,돈암1동,883,326,557,7,122,233,250,194,77,5,33,80,86,81,41,2,89,153,164,113,36,461503
2016,1,11290590,돈암2동,644,214,430,0,137,198,159,94,56,0,23,72,58,24,37,0,114,126,101,70,19,414465
2016,1,11290600,안암동,7229,3704,3525,16,1517,2033,1905,1278,480,6,415,936,1162,850,335,10,1102,1097,743,428,145,1295307
2016,1,11290610,보문동,3326,1754,1572,10,383,639,760,672,862,5,124,336,386,350,553,5,259,303,374,322,309,551172
2016,1,11290620,정릉1동,1112,455,657,3,156,247,306,259,141,1,33,91,125,114,91,2,123,156,181,145,50,475568
2016,1,11290630,정릉2동,1418,632,786,3,219,289,409,331,167,0,58,110,187,169,108,3,161,179,222,162,59,1165255
2016,1,11290640,정릉3동,2815,1654,1161,7,379,580,856,717,276,6,121,266,542,517,202,1,258,314,314,200,74,3182234
2016,1,11290650,정릉4동,2701,1699,1002,8,287,442,718,841,405,0,56,228,486,614,315,8,231,214,232,227,90,3714207
2016,1,11290660,길음1동,1902,609,1293,6,318,432,539,386,221,2,54,142,167,116,128,4,264,290,372,270,93,753885
2016,1,11290685,길음2동,1196,557,639,10,258,296,260,229,143,1,100,128,125,102,101,9,158,168,135,127,42,423663
2016,1,11290705,종암동,3403,1686,1717,9,478,846,1036,761,273,1,155,416,528,423,163,8,323,430,508,338,110,1494677
2016,1,11290715,월곡1동,3964,1979,1985,13,459,850,1069,902,671,7,150,426,491,451,454,6,309,424,578,451,217,974658
2016,1,11290725,월곡2동,4698,2533,2165,17,808,1318,1188,924,443,7,283,766,658,549,270,10,525,552,530,375,173,1330228
2016,1,11290760,장위1동,893,337,556,1,79,163,291,252,107,1,18,60,121,100,37,0,61,103,170,152,70,714821
2016,1,11290770,장위2동,2246,1315,931,1,168,380,525,590,582,1,56,196,254,372,436,0,112,184,271,218,146,682224
2016,1,11290780,장위3동,1705,962,743,2,168,309,493,501,232,0,51,151,265,313,182,2,117,158,228,188,50,663549
2016,1,11290810,석관동,4042,2322,1720,5,381,790,966,859,1041,0,108,347,528,525,814,5,273,443,438,334,227,1773773
2016,1,11305534,삼양동,1388,580,808,2,187,275,379,375,170,1,34,91,139,195,120,1,153,184,240,180,50,959451
2016,1,11305535,미아동,2388,1028,1360,7,356,521,625,570,309,6,106,208,287,253,168,1,250,313,338,317,141,835492
2016,1,11305545,송중동,3022,1332,1690,14,452,708,851,615,382,4,162,307,369,250,240,10,290,401,482,365,142,1085065
2016,1,11305555,송천동,2864,1394,1470,11,377,640,776,701,359,5,93,290,384,355,267,6,284,350,392,346,92,928301
2016,1,11305575,삼각산동,1140,375,765,4,166,319,366,208,77,3,42,103,98,79,50,1,124,216,268,129,27,603256
2016,1,11305590,번1동,3859,2160,1699,14,482,807,973,992,591,5,186,459,571,597,342,9,296,348,402,395,249,619363
2016,1,11305600,번2동,2225,1361,864,10,193,358,691,716,257,7,78,197,399,500,180,3,115,161,292,216,77,992960
2016,1,11305606,번3동,1557,743,814,35,197,297,358,393,277,11,67,155,175,188,147,24,130,142,183,205,130,1075371
2016,1,11305610,수유1동,2998,1564,1434,5,285,527,822,931,428,3,81,242,447,518,273,2,204,285,375,413,155,1748455
2016,1,11305620,수유2동,2211,1013,1198,3,232,324,500,529,623,0,74,170,233,235,301,3,158,154,267,294,322,593685
2016,1,11305630,수유3동,4649,2428,2221,19,538,1171,1184,1161,576,9,191,558,621,709,340,10,347,613,563,452,236,725084
2016,1,11305645,우이동,1996,1300,696,6,140,298,504,678,370,2,46,171,315,488,278,4,94,127,189,190,92,10680138
2016,1,11305660,인수동,3392,1539,1853,15,456,741,859,827,494,11,150,309,386,348,335,4,306,432,473,479,159,2869695
2016,1,11320511,창1동,1702,638,1064,11,241,374,465,434,177,4,40,122,172,183,117,7,201,252,293,251,60,1104916
2016,1,11320512,창2동,2295,1183,1112,12,249,448,700,568,318,6,87,218,326,307,239,6,162,230,374,261,79,654615
2016,1,11320513,창3동,866,330,536,17,114,178,276,197,84,11,26,64,99,79,51,6,88,114,177,118,33,635079
2016,1,11320514,창4동,3709,2310,1399,6,349,638,1005,1051,660,4,112,334,593,736,531,2,237,304,412,315,129,1155759
2016,1,11320515,창5동,4693,2343,2350,14,571,1167,1339,1217,385,9,168,544,683,695,244,5,403,623,656,522,141,676820
2016,1,11320521,도봉1동,3073,1939,1134,12,212,440,822,1095,492,7,70,233,517,747,365,5,142,207,305,348,127,8547209
2016,1,11320522,도봉2동,5047,2801,2246,10,395,763,1081,1192,1606,5,150,367,540,687,1052,5,245,396,541,505,554,1204332
2016,1,11320660,쌍문1동,2245,888,1357,3,347,381,607,634,273,2,53,152,220,275,186,1,294,229,387,359,87,1177010
2016,1,11320670,쌍문2동,3019,1482,1537,9,314,546,706,759,685,4,114,287,346,406,325,5,200,259,360,353,360,539384
2016,1,11320680,쌍문3동,1969,895,1074,11,370,503,541,393,151,10,92,244,247,213,89,1,278,259,294,180,62,504867
2016,1,11320681,쌍문4동,1076,405,671,2,128,272,249,307,118,2,18,111,77,127,70,0,110,161,172,180,48,543784
2016,1,11320690,방학1동,5139,2908,2231,11,567,901,1255,1503,902,7,212,481,648,917,643,4,355,420,607,586,259,1041785
2016,1,11320700,방학2동,1139,489,650,2,139,258,331,286,123,1,50,130,132,111,65,1,89,128,199,175,58,1102018
2016,1,11320710,방학3동,1835,800,1035,2,153,325,485,589,281,0,42,128,174,261,195,2,111,197,311,328,86,1856777
2016,1,11350560,월계1동,2835,1664,1171,12,304,579,700,792,448,10,94,301,422,519,318,2,210,278,278,273,130,1218934
2016,1,11350570,월계2동,2112,1073,1039,11,251,445,633,567,205,8,74,176,315,351,149,3,177,269,318,216,56,1991095
2016,1,11350580,월계3동,1476,661,815,2,134,300,442,409,189,1,28,122,159,212,139,1,106,178,283,197,50,1133881
2016,1,11350595,공릉1동,8515,4384,4131,37,920,1589,2086,2220,1663,21,327,919,1036,1068,1013,16,593,670,1050,1152,650,1217193
2016,1,11350600,공릉2동,6378,3028,3350,21,949,1451,1588,1563,806,11,235,581,699,895,607,10,714,870,889,668,199,7207339
2016,1,11350611,하계1동,7141,3995,3146,22,1162,1771,1869,1746,571,11,441,919,1087,1149,388,11,721,852,782,597,183,1467562
2016,1,11350612,하계2동,579,174,405,0,44,105,186,195,49,0,7,25,37,63,42,0,37,80,149,132,7,513857
2016,1,11350619,중계본동,2355,1140,1215,7,253,402,591,510,592,4,89,171,262,241,373,3,164,231,329,269,219,2094464
2016,1,11350621,중계1동,1437,579,858,9,206,283,437,347,155,3,57,110,151,155,103,6,149,173,286,192,52,624508
2016,1,11350624,중계4동,2143,873,1270,8,186,400,619,641,289,5,49,186,242,242,149,3,137,214,377,399,140,1540528
2016,1,11350625,중계2.3동,2655,1059,1596,7,360,576,774,708,230,3,95,274,288,258,141,4,265,302,486,450,89,912217
2016,1,11350630,상계1동,5050,2554,2496,25,543,926,1406,1315,835,21,219,514,660,678,462,4,324,412,746,637,373,4997346
2016,1,11350640,상계2동,4225,1695,2530,44,809,806,1052,1035,479,18,254,363,431,382,247,26,555,443,621,653,232,629194
2016,1,11350665,상계3.4동,3264,1785,1479,4,206,365,832,1036,821,2,59,149,465,636,474,2,147,216,367,400,347,5751720
2016,1,11350670,상계5동,1985,780,1205,9,150,245,446,571,564,4,58,125,160,180,253,5,92,120,286,391,311,473604
2016,1,11350695,상계6.7동,8557,3536,5021,25,1478,2165,2244,1826,819,9,331,771,932,1028,465,16,1147,1394,1312,798,354,1434043
2016,1,11350700,상계8동,1003,296,707,2,108,220,327,243,103,2,22,38,56,100,78,0,86,182,271,143,25,668937
2016,1,11350710,상계9동,1215,439,776,1,104,314,383,299,114,1,18,77,113,149,81,0,86,237,270,150,33,833448
2016,1,11350720,상계10동,968,377,591,3,102,190,290,294,89,1,28,60,100,125,63,2,74,130,190,169,26,802642
2016,1,11380510,녹번동,6566,3293,3273,19,763,1558,1826,1687,713,12,267,675,912,1009,418,7,496,883,914,678,295,1923020
2016,1,11380520,불광1동,2454,992,1462,7,427,723,634,467,196,4,108,309,286,181,104,3,319,414,348,286,92,2948578
2016,1,11380530,불광2동,3262,1542,1720,16,432,785,934,781,314,9,145,356,485,395,152,7,287,429,449,386,162,1756596
2016,1,11380551,갈현1동,2010,929,1081,8,327,468,543,419,245,6,102,212,245,211,153,2,225,256,298,208,92,909869
2016,1,11380552,갈현2동,2947,1147,1800,9,393,696,758,735,356,0,101,328,283,262,173,9,292,368,475,473,183,1018512
2016,1,11380560,구산동,4162,1927,2235,11,459,796,978,1298,620,2,141,303,400,702,379,9,318,493,578,596,241,1316383
2016,1,11380570,대조동,3205,1343,1862,22,444,720,901,721,397,6,131,294,367,316,229,16,313,426,534,405,168,867572
2016,1,11380580,응암1동,3855,1778,2077,14,483,856,977,976,549,7,162,384,421,450,354,7,321,472,556,526,195,1126418
2016,1,11380590,응암2동,1025,492,533,3,107,215,284,288,128,1,21,71,120,180,99,2,86,144,164,108,29,554079
2016,1,11380600,응암3동,2667,1096,1571,21,351,602,761,632,300,8,121,253,301,249,164,13,230,349,460,383,136,933101
2016,1,11380625,역촌동,3805,1593,2212,12,400,831,1025,1013,524,6,121,359,425,386,296,6,279,472,600,627,228,1138805
2016,1,11380631,신사1동,1873,920,953,1,264,343,493,492,280,0,88,156,225,259,192,1,176,187,268,233,88,823498
2016,1,11380632,신사2동,1545,762,783,1,118,256,388,402,380,0,23,91,191,237,220,1,95,165,197,165,160,1050676
2016,1,11380640,증산동,2303,1404,899,12,228,496,598,594,375,6,78,268,337,397,318,6,150,228,261,197,57,929526
2016,1,11380650,수색동,1537,741,796,6,264,390,363,333,181,3,53,153,189,216,127,3,211,237,174,117,54,1169504
2016,1,11380690,진관동,3555,1631,1924,17,377,704,1047,1065,345,7,94,254,458,595,223,10,283,450,589,470,122,12836383
2016,1,11410520,천연동,1283,534,749,3,130,295,345,334,176,1,33,105,150,132,113,2,97,190,195,202,63,866603
2016,1,11410555,북아현동,1110,472,638,0,120,198,303,330,159,0,26,89,127,153,77,0,94,109,176,177,82,461555
2016,1,11410565,충현동,25196,14323,10873,44,4281,8932,6823,3711,1405,14,1694,4906,4397,2386,926,30,2587,4026,2426,1325,479,1139343
2016,1,11410585,신촌동,17814,7248,10566,64,4618,5647,4122,2520,843,24,1249,2031,1954,1425,565,40,3369,3616,2168,1095,278,2504686
2016,1,11410615,연희동,7857,4201,3656,29,1116,1945,1962,1940,865,12,418,992,1017,1214,548,17,698,953,945,726,317,2965760
2016,1,11410620,홍제1동,1590,640,950,2,245,352,420,345,226,0,50,123,185,140,142,2,195,229,235,205,84,1492096
2016,1,11410640,홍제3동,1683,675,1008,8,207,304,447,362,355,3,55,109,165,138,205,5,152,195,282,224,150,1093373
2016,1,11410655,홍제2동,1074,533,541,9,103,162,281,371,148,7,31,76,108,209,102,2,72,86,173,162,46,705399
2016,1,11410660,홍은1동,1122,437,685,1,144,232,296,287,162,1,36,96,110,95,99,0,108,136,186,192,63,1538023
2016,1,11410685,홍은2동,3612,1928,1684,7,561,778,924,898,444,5,191,353,498,547,334,2,370,425,426,351,110,2049745
2016,1,11410690,남가좌1동,832,436,396,5,153,168,209,188,109,0,34,67,128,132,75,5,119,101,81,56,34,484765
2016,1,11410700,남가좌2동,1672,812,860,11,218,352,446,378,267,5,53,156,195,216,187,6,165,196,251,162,80,787125
2016,1,11410710,북가좌1동,1589,989,600,5,134,258,395,458,339,3,37,116,218,330,285,2,97,142,177,128,54,562752
2016,1,11410720,북가좌2동,2358,1243,1115,8,267,458,619,654,352,2,95,229,312,370,235,6,172,229,307,284,117,806705
2016,1,11440555,아현동,22222,12672,9550,123,3856,7568,5583,3914,1178,52,1422,4544,3706,2198,750,71,2434,3024,1877,1716,428,870645
2016,1,11440565,공덕동,10420,6277,4143,40,1969,2700,3390,1596,725,13,796,1537,2413,1122,396,27,1173,1163,977,474,329,891209
2016,1,11440585,도화동,12809,6813,5996,75,2773,3625,3072,2136,1128,43,1159,2035,1707,1123,746,32,1614,1590,1365,1013,382,863516
2016,1,11440590,용강동,14339,8468,5871,41,2248,4395,3548,2563,1544,14,766,2754,2335,1550,1049,27,1482,1641,1213,1013,495,910388
2016,1,11440600,대흥동,8966,4609,4357,166,2533,2366,1783,1284,834,82,992,1261,1053,747,474,84,1541,1105,730,537,360,854083
2016,1,11440610,염리동,18033,10645,7388,198,2468,3469,5404,6236,258,89,824,1591,2667,5306,168,109,1644,1878,2737,930,90,549601
2016,1,11440630,신수동,4285,2396,1889,11,633,1337,1236,743,325,5,213,759,776,421,222,6,420,578,460,322,103,914314
2016,1,11440655,서강동,8954,5044,3910,43,1929,2505,1815,1337,1325,17,704,1553,1271,826,673,26,1225,952,544,511,652,1890596
2016,1,11440660,서교동,42509,21791,20718,358,11290,12685,8799,5535,3842,143,4128,7095,5360,2892,2173,215,7162,5590,3439,2643,1669,1641475
2016,1,11440680,합정동,10606,5855,4751,55,2367,3769,2596,1267,552,15,808,2081,1726,830,395,40,1559,1688,870,437,157,1792621
2016,1,11440690,망원1동,2525,1369,1156,24,494,666,661,455,225,14,228,399,363,223,142,10,266,267,298,232,83,1111518
2016,1,11440700,망원2동,3137,1423,1714,14,428,835,921,636,303,1,157,445,394,229,197,13,271,390,527,407,106,1209563
2016,1,11440710,연남동,3974,2145,1829,22,860,1280,1021,524,267,9,308,714,606,324,184,13,552,566,415,200,83,641653
2016,1,11440720,성산1동,12258,8473,3785,37,1443,2657,2415,1973,3733,19,607,1493,1472,1405,3477,18,836,1164,943,568,256,855779
2016,1,11440730,성산2동,7349,2935,4414,23,509,965,1624,2512,1716,20,223,482,772,778,660,3,286,483,852,1734,1056,1990923
2016,1,11440740,상암동,35594,21798,13796,368,9853,12645,8270,3357,1101,144,3970,7799,6351,2646,888,224,5883,4846,1919,711,213,7646126
2016,1,11470510,목1동,14471,9085,5386,75,2354,4245,4203,2601,993,24,950,2591,3032,1826,662,51,1404,1654,1171,775,331,1572490
2016,1,11470520,목2동,2304,1239,1065,3,338,709,600,461,193,0,138,404,335,238,124,3,200,305,265,223,69,1021500
2016,1,11470530,목3동,1685,761,924,7,217,413,481,396,171,6,65,198,207,172,113,1,152,215,274,224,58,533074
2016,1,11470540,목4동,1873,863,1010,10,245,401,497,477,243,4,95,198,203,216,147,6,150,203,294,261,96,578170
2016,1,11470550,목5동,6293,2402,3891,21,1205,1632,1586,1177,672,11,248,511,582,606,444,10,957,1121,1004,571,228,2055129
2016,1,11470560,신월1동,2384,1440,944,3,200,466,710,727,278,3,69,273,413,473,209,0,131,193,297,254,69,625887
2016,1,11470570,신월2동,2159,1095,1064,7,230,400,635,615,272,2,86,178,288,353,188,5,144,222,347,262,84,608140
2016,1,11470580,신월3동,2621,1469,1152,14,222,491,703,817,374,6,87,247,339,506,284,8,135,244,364,311,90,932122
2016,1,11470590,신월4동,2042,1154,888,7,189,326,493,660,367,5,73,163,243,391,279,2,116,163,250,269,88,470224
2016,1,11470600,신월5동,2543,1472,1071,4,209,398,541,580,811,3,58,152,228,285,746,1,151,246,313,295,65,523363
2016,1,11470610,신월6동,1358,705,653,7,166,242,382,380,181,3,61,116,172,212,141,4,105,126,210,168,40,437027
2016,1,11470611,신월7동,3748,2538,1210,4,333,543,1074,1094,700,3,202,337,677,742,577,1,131,206,397,352,123,1403954
2016,1,11470620,신정1동,2673,1280,1393,2,270,578,767,646,410,0,95,257,385,314,229,2,175,321,382,332,181,722680
2016,1,11470630,신정2동,1712,704,1008,7,236,344,509,418,198,1,48,166,192,168,129,6,188,178,317,250,69,594999
2016,1,11470640,신정3동,5506,3130,2376,4,587,1014,1422,1459,1020,1,183,467,717,897,865,3,404,547,705,562,155,2650845
2016,1,11470650,신정4동,7457,3688,3769,23,959,1639,1966,1690,1180,11,276,856,981,783,781,12,683,783,985,907,399,996406
2016,1,11470670,신정6동,5180,2829,2351,20,567,1281,1394,1486,432,12,260,615,680,986,276,8,307,666,714,500,156,972556
2016,1,11470680,신정7동,2096,981,1115,5,240,456,667,484,244,1,81,228,319,218,134,4,159,228,348,266,110,1144112
2016,1,11500510,염창동,11705,7214,4491,56,1963,3442,3097,2122,1025,24,819,2148,2074,1362,787,32,1144,1294,1023,760,238,1957926
2016,1,11500520,등촌1동,9714,5725,3989,106,1899,2674,2429,1744,862,65,773,1700,1587,1070,530,41,1126,974,842,674,332,649434
2016,1,11500530,등촌2동,2221,1218,1003,5,257,518,569,580,292,0,73,240,316,365,224,5,184,278,253,215,68,908847
2016,1,11500535,등촌3동,17154,8861,8293,123,3104,3729,3720,4617,1861,86,1413,2265,2007,1915,1175,37,1691,1464,1713,2702,686,1049363
2016,1,11500540,화곡1동,4181,1971,2210,17,546,1017,1130,999,472,8,193,537,526,418,289,9,353,480,604,581,183,1194778
2016,1,11500550,화곡2동,1517,655,862,2,204,380,487,334,110,1,89,197,191,115,62,1,115,183,296,219,48,456061
2016,1,11500560,화곡3동,2310,1049,1261,12,268,442,616,705,267,7,96,244,297,243,162,5,172,198,319,462,105,515596
2016,1,11500570,화곡4동,1731,794,937,6,257,375,517,432,144,5,89,195,210,211,84,1,168,180,307,221,60,853460
2016,1,11500590,화곡본동,2484,1038,1446,9,326,602,607,541,399,3,69,246,245,225,250,6,257,356,362,316,149,1007050
2016,1,11500591,화곡6동,9192,5498,3694,36,976,2210,2303,2423,1244,18,411,1279,1415,1607,768,18,565,931,888,816,476,1034624
2016,1,11500593,화곡8동,1177,488,689,5,158,278,342,233,161,2,54,113,135,80,104,3,104,165,207,153,57,567208
2016,1,11500603,가양1동,9178,6013,3165,43,1310,2445,2520,1954,906,29,674,1572,1641,1360,737,14,636,873,879,594,169,5908521
2016,1,11500604,가양2동,2194,1087,1107,9,344,493,431,430,487,5,116,224,189,174,379,4,228,269,242,256,108,996881
2016,1,11500605,가양3동,5426,3389,2037,34,981,1761,1433,852,365,20,482,1179,936,515,257,14,499,582,497,337,108,691403
2016,1,11500611,발산1동,6642,3691,2951,18,680,1374,1865,1867,838,12,205,662,1003,1159,650,6,475,712,862,708,188,3032326
2016,1,11500615,우장산동,4033,1729,2304,87,591,950,1012,876,517,30,176,439,465,329,290,57,415,511,547,547,227,1268459
2016,1,11500620,공항동,40413,23880,16533,72,8112,12885,12132,6076,1136,33,2053,6097,9250,5446,1001,39,6059,6788,2882,630,135,11377979
2016,1,11500630,방화1동,7515,5056,2459,23,1082,1815,2132,1864,599,11,640,1304,1486,1239,376,12,442,511,646,625,223,1125789
2016,1,11500640,방화2동,4099,2478,1621,35,545,857,991,1050,621,24,235,498,552,709,460,11,310,359,439,341,161,5564098
2016,1,11500641,방화3동,3240,1735,1505,3,302,622,762,910,641,0,63,252,418,599,403,3,239,370,344,311,238,1964100
2016,1,11530510,신도림동,9354,5503,3851,28,1767,2836,2392,1651,680,9,715,1692,1489,1089,509,19,1052,1144,903,562,171,1312211
2016,1,11530520,구로1동,2314,1123,1191,7,278,602,537,353,537,5,135,356,285,173,169,2,143,246,252,180,368,1004193
2016,1,11530530,구로2동,26683,14608,12075,127,4481,8407,6688,4926,2054,44,1576,4233,3965,3265,1525,83,2905,4174,2723,1661,529,1807452
2016,1,11530540,구로3동,78191,48743,29448,497,18876,28437,17632,8904,3845,265,8911,19561,12154,5063,2789,232,9965,8876,5478,3841,1056,1033159
2016,1,11530550,구로4동,2952,1286,1666,9,336,642,801,656,508,4,102,283,314,268,315,5,234,359,487,388,193,538215
2016,1,11530560,구로5동,20611,11810,8801,113,4461,6270,4321,3415,2031,60,2026,3698,2836,1989,1201,53,2435,2572,1485,1426,830,1075552
2016,1,11530595,가리봉동,1421,603,818,3,200,289,339,340,250,2,74,138,133,141,115,1,126,151,206,199,135,415751
2016,1,11530720,고척1동,5538,3383,2155,11,567,1114,1425,1341,1080,7,233,620,830,847,846,4,334,494,595,494,234,1100132
2016,1,11530730,고척2동,2030,940,1090,8,281,449,634,474,184,6,101,223,264,225,121,2,180,226,370,249,63,1013917
2016,1,11530740,개봉1동,3025,1375,1650,4,358,594,820,839,410,1,130,304,345,360,235,3,228,290,475,479,175,1168155
2016,1,11530750,개봉2동,1263,518,745,4,191,266,390,242,170,2,33,116,147,117,103,2,158,150,243,125,67,825368
2016,1,11530760,개봉3동,3346,1859,1487,4,131,337,472,584,1818,2,36,119,175,258,1269,2,95,218,297,326,549,831642
2016,1,11530770,오류1동,3165,1321,1844,11,390,671,1024,730,339,7,122,306,367,288,231,4,268,365,657,442,108,707130
2016,1,11530780,오류2동,3903,2011,1892,9,439,879,1045,994,537,5,119,440,503,546,398,4,320,439,542,448,139,4314692
2016,1,11530790,수궁동,4100,2607,1493,14,438,901,1107,1104,536,11,218,555,649,728,446,3,220,346,458,376,90,2684146
2016,1,11545510,가산동,134035,84630,49405,3818,32315,43742,31323,15704,7133,1740,15922,30122,21755,10000,5091,2078,16393,13620,9568,5704,2042,2245346
2016,1,11545610,독산1동,16064,10703,5361,75,2045,4061,4440,3814,1629,54,1205,2883,2829,2496,1236,21,840,1178,1611,1318,393,1956086
2016,1,11545620,독산2동,1463,714,749,2,162,285,434,370,210,0,47,125,205,188,149,2,115,160,229,182,61,596742
2016,1,11545630,독산3동,5192,3088,2104,10,504,794,1031,1097,1756,4,171,338,427,582,1566,6,333,456,604,515,190,982894
2016,1,11545640,독산4동,1997,1111,886,3,294,449,582,411,258,2,160,266,307,206,170,1,134,183,275,205,88,605029
2016,1,11545670,시흥1동,8694,4298,4396,50,1549,2391,1992,1829,883,22,660,1172,912,1004,528,28,889,1219,1080,825,355,1437595
2016,1,11545680,시흥2동,1353,405,948,6,169,312,342,376,148,0,20,78,100,129,78,6,149,234,242,247,70,1170211
2016,1,11545690,시흥3동,9347,5865,3482,22,711,1851,3028,2496,1239,7,382,1180,1754,1562,980,15,329,671,1274,934,259,1328458
2016,1,11545700,시흥4동,791,275,516,1,60,158,267,222,83,1,12,50,80,86,46,0,48,108,187,136,37,873884
2016,1,11545710,시흥5동,1998,1103,895,6,168,280,586,667,291,1,49,145,295,410,203,5,119,135,291,257,88,1368598
2016,1,11560515,영등포본동,2368,1103,1265,18,341,532,632,531,314,10,123,243,261,261,205,8,218,289,371,270,109,843586
2016,1,11560535,영등포동,22409,13744,8665,122,3546,6092,5403,4430,2816,47,1481,3808,3641,2887,1880,75,2065,2284,1762,1543,936,1390482
2016,1,11560540,여의동,274309,181229,93080,1895,60697,103256,68019,31385,9057,777,27750,70324,53192,23554,5632,1118,32947,32932,14827,7831,3425,6703511
2016,1,11560550,당산1동,13935,8054,5881,35,2060,3381,3084,2984,2391,17,762,1956,1868,1909,1542,18,1298,1425,1216,1075,849,746447
2016,1,11560560,당산2동,25777,13852,11925,159,5194,6574,5655,4513,3682,58,1936,3597,3192,2623,2446,101,3258,2977,2463,1890,1236,1526636
2016,1,11560585,도림동,2014,1272,742,4,193,392,528,500,397,1,81,234,342,329,285,3,112,158,186,171,112,539427
2016,1,11560605,문래동,44185,27369,16816,283,9142,13497,10606,6832,3825,146,4601,8670,6744,4303,2905,137,4541,4827,3862,2529,920,1738475
2016,1,11560610,양평1동,17257,10007,7250,133,3518,4327,4160,3211,1908,79,1473,2727,2445,1868,1415,54,2045,1600,1715,1343,493,869573
2016,1,11560620,양평2동,32728,18061,14667,151,6238,12274,9313,3695,1057,62,2753,7044,5110,2254,838,89,3485,5230,4203,1441,219,2573400
2016,1,11560630,신길1동,5375,3080,2295,9,692,1142,1059,1376,1097,3,299,762,599,757,660,6,393,380,460,619,437,762886
2016,1,11560650,신길3동,1739,959,780,3,148,349,450,436,353,1,57,189,221,248,243,2,91,160,229,188,110,510335
2016,1,11560660,신길4동,1363,706,657,11,168,386,394,266,138,9,64,208,211,131,83,2,104,178,183,135,55,298738
2016,1,11560670,신길5동,1043,482,561,0,107,255,269,290,122,0,26,101,128,137,90,0,81,154,141,153,32,498387
2016,1,11560680,신길6동,2364,1112,1252,13,261,540,586,533,431,3,72,276,244,254,263,10,189,264,342,279,168,676005
2016,1,11560690,신길7동,2675,1649,1026,2,447,562,676,704,284,0,291,381,430,360,187,2,156,181,246,344,97,599547
2016,1,11560700,대림1동,2642,1070,1572,10,687,661,595,466,223,5,141,271,279,227,147,5,546,390,316,239,76,493503
2016,1,11560710,대림2동,2261,1018,1243,11,287,550,692,447,274,4,90,225,264,227,208,7,197,325,428,220,66,574495
2016,1,11560720,대림3동,7732,4490,3242,23,962,1739,2120,1859,1029,9,482,1103,1324,1010,562,14,480,636,796,849,467,933892
2016,1,11590510,노량진1동,4852,2926,1926,6,581,1139,1330,1189,607,4,229,696,875,715,407,2,352,443,455,474,200,1876800
2016,1,11590520,노량진2동,4205,2138,2067,6,595,1185,979,969,471,4,287,450,476,628,293,2,308,735,503,341,178,619921
2016,1,11590530,상도1동,4392,2106,2286,8,639,1094,1168,903,580,6,190,490,606,470,344,2,449,604,562,433,236,1492421
2016,1,11590540,상도2동,2498,1056,1442,10,295,558,781,601,253,3,101,222,332,256,142,7,194,336,449,345,111,771971
2016,1,11590550,상도3동,1165,470,695,6,156,274,290,293,146,1,44,103,109,120,93,5,112,171,181,173,53,662403
2016,1,11590560,상도4동,1789,725,1064,4,242,392,509,415,227,2,66,163,218,162,114,2,176,229,291,253,113,947172
2016,1,11590605,흑석동,5588,2620,2968,10,1139,1508,1470,1044,417,0,290,603,767,645,315,10,849,905,703,399,102,2062251
2016,1,11590620,사당1동,5024,2568,2456,42,1110,1359,1262,804,447,18,301,739,732,452,326,24,809,620,530,352,121,630335
2016,1,11590630,사당2동,2899,1374,1525,10,443,679,773,649,345,3,152,338,372,292,217,7,291,341,401,357,128,3064442
2016,1,11590640,사당3동,2385,1246,1139,7,304,481,558,485,550,2,94,236,286,256,372,5,210,245,272,229,178,898029
2016,1,11590650,사당4동,1173,618,555,2,119,249,260,291,252,1,39,110,116,157,195,1,80,139,144,134,57,431219
2016,1,11590651,사당5동,937,433,504,1,162,243,243,213,75,0,64,106,104,101,58,1,98,137,139,112,17,658780
2016,1,11590660,대방동,9599,5455,4144,59,1288,2786,2256,1990,1220,9,500,1752,1379,1087,728,50,788,1034,877,903,492,1591876
2016,1,11590670,신대방1동,3887,2466,1421,38,573,958,865,796,657,37,342,697,546,429,415,1,231,261,319,367,242,685547
2016,1,11590680,신대방2동,26962,14830,12132,261,4644,7333,6345,5471,2908,143,2471,4555,3400,2734,1527,118,2173,2778,2945,2737,1381,1024271
2016,1,11620525,보라매동,5069,2176,2893,13,695,1668,1786,622,285,6,215,598,849,328,180,7,480,1070,937,294,105,758003
2016,1,11620545,청림동,582,227,355,5,97,149,153,105,73,4,24,50,53,45,51,1,73,99,100,60,22,305629
2016,1,11620565,성현동,1283,473,810,2,147,320,407,302,105,0,38,122,116,126,71,2,109,198,291,176,34,695625
2016,1,11620575,행운동,3333,1696,1637,14,629,903,791,632,364,7,242,508,412,314,213,7,387,395,379,318,151,739229
2016,1,11620585,낙성대동,11704,6392,5312,22,1705,3708,2701,2402,1166,8,581,1744,1556,1559,944,14,1124,1964,1145,843,222,2341406
2016,1,11620595,청룡동,7416,4194,3222,19,860,1805,1974,1839,919,7,357,935,1123,1198,574,12,503,870,851,641,345,1186204
2016,1,11620605,은천동,3579,1650,1929,6,471,694,853,937,618,2,140,338,383,444,343,4,331,356,470,493,275,738181
2016,1,11620615,중앙동,2046,1056,990,12,327,553,523,368,263,6,102,301,298,187,162,6,225,252,225,181,101,385136
2016,1,11620625,인헌동,2864,1405,1459,4,338,620,692,651,559,2,91,317,318,301,376,2,247,303,374,350,183,709688
2016,1,11620630,남현동,3734,2415,1319,17,635,911,971,743,457,6,342,598,664,478,327,11,293,313,307,265,130,4218667
2016,1,11620645,서원동,3780,1697,2083,41,680,783,769,772,735,14,217,359,349,326,432,27,463,424,420,446,303,642690
2016,1,11620655,신원동,962,372,590,3,101,215,238,232,173,0,27,84,97,91,73,3,74,131,141,141,100,549115
2016,1,11620665,서림동,1460,877,583,1,130,255,368,425,281,1,47,125,209,266,229,0,83,130,159,159,52,981577
2016,1,11620685,신사동,2153,1130,1023,4,314,448,544,538,305,2,133,255,289,267,184,2,181,193,255,271,121,609167
2016,1,11620695,신림동,2303,1148,1155,16,388,503,585,483,328,3,130,288,307,215,205,13,258,215,278,268,123,507666
2016,1,11620715,난향동,1197,407,790,2,99,202,245,335,314,0,16,51,91,84,165,2,83,151,154,251,149,786985
2016,1,11620725,조원동,3705,2248,1457,6,453,846,1063,837,500,5,217,540,628,519,339,1,236,306,435,318,161,652569
2016,1,11620735,대학동,2114,1172,942,9,265,464,565,567,244,2,90,229,315,352,184,7,175,235,250,215,60,8107585
2016,1,11620745,삼성동,955,419,536,5,141,204,230,233,142,3,27,71,82,133,103,2,114,133,148,100,39,2591742
2016,1,11620765,미성동,3273,1623,1650,13,381,609,906,797,567,10,105,269,444,435,360,3,276,340,462,362,207,1355300
2016,1,11620775,난곡동,1049,429,620,3,146,255,286,274,85,2,29,102,102,141,53,1,117,153,184,133,32,982294
2016,1,11650510,서초1동,37296,20554,16742,290,9721,11256,8532,5058,2439,132,3864,7022,5113,2695,1728,158,5857,4234,3419,2363,711,1383210
2016,1,11650520,서초2동,48200,32227,15973,187,8965,15313,12617,7420,3698,88,4563,10418,9249,5262,2647,99,4402,4895,3368,2158,1051,1229759
2016,1,11650530,서초3동,77395,43820,33575,411,14987,24359,20561,11622,5455,164,5634,13550,13062,7350,4060,247,9353,10809,7499,4272,1395,3027494
2016,1,11650531,서초4동,25006,13490,11516,132,6646,8815,5164,2740,1509,35,2234,5027,3386,1796,1012,97,4412,3788,1778,944,497,882770
2016,1,11650540,잠원동,18726,12083,6643,98,3687,6469,4536,2287,1649,46,1463,4402,3400,1549,1223,52,2224,2067,1136,738,426,1840832
2016,1,11650550,반포본동,1365,724,641,1,169,315,366,351,163,0,70,149,187,224,94,1,99,166,179,127,69,1491264
2016,1,11650560,반포1동,6972,3989,2983,24,1533,2399,1519,874,623,7,622,1451,1006,520,383,17,911,948,513,354,240,1000549
2016,1,11650570,반포2동,2004,1083,921,32,355,570,514,360,173,7,111,298,305,233,129,25,244,272,209,127,44,1258050
2016,1,11650580,반포3동,8481,3918,4563,89,1716,2413,1813,1490,960,38,842,1126,969,495,448,51,874,1287,844,995,512,1325140
2016,1,11650581,반포4동,34298,14694,19604,245,9776,10720,7368,3955,2234,99,2644,4889,3735,2010,1317,146,7132,5831,3633,1945,917,1416005
2016,1,11650590,방배본동,7836,3874,3962,40,1320,2072,1890,1548,966,17,516,1262,916,565,598,23,804,810,974,983,368,660469
2016,1,11650600,방배1동,11312,5989,5323,72,2939,3769,2480,1242,810,24,1071,2186,1446,715,547,48,1868,1583,1034,527,263,691215
2016,1,11650610,방배2동,21821,15809,6012,71,2068,3785,7273,7011,1613,39,911,2612,5582,5442,1223,32,1157,1173,1691,1569,390,1901725
2016,1,11650620,방배3동,9783,6156,3627,95,1835,2695,2177,1694,1287,32,787,1639,1550,1158,990,63,1048,1056,627,536,297,2411856
2016,1,11650621,방배4동,12385,6616,5769,68,2479,3583,3160,1985,1110,23,944,2063,1724,1110,752,45,1535,1520,1436,875,358,954529
2016,1,11650651,양재1동,34439,20071,14368,211,6153,10443,8565,5458,3609,114,2685,6463,5225,3234,2350,97,3468,3980,3340,2224,1259,5711370
2016,1,11650652,양재2동,120559,99341,21218,610,15250,29950,38472,32585,3692,276,10344,24139,33005,28897,2680,334,4906,5811,5467,3688,1012,7516954
2016,1,11650660,내곡동,5584,3729,1855,17,738,1563,1460,1212,594,9,333,1031,1037,907,412,8,405,532,423,305,182,13190710
2016,1,11680510,신사동,23697,10914,12783,170,7461,7790,4546,2327,1403,62,2236,3917,2530,1241,928,108,5225,3873,2016,1086,475,1736994
2016,1,11680521,논현1동,41022,22257,18765,228,10767,13937,8607,4699,2784,79,3883,8049,5527,2751,1968,149,6884,5888,3080,1948,816,1254345
2016,1,11680531,논현2동,64114,35047,29067,339,16089,22060,13470,7296,4860,105,5306,12266,9090,5038,3242,234,10783,9794,4380,2258,1618,1445565
2016,1,11680545,압구정동,32400,14441,17959,425,10373,10592,5698,3254,2058,177,3276,5139,3118,1603,1128,248,7097,5453,2580,1651,930,2520945
2016,1,11680565,청담동,42273,21030,21243,305,11816,14743,8579,4143,2687,55,3608,7713,5380,2483,1791,250,8208,7030,3199,1660,896,2384707
2016,1,11680580,삼성1동,90335,56097,34238,506,22694,32100,18704,10701,5630,236,10715,20857,13652,6837,3800,270,11979,11243,5052,3864,1830,1926134
2016,1,11680590,삼성2동,51943,25463,26480,343,15439,15743,10326,6884,3208,156,5681,9156,5313,3167,1990,187,9758,6587,5013,3717,1218,1247821
2016,1,11680600,대치1동,3135,1362,1773,28,585,898,744,549,331,4,140,330,371,283,234,24,445,568,373,266,97,795761
2016,1,11680610,대치2동,58877,35570,23307,445,12748,19995,13477,7859,4353,135,5137,12898,9699,4913,2788,310,7611,7097,3778,2946,1565,2043875
2016,1,11680630,대치4동,30420,18018,12402,233,6552,10818,7694,3454,1669,35,2673,6619,5208,2314,1169,198,3879,4199,2486,1140,500,717795
2016,1,11680640,역삼1동,204575,113997,90578,1343,42520,66448,53702,29528,11034,697,18204,41877,32112,14371,6736,646,24316,24571,21590,15157,4298,2360116
2016,1,11680650,역삼2동,45723,25709,20014,372,11572,14514,10334,5865,3066,160,4292,8547,6822,3858,2030,212,7280,5967,3512,2007,1036,1127531
2016,1,11680655,도곡1동,20734,8580,12154,217,4060,5659,6724,3003,1071,109,1629,2727,2139,1239,737,108,2431,2932,4585,1764,334,1022697
2016,1,11680656,도곡2동,17663,9980,7683,60,3170,5475,4074,2426,2458,31,1200,3134,2837,1551,1227,29,1970,2341,1237,875,1231,1025651
2016,1,11680660,개포1동,1243,750,493,1,191,315,260,266,210,0,72,188,142,174,174,1,119,127,118,92,36,973078
2016,1,11680670,개포2동,2471,1194,1277,2,249,480,656,743,341,0,60,197,311,390,236,2,189,283,345,353,105,2371826
2016,1,11680690,개포4동,10374,6411,3963,37,1426,2757,2769,2062,1323,23,632,1799,1743,1249,965,14,794,958,1026,813,358,1561449
2016,1,11680700,세곡동,3968,1981,1987,9,507,875,963,1036,578,5,156,419,414,558,429,4,351,456,549,478,149,5894759
2016,1,11680720,일원본동,7601,2004,5597,25,2422,2998,1378,606,172,0,374,760,441,294,135,25,2048,2238,937,312,37,2381558
2016,1,11680730,일원1동,3249,1882,1367,9,401,675,761,801,602,4,192,412,465,446,363,5,209,263,296,355,239,947888
2016,1,11680740,일원2동,12708,10017,2691,127,3822,3974,2402,1793,590,96,3103,3335,1842,1281,360,31,719,639,560,512,230,1043911
2016,1,11680750,수서동,17267,8636,8631,59,2853,5263,4541,2835,1716,34,1126,2680,2050,1427,1319,25,1727,2583,2491,1408,397,1648393
2016,1,11710510,풍납1동,1416,665,751,1,129,317,403,372,194,1,37,135,183,188,121,0,92,182,220,184,73,1057487
2016,1,11710520,풍납2동,12768,4137,8631,11,3254,4538,2986,1427,552,4,570,1206,1167,795,395,7,2684,3332,1819,632,157,1999222
2016,1,11710531,거여1동,3791,2746,1045,24,1047,1059,837,500,324,17,902,824,560,250,193,7,145,235,277,250,131,512307
2016,1,11710532,거여2동,2188,815,1373,3,280,423,603,605,274,2,79,186,227,189,132,1,201,237,376,416,142,510046
2016,1,11710540,마천1동,1076,496,580,2,132,188,336,266,152,2,40,81,144,142,87,0,92,107,192,124,65,504704
2016,1,11710550,마천2동,3075,1691,1384,6,299,672,833,890,375,2,135,372,459,472,251,4,164,300,374,418,124,936181
2016,1,11710561,방이1동,6059,3685,2374,15,775,1362,1380,1208,1319,6,264,762,780,757,1116,9,511,600,600,451,203,581968
2016,1,11710562,방이2동,17952,10143,7809,78,2612,4766,4490,3794,2212,45,1272,3037,2505,1869,1415,33,1340,1729,1985,1925,797,763928
2016,1,11710566,오륜동,3207,1929,1278,6,493,860,838,813,197,0,227,499,516,531,156,6,266,361,322,282,41,3150411
2016,1,11710570,오금동,12859,7718,5141,27,1230,2649,2706,2617,3630,14,535,1697,1673,1464,2335,13,695,952,1033,1153,1295,1691111
2016,1,11710580,송파1동,6856,4130,2726,44,1038,1650,1668,1530,926,21,524,1058,1036,883,608,23,514,592,632,647,318,683881
2016,1,11710590,송파2동,5337,2677,2660,50,1190,1624,1231,914,328,17,376,925,733,398,228,33,814,699,498,516,100,636016
2016,1,11710600,석촌동,9781,5928,3853,57,1647,2865,2292,1769,1151,24,750,1916,1408,1054,776,33,897,949,884,715,375,943819
2016,1,11710610,삼전동,7738,4796,2942,21,952,1781,1774,1637,1573,7,428,1118,1045,925,1273,14,524,663,729,712,300,992437
2016,1,11710620,가락본동,27069,16440,10629,105,4499,7328,6707,5184,3246,59,2117,4533,4382,3071,2278,46,2382,2795,2325,2113,968,1024764
2016,1,11710631,가락1동,8842,6421,2421,15,501,1755,2723,2449,1399,5,365,1425,2040,1587,999,10,136,330,683,862,400,1357317
2016,1,11710632,가락2동,7388,4175,3213,65,1142,1964,1956,1432,829,45,511,1185,1054,775,605,20,631,779,902,657,224,934057
2016,1,11710641,문정1동,5178,3209,1969,10,670,1242,1416,953,887,2,314,768,913,558,654,8,356,474,503,395,233,604321
2016,1,11710642,문정2동,9346,6261,3085,56,1438,2751,2556,1685,860,29,721,1879,1792,1151,689,27,717,872,764,534,171,2387651
2016,1,11710646,장지동,8735,5644,3091,31,920,1647,2312,2309,1516,10,340,1013,1493,1611,1177,21,580,634,819,698,339,1295680
2016,1,11710647,위례동,1427,1071,356,0,65,220,486,558,98,0,21,123,374,468,85,0,44,97,112,90,13,2626871
2016,1,11710650,잠실본동,13538,7683,5855,69,2409,3392,3196,2592,1880,25,897,1906,1990,1589,1276,44,1512,1486,1206,1003,604,1136161
2016,1,11710670,잠실2동,3162,1751,1411,4,622,892,856,599,189,2,311,493,470,331,144,2,311,399,386,268,45,2886358
2016,1,11710680,잠실3동,4523,1989,2534,195,1528,906,959,688,247,76,628,389,422,357,117,119,900,517,537,331,130,1506573
2016,1,11710690,잠실4동,1008,399,609,4,164,213,267,230,130,3,41,75,81,109,90,1,123,138,186,121,40,838370
2016,1,11710710,잠실6동,61753,33647,28106,489,11545,18300,19477,9863,2079,259,5932,12380,9889,3779,1408,230,5613,5920,9588,6084,671,1403041
2016,1,11710720,잠실7동,613,258,355,1,40,151,158,183,80,1,9,64,61,75,48,0,31,87,97,108,32,675008
2016,1,11740515,강일동,13408,10564,2844,14,2418,5195,3130,1972,679,9,1543,4197,2540,1668,607,5,875,998,590,304,72,3722759
2016,1,11740520,상일동,3244,1336,1908,6,600,982,713,699,244,2,139,336,310,374,175,4,461,646,403,325,69,1801282
2016,1,11740530,명일1동,2880,1141,1739,7,363,469,708,802,531,2,104,216,281,279,259,5,259,253,427,523,272,630284
2016,1,11740540,명일2동,2246,1036,1210,5,302,477,599,586,277,2,72,220,266,298,178,3,230,257,333,288,99,920946
2016,1,11740550,고덕1동,1156,487,669,0,139,271,316,284,146,0,28,119,139,116,85,0,111,152,177,168,61,1906565
2016,1,11740560,고덕2동,1393,633,760,0,119,271,393,466,144,0,38,130,153,225,87,0,81,141,240,241,57,2408099
2016,1,11740570,암사1동,2056,1045,1011,6,233,464,584,480,289,2,91,231,283,259,179,4,142,233,301,221,110,738366
2016,1,11740580,암사2동,2398,1022,1376,10,364,541,668,589,226,6,121,239,256,235,165,4,243,302,412,354,61,2337773
2016,1,11740590,암사3동,1089,463,626,3,155,264,276,313,78,2,30,113,101,156,61,1,125,151,175,157,17,1843902
2016,1,11740600,천호1동,2642,1233,1409,10,288,598,622,686,438,8,73,285,304,317,246,2,215,313,318,369,192,669571
2016,1,11740610,천호2동,7658,3892,3766,28,1247,1768,1704,1690,1221,14,478,942,861,804,793,14,769,826,843,886,428,1828343
2016,1,11740620,천호3동,3763,2128,1635,8,497,957,854,858,589,1,182,602,510,479,354,7,315,355,344,379,235,569450
2016,1,11740640,성내1동,13162,8115,5047,25,1658,3433,3510,2931,1605,12,695,1970,2181,2029,1228,13,963,1463,1329,902,377,658437
2016,1,11740650,성내2동,3378,1783,1595,10,489,770,814,781,514,5,185,388,429,411,365,5,304,382,385,370,149,624632
2016,1,11740660,성내3동,5915,3240,2675,22,823,1499,1395,1202,974,15,350,900,809,624,542,7,473,599,586,578,432,641973
2016,1,11740685,길동,9812,5179,4633,22,1606,2507,2324,2013,1340,12,587,1377,1313,982,908,10,1019,1130,1011,1031,432,1590598
2016,1,11740690,둔촌1동,904,544,360,1,77,159,206,245,216,0,38,67,90,153,196,1,39,92,116,92,20,897261
2016,1,11740700,둔촌2동,6080,2918,3162,21,1202,1723,1446,1208,480,6,356,860,698,670,328,15,846,863,748,538,152,1592001
2016,2,11110515,청운효자동,6346,3868,2478,10,1245,2252,1511,997,331,5,602,1504,955,589,213,5,643,748,556,408,118,2429899
2016,2,11110530,사직동,71013,42823,28190,104,11193,22614,19340,11788,5974,20,3936,12940,14078,8336,3513,84,7257,9674,5262,3452,2461,1161995
2016,2,11110540,삼청동,3887,2113,1774,7,668,1204,1026,741,241,5,227,662,639,449,131,2,441,542,387,292,110,1391632
2016,2,11110550,부암동,2998,1514,1484,4,627,797,797,545,228,2,169,406,510,287,140,2,458,391,287,258,88,2221363
2016,2,11110560,평창동,2358,1093,1265,2,296,575,565,574,346,1,92,250,301,256,193,1,204,325,264,318,153,8346900
2016,2,11110570,무악동,591,197,394,0,121,152,149,95,74,0,11,36,56,39,55,0,110,116,93,56,19,453220
2016,2,11110580,교남동,4002,1532,2470,4,1029,1314,835,547,273,1,173,436,408,320,194,3,856,878,427,227,79,355267
2016,2,11110600,가회동,18135,15039,3096,15,2772,7052,5105,2488,703,11,1853,5768,4584,2241,582,4,919,1284,521,247,121,565302
2016,2,11110615,종로1.2.3.4가동,137256,83235,54021,1123,22678,44677,39175,22120,7483,509,9326,25238,26732,16226,5204,614,13352,19439,12443,5894,2279,2430999
2016,2,11110630,종로5.6가동,21683,14333,7350,332,3731,6751,5879,3584,1406,116,1804,4624,4294,2530,965,216,1927,2127,1585,1054,441,599631
2016,2,11110640,이화동,16232,5966,10266,47,3981,5726,3512,2269,697,11,944,1828,1569,1149,465,36,3037,3898,1943,1120,232,747067
2016,2,11110650,혜화동,4827,2569,2258,11,722,1290,1231,963,610,7,239,628,716,580,399,4,483,662,515,383,211,1161303
2016,2,11110670,창신1동,2693,1176,1517,7,383,743,755,488,317,3,129,324,297,227,196,4,254,419,458,261,121,297271
2016,2,11110680,창신2동,567,215,352,0,58,108,140,171,90,0,7,48,57,66,37,0,51,60,83,105,53,257188
2016,2,11110690,창신3동,390,196,194,0,32,82,95,124,57,0,11,26,42,71,46,0,21,56,53,53,11,216230
2016,2,11110700,숭인1동,635,297,338,0,83,134,174,166,78,0,33,61,77,81,45,0,50,73,97,85,33,236777
2016,2,11110710,숭인2동,2933,1592,1341,5,378,653,693,642,562,0,155,364,378,334,361,5,223,289,315,308,201,359384
2016,2,11140520,소공동,138445,80652,57793,536,30114,46895,38931,18855,3114,151,10226,25266,27489,15202,2318,385,19888,21629,11442,3653,796,918284
2016,2,11140540,회현동,65918,40216,25702,208,11644,23572,18558,9712,2224,55,5790,13630,12046,7082,1613,153,5854,9942,6512,2630,611,909465
2016,2,11140550,명동,170538,87317,83221,724,33099,60549,47734,22850,5582,159,10762,26179,28782,17578,3857,565,22337,34370,18952,5272,1725,993909
2016,2,11140570,필동,22922,11163,11759,114,3924,6346,6413,4351,1774,33,1149,3320,3403,2145,1113,81,2775,3026,3010,2206,661,1458582
2016,2,11140580,장충동,10613,5803,4810,16,2469,3355,2857,1455,461,8,897,1923,1765,886,324,8,1572,1432,1092,569,137,1013897
2016,2,11140590,광희동,43637,22503,21134,944,11935,11821,9771,6722,2444,456,5232,6848,5356,3118,1493,488,6703,4973,4415,3604,951,745387
2016,2,11140605,을지로동,19967,12952,7015,78,2319,5040,5778,4283,2469,33,1021,3094,3930,3016,1858,45,1298,1946,1848,1267,611,612013
2016,2,11140615,신당동,12532,6961,5571,29,2599,4363,2899,1768,874,11,1296,2350,1711,1064,529,18,1303,2013,1188,704,345,536647
2016,2,11140625,다산동,8298,3703,4595,41,2402,1961,1537,1471,886,20,847,1007,840,603,386,21,1555,954,697,868,500,532721
2016,2,11140635,약수동,2609,1141,1468,10,420,686,623,498,372,3,104,316,290,209,219,7,316,370,333,289,153,509395
2016,2,11140645,청구동,3192,1993,1199,2,583,963,757,459,428,2,261,663,501,273,293,0,322,300,256,186,135,345114
2016,2,11140650,신당5동,1555,727,828,5,191,387,438,343,191,1,52,167,219,164,124,4,139,220,219,179,67,310367
2016,2,11140665,동화동,2560,1266,1294,16,657,700,572,451,164,2,219,402,310,222,111,14,438,298,262,229,53,330049
2016,2,11140670,황학동,4005,2429,1576,10,553,830,877,982,753,1,250,533,601,554,490,9,303,297,276,428,263,327694
2016,2,11140680,중림동,7346,4216,3130,13,1291,2094,1824,1274,850,4,458,1037,1180,899,638,9,833,1057,644,375,212,487576
2016,2,11170510,후암동,4095,1538,2557,4,443,673,963,1398,614,2,139,356,437,392,212,2,304,317,526,1006,402,868399
2016,2,11170520,용산2가동,3015,2028,987,4,171,848,1152,686,154,1,66,500,866,502,93,3,105,348,286,184,61,2047347
2016,2,11170530,남영동,26491,14950,11541,688,7962,7951,5458,3100,1332,276,3458,4797,3667,1936,816,412,4504,3154,1791,1164,516,735947
2016,2,11170555,청파동,8122,4293,3829,12,1159,2071,1828,1711,1341,11,335,940,1001,932,1074,1,824,1131,827,779,267,867676
2016,2,11170560,원효로1동,13746,7164,6582,73,3102,5180,3354,1320,717,48,1258,2738,1815,846,459,25,1844,2442,1539,474,258,589294
2016,2,11170570,원효로2동,6273,4325,1948,31,627,1662,1388,1331,1234,21,336,1216,1026,879,847,10,291,446,362,452,387,915567
2016,2,11170580,효창동,2185,1172,1013,3,250,575,554,543,260,1,73,295,333,299,171,2,177,280,221,244,89,470670
2016,2,11170590,용문동,933,506,427,2,114,264,275,184,94,1,44,153,156,97,55,1,70,111,119,87,39,289284
2016,2,11170625,한강로동,56964,34890,22074,265,11243,18674,15627,7988,3167,150,4981,11237,10649,5687,2186,115,6262,7437,4978,2301,981,3358956
2016,2,11170630,이촌1동,2014,934,1080,5,285,472,488,396,368,1,92,177,216,183,265,4,193,295,272,213,103,2143668
2016,2,11170640,이촌2동,326,191,135,0,30,77,70,83,66,0,11,51,44,42,43,0,19,26,26,41,23,1191110
2016,2,11170650,이태원1동,5376,3162,2214,14,1095,1490,1098,999,680,9,576,886,587,652,452,5,519,604,511,347,228,579369
2016,2,11170660,이태원2동,2747,1605,1142,7,561,857,586,371,365,2,296,522,361,200,224,5,265,335,225,171,141,879018
2016,2,11170685,한남동,14935,7970,6965,53,3461,5299,3323,1725,1074,31,1324,2937,2049,990,639,22,2137,2362,1274,735,435,3198883
2016,2,11170690,서빙고동,4797,2635,2162,32,860,1549,1265,701,390,2,287,790,743,492,321,30,573,759,522,209,69,2198117
2016,2,11170700,보광동,887,507,380,0,74,196,231,230,156,0,24,103,134,136,110,0,50,93,97,94,46,890496
2016,2,11200520,왕십리2동,1088,484,604,4,147,251,285,242,159,4,38,89,123,123,107,0,109,162,162,119,52,385254
2016,2,11200535,왕십리도선동,8066,3924,4142,27,1380,2091,2217,1529,822,9,466,1096,1065,791,497,18,914,995,1152,738,325,718816
2016,2,11200540,마장동,10311,7000,3311,21,945,2311,2782,2908,1344,11,514,1580,1956,2012,927,10,431,731,826,896,417,1082999
2016,2,11200550,사근동,7316,3576,3740,7,1388,1851,2058,1511,501,3,372,822,1046,946,387,4,1016,1029,1012,565,114,1182945
2016,2,11200560,행당1동,5552,3115,2437,24,729,1305,1404,1405,685,11,246,575,777,1000,506,13,483,730,627,405,179,552563
2016,2,11200570,행당2동,870,261,609,1,82,224,245,199,119,1,12,56,58,67,67,0,70,168,187,132,52,457197
2016,2,11200580,응봉동,428,163,265,0,47,92,107,107,75,0,10,30,28,37,58,0,37,62,79,70,17,547736
2016,2,11200590,금호1가동,879,398,481,1,137,237,205,176,123,1,31,95,93,87,91,0,106,142,112,89,32,441318
2016,2,11200615,금호2.3가동,997,380,617,1,150,224,219,247,156,0,30,94,83,83,90,1,120,130,136,164,66,638261
2016,2,11200620,금호4가동,795,297,498,1,97,203,195,194,105,1,23,76,69,69,59,0,74,127,126,125,46,935263
2016,2,11200645,옥수동,1882,845,1037,9,328,486,489,357,213,1,95,199,227,174,149,8,233,287,262,183,64,1239152
2016,2,11200650,성수1가1동,5280,3348,1932,6,677,1364,1429,1288,516,3,302,846,913,873,411,3,375,518,516,415,105,2248463
2016,2,11200660,성수1가2동,16029,9830,6199,123,3716,5025,3407,2370,1388,39,1592,3179,2316,1649,1055,84,2124,1846,1091,721,333,984783
2016,2,11200670,성수2가1동,47292,20919,26373,225,7948,12660,16091,9283,1085,155,4647,8242,5238,1894,743,70,3301,4418,10853,7389,342,1126355
2016,2,11200690,성수2가3동,40218,24478,15740,166,7520,11558,10456,6872,3646,94,3431,7462,6461,4257,2773,72,4089,4096,3995,2615,873,1050781
2016,2,11200720,송정동,1735,1044,691,6,259,496,469,314,191,2,130,295,246,225,146,4,129,201,223,89,45,584812
2016,2,11200790,용답동,18466,13343,5123,68,1650,3758,6789,4197,2004,30,902,2816,5597,2818,1180,38,748,942,1192,1379,824,2379362
2016,2,11215710,화양동,5814,2564,3250,31,1389,1780,1110,894,610,11,431,799,542,396,385,20,958,981,568,498,225,1124376
2016,2,11215730,군자동,6156,3393,2763,21,1250,1557,1617,1232,479,13,492,937,935,682,334,8,758,620,682,550,145,733236
2016,2,11215740,중곡1동,4376,2655,1721,5,492,932,1065,879,1003,3,183,513,619,535,802,2,309,419,446,344,201,602769
2016,2,11215750,중곡2동,3904,1926,1978,3,482,838,1015,976,590,2,193,425,489,479,338,1,289,413,526,497,252,544807
2016,2,11215760,중곡3동,1938,1012,926,6,225,394,488,520,305,3,74,212,237,294,192,3,151,182,251,226,113,600824
2016,2,11215770,중곡4동,2821,1487,1334,4,299,634,772,760,352,2,97,281,402,446,259,2,202,353,370,314,93,2295463
2016,2,11215780,능동,3203,1637,1566,12,533,911,774,627,346,4,189,469,442,297,236,8,344,442,332,330,110,1094134
2016,2,11215810,광장동,7950,4232,3718,48,1381,2356,2008,1506,651,21,464,1233,1211,823,480,27,917,1123,797,683,171,2889609
2016,2,11215820,자양1동,9300,5728,3572,11,1179,1975,2327,2338,1470,9,400,968,1451,1736,1164,2,779,1007,876,602,306,621606
2016,2,11215830,자양2동,7272,5026,2246,8,650,1734,2508,1848,524,7,366,1191,1873,1228,361,1,284,543,635,620,163,1630926
2016,2,11215840,자양3동,3067,1435,1632,12,412,745,752,691,455,6,150,360,347,301,271,6,262,385,405,390,184,1145609
2016,2,11215847,자양4동,2784,1604,1180,7,440,686,713,560,378,4,195,425,397,302,281,3,245,261,316,258,97,1148618
2016,2,11215850,구의1동,4519,2850,1669,10,566,1147,1234,1061,501,5,246,747,799,714,339,5,320,400,435,347,162,553095
2016,2,11215860,구의2동,3442,1929,1513,31,437,705,883,849,537,9,185,365,500,504,366,22,252,340,383,345,171,1363952
2016,2,11215870,구의3동,13443,7903,5540,48,1491,3011,3502,3237,2154,23,729,1937,2173,1717,1324,25,762,1074,1329,1520,830,1453971
2016,2,11230536,용신동,25953,14356,11597,103,3931,6880,6897,5004,3138,31,1501,3982,3854,3016,1972,72,2430,2898,3043,1988,1166,1590771
2016,2,11230545,제기동,5692,3243,2449,22,681,1198,1490,1366,935,4,274,703,888,761,613,18,407,495,602,605,322,1184853
2016,2,11230560,전농1동,2682,1330,1352,20,377,555,746,625,359,7,149,285,409,290,190,13,228,270,337,335,169,1140490
2016,2,11230570,전농2동,3374,1730,1644,2,364,887,940,833,348,0,93,357,478,530,272,2,271,530,462,303,76,983768
2016,2,11230600,답십리1동,6063,3485,2578,22,1078,1505,1545,1160,753,8,616,979,819,557,506,14,462,526,726,603,247,838156
2016,2,11230610,답십리2동,3468,2060,1408,5,375,773,961,799,555,3,164,480,599,472,342,2,211,293,362,327,213,814945
2016,2,11230650,장안1동,13861,8191,5670,42,1844,3183,3367,3049,2376,15,786,1785,2050,1882,1673,27,1058,1398,1317,1167,703,1360347
2016,2,11230660,장안2동,6584,3344,3240,22,990,1509,1749,1515,799,5,389,806,893,753,498,17,601,703,856,762,301,1119438
2016,2,11230705,청량리동,5337,3112,2225,14,776,1408,1272,1152,715,3,309,811,780,717,492,11,467,597,492,435,223,1197287
2016,2,11230710,회기동,3812,1390,2422,11,820,1289,873,656,163,6,213,521,325,251,74,5,607,768,548,405,89,829432
2016,2,11230720,휘경1동,1527,838,689,2,206,322,367,306,324,0,82,184,205,163,204,2,124,138,162,143,120,519932
2016,2,11230730,휘경2동,4176,1670,2506,13,775,1052,1076,885,375,2,186,432,485,378,187,11,589,620,591,507,188,1207585
2016,2,11230740,이문1동,5335,2847,2488,6,633,1345,1575,1246,530,0,163,549,925,819,391,6,470,796,650,427,139,986690
2016,2,11230750,이문2동,917,455,462,5,101,158,256,243,154,1,23,59,107,150,115,4,78,99,149,93,39,698476
2016,2,11260520,면목2동,2445,1249,1196,5,258,471,660,669,382,2,75,218,323,362,269,3,183,253,337,307,113,743106
2016,2,11260540,면목4동,1688,1000,688,1,149,286,462,561,229,0,49,120,277,394,160,1,100,166,185,167,69,821882
2016,2,11260550,면목5동,1054,705,349,2,85,166,280,324,197,2,35,99,167,238,164,0,50,67,113,86,33,591696
2016,2,11260565,면목본동,2334,994,1340,3,264,414,659,653,341,1,63,179,299,266,186,2,201,235,360,387,155,840931
2016,2,11260570,면목7동,1333,656,677,3,173,240,352,348,217,0,36,101,170,194,155,3,137,139,182,154,62,1202721
2016,2,11260575,면목3.8동,3822,2114,1708,7,514,747,997,1044,513,3,139,326,549,702,395,4,375,421,448,342,118,1591050
2016,2,11260580,상봉1동,3103,1759,1344,7,299,543,715,923,616,4,93,245,351,602,464,3,206,298,364,321,152,917193
2016,2,11260590,상봉2동,8477,4820,3657,26,1000,1925,2627,2042,857,10,505,1326,1403,1028,548,16,495,599,1224,1014,309,658991
2016,2,11260600,중화1동,1645,642,1003,6,214,350,526,387,162,3,46,134,200,165,94,3,168,216,326,222,68,637209
2016,2,11260610,중화2동,4199,2900,1299,7,282,512,700,706,1992,4,108,287,386,378,1737,3,174,225,314,328,255,960402
2016,2,11260620,묵1동,3030,1414,1616,1,366,772,844,732,315,1,110,378,374,338,213,0,256,394,470,394,102,1184393
2016,2,11260630,묵2동,1754,882,872,1,198,398,509,427,221,0,67,202,260,220,133,1,131,196,249,207,88,682005
2016,2,11260655,망우본동,5440,2713,2727,15,713,1153,1345,1376,838,7,204,477,642,766,617,8,509,676,703,610,221,3074745
2016,2,11260660,망우3동,1575,766,809,2,147,292,407,468,259,1,44,139,176,231,175,1,103,153,231,237,84,967313
2016,2,11260680,신내1동,6079,3194,2885,8,915,1392,1484,1603,677,3,246,737,795,953,460,5,669,655,689,650,217,2361684
2016,2,11260690,신내2동,3850,1881,1969,4,350,915,1024,1040,517,4,90,395,440,645,307,0,260,520,584,395,210,939758
2016,2,11290525,성북동,3068,1346,1722,9,531,913,833,542,240,1,148,392,376,280,149,8,383,521,457,262,91,3067396
2016,2,11290555,삼선동,8782,4499,4283,14,1121,1878,2245,2394,1130,6,386,835,1230,1406,636,8,735,1043,1015,988,494,1177823
2016,2,11290575,동선동,5913,2451,3462,29,1041,1140,1246,1080,1377,14,249,524,610,475,579,15,792,616,636,605,798,729672
2016,2,11290580,돈암1동,919,344,575,8,113,225,259,204,110,5,30,81,89,78,61,3,83,144,170,126,49,461503
2016,2,11290590,돈암2동,608,185,423,0,124,187,156,94,47,0,18,69,51,23,24,0,106,118,105,71,23,414465
2016,2,11290600,안암동,7428,3777,3651,15,1437,2091,1977,1370,538,5,389,926,1191,897,369,10,1048,1165,786,473,169,1295307
2016,2,11290610,보문동,3360,1787,1573,10,363,614,734,712,927,3,104,318,387,365,610,7,259,296,347,347,317,551172
2016,2,11290620,정릉1동,1118,458,660,2,145,233,311,267,160,2,36,92,122,111,95,0,109,141,189,156,65,475568
2016,2,11290630,정릉2동,1435,663,772,3,216,287,396,339,194,0,72,107,185,166,133,3,144,180,211,173,61,1165255
2016,2,11290640,정릉3동,2824,1668,1156,1,341,579,878,704,321,0,112,266,541,503,246,1,229,313,337,201,75,3182234
2016,2,11290650,정릉4동,2679,1667,1012,0,236,411,711,886,435,0,44,209,448,635,331,0,192,202,263,251,104,3714207
2016,2,11290660,길음1동,1959,636,1323,7,336,423,561,362,270,1,53,143,174,120,145,6,283,280,387,242,125,753885
2016,2,11290685,길음2동,1210,505,705,11,239,298,300,238,124,4,80,121,124,104,72,7,159,177,176,134,52,423663
2016,2,11290705,종암동,3518,1766,1752,9,504,869,1003,816,317,3,169,443,505,457,189,6,335,426,498,359,128,1494677
2016,2,11290715,월곡1동,4160,2156,2004,13,442,862,1085,963,795,8,157,446,520,483,542,5,285,416,565,480,253,974658
2016,2,11290725,월곡2동,4817,2624,2193,7,746,1324,1213,976,551,5,264,757,703,559,336,2,482,567,510,417,215,1330228
2016,2,11290760,장위1동,895,335,560,3,74,146,260,275,137,1,16,56,102,109,51,2,58,90,158,166,86,714821
2016,2,11290770,장위2동,1898,976,922,2,150,394,468,416,468,2,56,202,204,200,312,0,94,192,264,216,156,682224
2016,2,11290780,장위3동,1673,947,726,0,182,293,449,498,251,0,63,146,241,304,193,0,119,147,208,194,58,663549
2016,2,11290810,석관동,4581,2733,1848,4,391,799,1047,1056,1284,2,125,353,579,680,994,2,266,446,468,376,290,1773773
2016,2,11305534,삼양동,1386,553,833,1,167,288,367,366,197,0,34,93,125,172,129,1,133,195,242,194,68,959451
2016,2,11305535,미아동,2405,1045,1360,5,321,526,640,577,336,5,91,211,299,250,189,0,230,315,341,327,147,835492
2016,2,11305545,송중동,3228,1399,1829,10,474,748,899,670,427,1,158,328,372,272,268,9,316,420,527,398,159,1085065
2016,2,11305555,송천동,2810,1388,1422,5,350,590,738,713,414,1,89,275,363,364,296,4,261,315,375,349,118,928301
2016,2,11305575,삼각산동,1200,396,804,2,171,309,405,228,85,0,37,113,107,83,56,2,134,196,298,145,29,603256
2016,2,11305590,번1동,3973,2195,1778,8,488,810,967,999,701,2,170,463,560,593,407,6,318,347,407,406,294,619363
2016,2,11305600,번2동,2209,1363,846,12,195,317,663,725,297,10,80,184,369,508,212,2,115,133,294,217,85,992960
2016,2,11305606,번3동,1519,708,811,13,196,279,368,371,292,10,68,125,178,186,141,3,128,154,190,185,151,1075371
2016,2,11305610,수유1동,3053,1615,1438,8,281,499,837,923,505,2,80,243,452,522,316,6,201,256,385,401,189,1748455
2016,2,11305620,수유2동,2167,955,1212,2,197,286,473,518,691,2,60,155,204,222,312,0,137,131,269,296,379,593685
2016,2,11305630,수유3동,4527,2339,2188,20,533,1165,1132,1112,565,12,197,560,580,663,327,8,336,605,552,449,238,725084
2016,2,11305645,우이동,2073,1325,748,4,152,295,471,708,443,3,52,172,289,494,315,1,100,123,182,214,128,10680138
2016,2,11305660,인수동,3254,1458,1796,6,405,723,843,774,503,3,111,310,393,317,324,3,294,413,450,457,179,2869695
2016,2,11320511,창1동,1714,634,1080,7,227,335,490,463,192,1,42,115,174,185,117,6,185,220,316,278,75,1104916
2016,2,11320512,창2동,2390,1207,1183,12,276,446,692,605,359,6,93,212,317,317,262,6,183,234,375,288,97,654615
2016,2,11320513,창3동,849,321,528,2,88,165,276,211,107,1,14,62,94,85,65,1,74,103,182,126,42,635079
2016,2,11320514,창4동,3630,2217,1413,5,337,610,958,1041,679,3,99,307,554,722,532,2,238,303,404,319,147,1155759
2016,2,11320515,창5동,4825,2415,2410,15,554,1179,1377,1252,448,7,159,563,708,704,274,8,395,616,669,548,174,676820
2016,2,11320521,도봉1동,3271,2010,1261,4,230,438,844,1103,652,4,88,220,521,738,439,0,142,218,323,365,213,8547209
2016,2,11320522,도봉2동,5280,2975,2305,4,346,770,1115,1238,1807,1,125,396,559,666,1228,3,221,374,556,572,579,1204332
2016,2,11320660,쌍문1동,2269,914,1355,1,345,401,578,635,309,1,52,168,221,266,206,0,293,233,357,369,103,1177010
2016,2,11320670,쌍문2동,3152,1497,1655,16,281,546,676,773,860,6,100,281,316,405,389,10,181,265,360,368,471,539384
2016,2,11320680,쌍문3동,2013,921,1092,4,407,491,533,421,157,3,104,230,246,232,106,1,303,261,287,189,51,504867
2016,2,11320681,쌍문4동,1109,431,678,1,125,264,277,306,136,1,21,105,96,120,88,0,104,159,181,186,48,543784
2016,2,11320690,방학1동,5089,2871,2218,14,540,834,1224,1504,973,9,201,431,625,884,721,5,339,403,599,620,252,1041785
2016,2,11320700,방학2동,1179,504,675,1,128,290,314,294,152,0,40,155,125,109,75,1,88,135,189,185,77,1102018
2016,2,11320710,방학3동,1838,818,1020,4,133,295,481,587,338,2,32,117,184,255,228,2,101,178,297,332,110,1856777
2016,2,11350560,월계1동,2853,1676,1177,4,291,542,705,801,510,3,91,283,425,514,360,1,200,259,280,287,150,1218934
2016,2,11350570,월계2동,2142,1083,1059,4,232,418,625,581,282,4,69,158,306,347,199,0,163,260,319,234,83,1991095
2016,2,11350580,월계3동,1494,673,821,0,140,264,442,421,227,0,29,109,161,212,162,0,111,155,281,209,65,1133881
2016,2,11350595,공릉1동,8740,4459,4281,32,932,1567,2099,2298,1812,15,352,903,1044,1090,1055,17,580,664,1055,1208,757,1217193
2016,2,11350600,공릉2동,6386,2945,3441,7,898,1404,1617,1565,895,3,197,542,702,858,643,4,701,862,915,707,252,7207339
2016,2,11350611,하계1동,7339,4098,3241,21,1117,1799,1882,1843,677,11,444,924,1087,1167,465,10,673,875,795,676,212,1467562
2016,2,11350612,하계2동,584,188,396,0,48,110,179,186,61,0,10,33,33,59,53,0,38,77,146,127,8,513857
2016,2,11350619,중계본동,2359,1136,1223,4,203,426,592,518,616,1,79,177,261,237,381,3,124,249,331,281,235,2094464
2016,2,11350621,중계1동,1461,604,857,8,204,275,433,374,167,3,64,112,154,164,107,5,140,163,279,210,60,624508
2016,2,11350624,중계4동,2275,933,1342,12,194,394,647,681,347,4,71,177,261,256,164,8,123,217,386,425,183,1540528
2016,2,11350625,중계2.3동,2662,1079,1583,18,288,560,774,730,292,9,80,252,306,257,175,9,208,308,468,473,117,912217
2016,2,11350630,상계1동,4975,2534,2441,12,513,863,1342,1311,934,7,198,474,642,680,533,5,315,389,700,631,401,4997346
2016,2,11350640,상계2동,4359,1786,2573,17,802,843,1066,1060,571,6,265,371,447,411,286,11,537,472,619,649,285,629194
2016,2,11350665,상계3.4동,3252,1846,1406,1,217,369,767,1006,892,0,72,175,419,653,527,1,145,194,348,353,365,5751720
2016,2,11350670,상계5동,2082,825,1257,4,144,238,431,544,721,0,59,127,160,183,296,4,85,111,271,361,425,473604
2016,2,11350695,상계6.7동,8592,3494,5098,10,1425,2150,2270,1842,895,5,300,739,943,984,523,5,1125,1411,1327,858,372,1434043
2016,2,11350700,상계8동,1010,291,719,1,117,196,341,231,124,0,20,37,58,89,87,1,97,159,283,142,37,668937
2016,2,11350710,상계9동,1253,446,807,3,108,279,408,322,133,1,25,70,111,144,95,2,83,209,297,178,38,833448
2016,2,11350720,상계10동,953,350,603,0,100,196,279,284,94,0,20,64,93,105,68,0,80,132,186,179,26,802642
2016,2,11380510,녹번동,6672,3357,3315,11,744,1571,1813,1694,839,8,258,671,915,1005,500,3,486,900,898,689,339,1923020
2016,2,11380520,불광1동,2456,1019,1437,3,353,727,662,477,234,3,87,314,300,188,127,0,266,413,362,289,107,2948578
2016,2,11380530,불광2동,3306,1578,1728,10,426,772,935,777,386,5,145,372,468,398,190,5,281,400,467,379,196,1756596
2016,2,11380551,갈현1동,2091,972,1119,5,330,477,552,458,269,3,109,224,243,235,158,2,221,253,309,223,111,909869
2016,2,11380552,갈현2동,3091,1258,1833,8,351,699,793,788,452,2,84,322,306,296,248,6,267,377,487,492,204,1018512
2016,2,11380560,구산동,4165,1907,2258,13,433,769,962,1303,685,1,134,297,384,696,395,12,299,472,578,607,290,1316383
2016,2,11380570,대조동,3226,1359,1867,18,415,659,925,746,463,2,131,275,394,309,248,16,284,384,531,437,215,867572
2016,2,11380580,응암1동,3880,1763,2117,11,455,859,1004,960,591,8,147,378,432,417,381,3,308,481,572,543,210,1126418
2016,2,11380590,응암2동,1071,527,544,0,128,211,279,289,164,0,23,74,122,180,128,0,105,137,157,109,36,554079
2016,2,11380600,응암3동,2713,1133,1580,13,327,575,781,682,335,7,122,247,302,279,176,6,205,328,479,403,159,933101
2016,2,11380625,역촌동,4023,1668,2355,12,435,836,1031,1074,635,4,128,353,444,395,344,8,307,483,587,679,291,1138805
2016,2,11380631,신사1동,1927,932,995,5,242,370,488,476,346,0,75,179,216,244,218,5,167,191,272,232,128,823498
2016,2,11380632,신사2동,1574,786,788,1,127,246,393,409,398,0,33,84,186,242,241,1,94,162,207,167,157,1050676
2016,2,11380640,증산동,2540,1449,1091,10,278,524,656,647,425,6,92,254,337,413,347,4,186,270,319,234,78,929526
2016,2,11380650,수색동,1481,727,754,1,251,353,350,317,209,1,42,140,186,210,148,0,209,213,164,107,61,1169504
2016,2,11380690,진관동,3712,1692,2020,12,398,694,1097,1103,408,5,99,251,459,621,257,7,299,443,638,482,151,12836383
2016,2,11410520,천연동,1361,571,790,1,137,319,358,346,200,0,45,123,145,138,120,1,92,196,213,208,80,866603
2016,2,11410555,북아현동,1128,499,629,2,118,173,306,340,189,0,30,75,140,158,96,2,88,98,166,182,93,461555
2016,2,11410565,충현동,26730,15391,11339,35,4258,9363,7336,4101,1637,13,1733,5155,4700,2661,1129,22,2525,4208,2636,1440,508,1139343
2016,2,11410585,신촌동,18479,7634,10845,61,4511,5856,4333,2718,1000,19,1234,2148,2044,1520,669,42,3277,3708,2289,1198,331,2504686
2016,2,11410615,연희동,7987,4253,3734,39,1104,1989,1927,1994,934,24,396,1026,993,1214,600,15,708,963,934,780,334,2965760
2016,2,11410620,홍제1동,1618,662,956,0,242,349,429,351,247,0,45,134,177,150,156,0,197,215,252,201,91,1492096
2016,2,11410640,홍제3동,1659,675,984,3,194,311,440,355,356,0,51,121,156,138,209,3,143,190,284,217,147,1093373
2016,2,11410655,홍제2동,1080,507,573,5,95,163,271,377,169,5,29,71,95,200,107,0,66,92,176,177,62,705399
2016,2,11410660,홍은1동,1173,468,705,4,137,227,315,290,200,1,36,96,116,99,120,3,101,131,199,191,80,1538023
2016,2,11410685,홍은2동,3624,1945,1679,7,502,786,880,938,511,4,172,347,480,569,373,3,330,439,400,369,138,2049745
2016,2,11410690,남가좌1동,1042,517,525,2,198,222,262,222,136,0,38,91,148,146,94,2,160,131,114,76,42,484765
2016,2,11410700,남가좌2동,1664,785,879,10,215,349,418,389,283,2,61,146,180,209,187,8,154,203,238,180,96,787125
2016,2,11410710,북가좌1동,1651,1018,633,2,176,264,415,436,358,1,46,125,224,315,307,1,130,139,191,121,51,562752
2016,2,11410720,북가좌2동,2485,1288,1197,7,251,443,630,694,460,5,98,212,299,384,290,2,153,231,331,310,170,806705
2016,2,11440555,아현동,22743,12922,9821,88,3765,7482,5887,4158,1363,25,1440,4378,3840,2366,873,63,2325,3104,2047,1792,490,870645
2016,2,11440565,공덕동,10763,6550,4213,40,2055,2779,3285,1825,779,11,909,1562,2290,1327,451,29,1146,1217,995,498,328,891209
2016,2,11440585,도화동,13717,7227,6490,55,2753,3751,3330,2469,1359,27,1143,2098,1783,1259,917,28,1610,1653,1547,1210,442,863516
2016,2,11440590,용강동,15412,8940,6472,38,2279,4440,3826,2848,1981,11,776,2717,2493,1643,1300,27,1503,1723,1333,1205,681,910388
2016,2,11440600,대흥동,9087,4609,4478,86,2629,2484,1758,1243,887,46,953,1326,1039,738,507,40,1676,1158,719,505,380,854083
2016,2,11440610,염리동,5103,3081,2022,57,809,1611,1259,886,481,33,418,1077,838,420,295,24,391,534,421,466,186,549601
2016,2,11440630,신수동,4285,2390,1895,7,591,1350,1232,765,340,2,195,764,755,449,225,5,396,586,477,316,115,914314
2016,2,11440655,서강동,9179,5128,4051,23,1866,2464,1914,1371,1541,11,674,1497,1317,848,781,12,1192,967,597,523,760,1890596
2016,2,11440660,서교동,43377,22200,21177,211,10789,12838,9218,5874,4447,83,3975,7107,5643,3010,2382,128,6814,5731,3575,2864,2065,1641475
2016,2,11440680,합정동,10231,5404,4827,57,2131,3604,2547,1283,609,9,674,1913,1593,800,415,48,1457,1691,954,483,194,1792621
2016,2,11440690,망원1동,2619,1414,1205,16,452,674,710,490,277,11,193,407,388,240,175,5,259,267,322,250,102,1111518
2016,2,11440700,망원2동,2978,1345,1633,9,391,760,880,636,302,1,148,383,376,239,198,8,243,377,504,397,104,1209563
2016,2,11440710,연남동,4197,2240,1957,12,900,1387,1018,587,293,4,332,735,618,349,202,8,568,652,400,238,91,641653
2016,2,11440720,성산1동,10252,7050,3202,29,1161,2069,2013,1605,3375,16,454,1214,1257,1060,3049,13,707,855,756,545,326,855779
2016,2,11440730,성산2동,8683,3699,4984,16,639,1381,1902,2884,1861,13,250,599,942,1148,747,3,389,782,960,1736,1114,1990923
2016,2,11440740,상암동,35646,21726,13920,122,9253,12536,8828,3587,1320,55,3522,7633,6681,2779,1056,67,5731,4903,2147,808,264,7646126
2016,2,11470510,목1동,15076,9480,5596,61,2447,4334,4352,2803,1079,15,1073,2625,3123,1947,697,46,1374,1709,1229,856,382,1572490
2016,2,11470520,목2동,2343,1228,1115,2,322,703,611,489,216,0,120,395,335,243,135,2,202,308,276,246,81,1021500
2016,2,11470530,목3동,1915,866,1049,7,211,405,481,450,361,4,64,191,221,190,196,3,147,214,260,260,165,533074
2016,2,11470540,목4동,1778,810,968,2,206,360,491,462,257,2,60,165,200,224,159,0,146,195,291,238,98,578170
2016,2,11470550,목5동,6369,2326,4043,9,1166,1679,1587,1244,684,2,225,504,556,599,440,7,941,1175,1031,645,244,2055129
2016,2,11470560,신월1동,2455,1483,972,5,183,441,727,762,337,4,66,257,428,480,248,1,117,184,299,282,89,625887
2016,2,11470570,신월2동,2170,1075,1095,4,204,393,618,620,331,2,76,175,266,344,212,2,128,218,352,276,119,608140
2016,2,11470580,신월3동,2574,1429,1145,1,203,484,682,810,394,1,66,243,330,484,305,0,137,241,352,326,89,932122
2016,2,11470590,신월4동,1898,1125,773,10,154,296,480,571,387,8,62,149,234,362,310,2,92,147,246,209,77,470224
2016,2,11470600,신월5동,2582,1518,1064,3,203,403,526,579,868,2,53,157,215,300,791,1,150,246,311,279,77,523363
2016,2,11470610,신월6동,1200,630,570,1,128,182,327,337,225,0,42,83,152,192,161,1,86,99,175,145,64,437027
2016,2,11470611,신월7동,3660,2437,1223,4,303,553,1015,1079,706,2,181,356,616,719,563,2,122,197,399,360,143,1403954
2016,2,11470620,신정1동,2737,1297,1440,2,260,606,747,689,433,0,89,292,368,311,237,2,171,314,379,378,196,722680
2016,2,11470630,신정2동,1804,738,1066,3,243,337,526,468,227,1,51,171,186,188,141,2,192,166,340,280,86,594999
2016,2,11470640,신정3동,5555,3115,2440,2,550,1012,1388,1494,1109,0,160,459,712,880,904,2,390,553,676,614,205,2650845
2016,2,11470650,신정4동,7546,3696,3850,17,900,1637,1905,1796,1291,7,264,818,959,818,830,10,636,819,946,978,461,996406
2016,2,11470670,신정6동,5244,2844,2400,17,540,1292,1420,1517,458,14,241,620,682,988,299,3,299,672,738,529,159,972556
2016,2,11470680,신정7동,2122,1013,1109,4,234,427,664,540,253,3,82,208,313,251,156,1,152,219,351,289,97,1144112
2016,2,11500510,염창동,11826,7238,4588,36,1859,3458,3183,2209,1081,16,765,2123,2103,1410,821,20,1094,1335,1080,799,260,1957926
2016,2,11500520,등촌1동,30014,12199,17815,71,4023,7616,10642,6587,1075,51,2191,4916,3148,1255,638,20,1832,2700,7494,5332,437,649434
2016,2,11500530,등촌2동,2275,1245,1030,6,247,514,600,587,321,4,69,237,337,359,239,2,178,277,263,228,82,908847
2016,2,11500535,등촌3동,18259,9445,8814,80,3129,3792,3885,4984,2389,62,1438,2278,2145,2120,1402,18,1691,1514,1740,2864,987,1049363
2016,2,11500540,화곡1동,4226,1969,2257,17,551,935,1134,1055,534,6,207,484,534,427,311,11,344,451,600,628,223,1194778
2016,2,11500550,화곡2동,1444,692,752,2,189,423,437,301,92,0,78,228,195,128,63,2,111,195,242,173,29,456061
2016,2,11500560,화곡3동,2416,1109,1307,8,265,433,631,751,328,3,98,245,296,280,187,5,167,188,335,471,141,515596
2016,2,11500570,화곡4동,1744,790,954,6,241,369,500,453,175,6,87,181,193,222,101,0,154,188,307,231,74,853460
2016,2,11500590,화곡본동,2314,871,1443,1,299,562,637,505,310,0,58,231,247,185,150,1,241,331,390,320,160,1007050
2016,2,11500591,화곡6동,9599,5808,3791,28,986,2230,2344,2457,1554,14,421,1292,1452,1621,1008,14,565,938,892,836,546,1034624
2016,2,11500593,화곡8동,1421,543,878,11,188,299,390,328,205,4,57,142,145,90,105,7,131,157,245,238,100,567208
2016,2,11500603,가양1동,10182,6730,3452,24,1440,2682,2760,2145,1131,15,788,1731,1833,1452,911,9,652,951,927,693,220,5908521
2016,2,11500604,가양2동,2226,1110,1116,7,327,515,463,420,494,5,108,243,211,169,374,2,219,272,252,251,120,996881
2016,2,11500605,가양3동,5268,3184,2084,20,893,1742,1421,854,338,5,404,1131,922,502,220,15,489,611,499,352,118,691403
2016,2,11500611,발산1동,6798,3756,3042,18,650,1368,1863,1925,974,10,192,664,988,1168,734,8,458,704,875,757,240,3032326
2016,2,11500615,우장산동,4092,1724,2368,48,642,903,1061,898,540,20,190,425,468,345,276,28,452,478,593,553,264,1268459
2016,2,11500620,공항동,40972,23999,16973,35,7681,12941,12240,6737,1338,16,1929,6035,8957,5920,1142,19,5752,6906,3283,817,196,11377979
2016,2,11500630,방화1동,7903,5340,2563,17,1081,1913,2138,2025,729,4,660,1390,1474,1366,446,13,421,523,664,659,283,1125789
2016,2,11500640,방화2동,4316,2529,1787,22,663,875,990,1072,694,14,289,500,548,664,514,8,374,375,442,408,180,5564098
2016,2,11500641,방화3동,3181,1723,1458,6,250,604,737,887,697,3,56,242,406,580,436,3,194,362,331,307,261,1964100
2016,2,11530510,신도림동,9571,5480,4091,23,1665,2897,2449,1753,784,6,640,1659,1464,1125,586,17,1025,1238,985,628,198,1312211
2016,2,11530520,구로1동,2380,1148,1232,3,236,570,563,395,613,1,105,349,304,199,190,2,131,221,259,196,423,1004193
2016,2,11530530,구로2동,26447,14506,11941,51,3960,8329,6769,5037,2301,30,1385,4155,3908,3344,1684,21,2575,4174,2861,1693,617,1807452
2016,2,11530540,구로3동,78491,48852,29639,324,17500,28478,18519,9213,4457,181,8026,19273,12877,5356,3139,143,9474,9205,5642,3857,1318,1033159
2016,2,11530550,구로4동,2949,1267,1682,12,340,607,843,658,489,4,101,256,348,253,305,8,239,351,495,405,184,538215
2016,2,11530560,구로5동,20557,11774,8783,69,4003,6207,4564,3447,2267,42,1802,3613,2945,2019,1353,27,2201,2594,1619,1428,914,1075552
2016,2,11530595,가리봉동,1467,637,830,0,205,259,359,361,283,0,86,136,144,137,134,0,119,123,215,224,149,415751
2016,2,11530720,고척1동,5889,3574,2315,13,597,1127,1513,1417,1222,5,262,634,859,899,915,8,335,493,654,518,307,1100132
2016,2,11530730,고척2동,2028,955,1073,8,262,451,595,496,216,4,111,224,241,232,143,4,151,227,354,264,73,1013917
2016,2,11530740,개봉1동,3107,1422,1685,7,368,589,836,863,444,4,119,295,371,372,261,3,249,294,465,491,183,1168155
2016,2,11530750,개봉2동,1336,549,787,6,190,271,400,281,188,3,42,107,152,137,108,3,148,164,248,144,80,825368
2016,2,11530760,개봉3동,3652,2018,1634,3,136,315,508,606,2084,3,40,110,187,267,1411,0,96,205,321,339,673,831642
2016,2,11530770,오류1동,3380,1383,1997,13,372,694,1063,826,412,6,115,310,392,289,271,7,257,384,671,537,141,707130
2016,2,11530780,오류2동,3965,2016,1949,10,422,887,1049,1011,586,7,104,438,497,540,430,3,318,449,552,471,156,4314692
2016,2,11530790,수궁동,4120,2618,1502,9,422,882,1055,1148,604,9,207,543,626,742,491,0,215,339,429,406,113,2684146
2016,2,11545510,가산동,134782,84751,50031,2459,31476,43081,32393,16796,8577,1093,15116,29191,22520,10611,6220,1366,16360,13890,9873,6185,2357,2245346
2016,2,11545610,독산1동,16496,10958,5538,59,2006,4085,4572,3955,1819,44,1141,2873,2962,2550,1388,15,865,1212,1610,1405,431,1956086
2016,2,11545620,독산2동,1438,702,736,0,167,269,409,350,243,0,50,113,191,191,157,0,117,156,218,159,86,596742
2016,2,11545630,독산3동,5067,3047,2020,12,439,795,971,1047,1803,6,145,348,413,538,1597,6,294,447,558,509,206,982894
2016,2,11545640,독산4동,1959,1088,871,1,267,429,555,420,287,0,135,256,302,214,181,1,132,173,253,206,106,605029
2016,2,11545670,시흥1동,8822,4294,4528,19,1500,2387,1996,1901,1019,10,638,1152,892,1021,581,9,862,1235,1104,880,438,1437595
2016,2,11545680,시흥2동,1402,433,969,4,150,322,330,397,199,0,22,85,97,128,101,4,128,237,233,269,98,1170211
2016,2,11545690,시흥3동,9374,5795,3579,15,680,1808,3024,2546,1301,5,357,1149,1756,1571,957,10,323,659,1268,975,344,1328458
2016,2,11545700,시흥4동,858,305,553,2,84,171,274,235,92,1,23,56,76,96,53,1,61,115,198,139,39,873884
2016,2,11545710,시흥5동,2023,1097,926,0,155,271,577,664,356,0,35,129,302,393,238,0,120,142,275,271,118,1368598
2016,2,11560515,영등포본동,2378,1088,1290,14,380,522,620,536,306,7,134,233,251,260,203,7,246,289,369,276,103,843586
2016,2,11560535,영등포동,22679,13803,8876,74,3416,6076,5524,4522,3067,25,1416,3712,3720,2908,2022,49,2000,2364,1804,1614,1045,1390482
2016,2,11560540,여의동,276738,183636,93102,1330,53717,104940,71963,34029,10759,534,23833,70851,55837,25701,6880,796,29884,34089,16126,8328,3879,6703511
2016,2,11560550,당산1동,14627,8458,6169,52,2200,3557,3252,3049,2517,19,814,1983,1960,1995,1687,33,1386,1574,1292,1054,830,746447
2016,2,11560560,당산2동,27562,14890,12672,102,5417,6913,6190,4844,4096,46,1970,3873,3513,2736,2752,56,3447,3040,2677,2108,1344,1526636
2016,2,11560585,도림동,2087,1323,764,7,195,417,515,507,446,4,85,253,337,325,319,3,110,164,178,182,127,539427
2016,2,11560605,문래동,43692,26776,16916,152,8640,13188,10604,6762,4346,80,4214,8269,6663,4278,3272,72,4426,4919,3941,2484,1074,1738475
2016,2,11560610,양평1동,17464,10155,7309,68,3334,4313,4102,3321,2326,38,1337,2716,2523,1933,1608,30,1997,1597,1579,1388,718,869573
2016,2,11560620,양평2동,33598,18169,15429,125,5959,12398,9859,4043,1214,59,2467,6936,5347,2432,928,66,3492,5462,4512,1611,286,2573400
2016,2,11560630,신길1동,4838,2584,2254,7,521,749,946,1380,1235,1,148,383,532,759,761,6,373,366,414,621,474,762886
2016,2,11560650,신길3동,1636,882,754,2,140,304,439,407,344,0,41,164,213,213,251,2,99,140,226,194,93,510335
2016,2,11560660,신길4동,1239,633,606,4,131,352,384,232,136,2,43,187,202,117,82,2,88,165,182,115,54,298738
2016,2,11560670,신길5동,1113,518,595,3,106,275,286,297,146,2,30,108,132,142,104,1,76,167,154,155,42,498387
2016,2,11560680,신길6동,2418,1137,1281,12,264,529,611,568,434,4,61,268,270,268,266,8,203,261,341,300,168,676005
2016,2,11560690,신길7동,2672,1663,1009,4,404,598,656,683,327,2,255,408,428,350,220,2,149,190,228,333,107,599547
2016,2,11560700,대림1동,2673,1057,1616,7,679,663,600,473,251,4,132,266,282,218,155,3,547,397,318,255,96,493503
2016,2,11560710,대림2동,2270,1017,1253,3,267,519,711,453,317,1,83,221,261,224,227,2,184,298,450,229,90,574495
2016,2,11560720,대림3동,7817,4460,3357,18,897,1699,2097,1923,1183,8,423,1076,1289,1017,647,10,474,623,808,906,536,933892
2016,2,11590510,노량진1동,4832,2873,1959,7,544,1166,1298,1174,643,6,211,706,853,689,408,1,333,460,445,485,235,1876800
2016,2,11590520,노량진2동,4247,2213,2034,9,590,1191,988,966,503,6,301,471,472,620,343,3,289,720,516,346,160,619921
2016,2,11590530,상도1동,4180,2065,2115,4,583,1075,1171,898,449,2,196,489,621,473,284,2,387,586,550,425,165,1492421
2016,2,11590540,상도2동,2547,1047,1500,4,288,523,772,642,318,1,86,212,337,262,149,3,202,311,435,380,169,771971
2016,2,11590550,상도3동,1235,503,732,2,149,301,325,304,154,0,44,115,128,124,92,2,105,186,197,180,62,662403
2016,2,11590560,상도4동,1777,667,1110,9,257,394,478,403,236,1,57,168,194,144,103,8,200,226,284,259,133,947172
2016,2,11590605,흑석동,5598,2599,2999,11,1056,1509,1452,1081,489,4,267,574,749,653,352,7,789,935,703,428,137,2062251
2016,2,11590620,사당1동,5039,2503,2536,23,1098,1331,1311,801,475,11,283,670,763,441,335,12,815,661,548,360,140,630335
2016,2,11590630,사당2동,2856,1308,1548,13,412,679,733,666,353,4,143,322,344,283,212,9,269,357,389,383,141,3064442
2016,2,11590640,사당3동,2347,1194,1153,8,261,440,538,527,573,3,83,209,254,260,385,5,178,231,284,267,188,898029
2016,2,11590650,사당4동,1208,637,571,0,114,232,285,298,279,0,30,104,134,160,209,0,84,128,151,138,70,431219
2016,2,11590651,사당5동,983,467,516,1,192,237,257,211,85,0,96,97,108,102,64,1,96,140,149,109,21,658780
2016,2,11590660,대방동,9912,5473,4439,44,1234,2750,2330,2064,1490,2,469,1702,1391,1077,832,42,765,1048,939,987,658,1591876
2016,2,11590670,신대방1동,3917,2482,1435,22,565,958,873,802,697,20,347,690,568,419,438,2,218,268,305,383,259,685547
2016,2,11590680,신대방2동,27392,14648,12744,163,4352,7087,6647,5979,3164,67,2285,4352,3413,2899,1632,96,2067,2735,3234,3080,1532,1024271
2016,2,11620525,보라매동,5164,2234,2930,3,623,1662,1844,704,328,1,187,625,839,375,207,2,436,1037,1005,329,121,758003
2016,2,11620545,청림동,598,240,358,1,112,131,153,120,81,0,31,49,50,52,58,1,81,82,103,68,23,305629
2016,2,11620565,성현동,1387,550,837,1,143,355,425,334,129,0,40,146,147,132,85,1,103,209,278,202,44,695625
2016,2,11620575,행운동,3478,1747,1731,22,626,923,847,644,416,11,220,513,450,305,248,11,406,410,397,339,168,739229
2016,2,11620585,낙성대동,11635,6332,5303,6,1573,3609,2760,2386,1301,1,562,1638,1567,1534,1030,5,1011,1971,1193,852,271,2341406
2016,2,11620595,청룡동,7512,4277,3235,21,891,1842,1986,1843,929,11,376,979,1103,1186,622,10,515,863,883,657,307,1186204
2016,2,11620605,은천동,3711,1688,2023,3,487,729,828,987,677,1,133,357,376,443,378,2,354,372,452,544,299,738181
2016,2,11620615,중앙동,1922,928,994,4,296,475,503,355,289,2,91,225,266,176,168,2,205,250,237,179,121,385136
2016,2,11620625,인헌동,2465,1197,1268,3,287,597,671,536,371,2,79,307,307,256,246,1,208,290,364,280,125,709688
2016,2,11620630,남현동,3667,2223,1444,11,750,927,979,661,339,6,348,578,647,405,239,5,402,349,332,256,100,4218667
2016,2,11620645,서원동,3939,1750,2189,23,715,817,765,814,805,7,259,359,336,341,448,16,456,458,429,473,357,642690
2016,2,11620655,신원동,1069,425,644,2,130,213,248,266,210,1,35,83,109,100,97,1,95,130,139,166,113,549115
2016,2,11620665,서림동,1514,908,606,5,120,250,368,454,317,3,38,136,207,272,252,2,82,114,161,182,65,981577
2016,2,11620685,신사동,2215,1162,1053,3,301,431,577,569,334,2,123,243,306,282,206,1,178,188,271,287,128,609167
2016,2,11620695,신림동,2353,1163,1190,9,386,503,581,510,364,4,119,289,290,229,232,5,267,214,291,281,132,507666
2016,2,11620715,난향동,1294,476,818,3,97,199,253,347,395,1,16,53,90,108,208,2,81,146,163,239,187,786985
2016,2,11620725,조원동,3951,2349,1602,4,456,883,1117,940,551,1,219,564,641,549,375,3,237,319,476,391,176,652569
2016,2,11620735,대학동,2175,1210,965,6,265,476,548,591,289,3,98,240,305,355,209,3,167,236,243,236,80,8107585
2016,2,11620745,삼성동,1028,438,590,4,139,210,236,269,170,3,21,79,84,137,114,1,118,131,152,132,56,2591742
2016,2,11620765,미성동,3290,1632,1658,4,381,557,856,827,665,2,104,232,428,449,417,2,277,325,428,378,248,1355300
2016,2,11620775,난곡동,1063,425,638,1,144,246,290,278,104,0,26,96,107,133,63,1,118,150,183,145,41,982294
2016,2,11650510,서초1동,38249,20914,17335,165,9307,11704,8966,5410,2697,69,3663,7114,5368,2816,1884,96,5644,4590,3598,2594,813,1383210
2016,2,11650520,서초2동,48620,32956,15664,122,8347,15607,12957,7647,3940,59,4278,10587,9722,5512,2798,63,4069,5020,3235,2135,1142,1229759
2016,2,11650530,서초3동,74140,43231,30909,257,13213,22902,20138,11530,6100,104,4948,12976,13100,7547,4556,153,8265,9926,7038,3983,1544,3027494
2016,2,11650531,서초4동,25995,13299,12696,82,6846,9485,5418,2572,1592,22,2101,5096,3444,1568,1068,60,4745,4389,1974,1004,524,882770
2016,2,11650540,잠원동,19410,12334,7076,83,3726,6633,4899,2394,1675,34,1436,4394,3642,1625,1203,49,2290,2239,1257,769,472,1840832
2016,2,11650550,반포본동,1409,759,650,2,178,320,362,343,204,1,75,156,178,221,128,1,103,164,184,122,76,1491264
2016,2,11650560,반포1동,7341,4213,3128,18,1486,2515,1612,1002,708,7,623,1469,1081,594,439,11,863,1046,531,408,269,1000549
2016,2,11650570,반포2동,2012,1060,952,19,353,534,531,369,206,4,113,259,307,229,148,15,240,275,224,140,58,1258050
2016,2,11650580,반포3동,8688,4005,4683,53,1587,2491,1884,1542,1131,21,770,1193,989,529,503,32,817,1298,895,1013,628,1325140
2016,2,11650581,반포4동,35548,14709,20839,139,9476,11118,7933,4494,2388,46,2476,4838,3913,2081,1355,93,7000,6280,4020,2413,1033,1416005
2016,2,11650590,방배본동,7488,3848,3640,11,1185,1963,1723,1557,1049,4,478,1193,946,597,630,7,707,770,777,960,419,660469
2016,2,11650600,방배1동,11553,5985,5568,37,2619,3783,2761,1417,936,13,946,2163,1559,690,614,24,1673,1620,1202,727,322,691215
2016,2,11650610,방배2동,21537,15570,5967,40,1887,3735,6774,7192,1909,24,884,2530,5144,5507,1481,16,1003,1205,1630,1685,428,1901725
2016,2,11650620,방배3동,9827,6138,3689,45,1722,2758,2204,1653,1445,11,713,1660,1530,1112,1112,34,1009,1098,674,541,333,2411856
2016,2,11650621,방배4동,12324,6515,5809,50,2339,3448,3207,2075,1205,12,837,1962,1746,1125,833,38,1502,1486,1461,950,372,954529
2016,2,11650651,양재1동,34878,20255,14623,127,5979,10506,8708,5626,3932,57,2636,6394,5267,3350,2551,70,3343,4112,3441,2276,1381,5711370
2016,2,11650652,양재2동,120399,99092,21307,417,14440,29247,36554,35741,4000,188,9620,23564,30819,32036,2865,229,4820,5683,5735,3705,1135,7516954
2016,2,11650660,내곡동,5871,3839,2032,14,719,1625,1537,1309,667,10,288,1035,1074,979,453,4,431,590,463,330,214,13190710
2016,2,11680510,신사동,23852,11007,12845,127,6982,7906,4790,2460,1587,40,2037,3959,2664,1276,1031,87,4945,3947,2126,1184,556,1736994
2016,2,11680521,논현1동,41964,22278,19686,162,10631,14342,9024,4831,2974,72,3499,7962,5810,2829,2106,90,7132,6380,3214,2002,868,1254345
2016,2,11680531,논현2동,64003,35210,28793,231,14648,22070,14255,7513,5286,64,4781,12087,9501,5193,3584,167,9867,9983,4754,2320,1702,1445565
2016,2,11680545,압구정동,33227,14418,18809,311,10127,10961,6236,3441,2151,98,3185,5131,3229,1613,1162,213,6942,5830,3007,1828,989,2520945
2016,2,11680565,청담동,44213,21302,22911,187,12219,15541,9283,4307,2676,31,3537,7735,5673,2584,1742,156,8682,7806,3610,1723,934,2384707
2016,2,11680580,삼성1동,88131,53819,34312,391,20582,31788,18991,10374,6005,169,9159,20236,13814,6560,3881,222,11423,11552,5177,3814,2124,1926134
2016,2,11680590,삼성2동,54261,26841,27420,212,15396,16873,11250,7194,3336,84,5560,9746,6100,3306,2045,128,9836,7127,5150,3888,1291,1247821
2016,2,11680600,대치1동,3386,1469,1917,35,616,946,820,601,368,7,149,352,413,296,252,28,467,594,407,305,116,795761
2016,2,11680610,대치2동,60207,35827,24380,255,11952,20128,14509,8292,5071,75,4492,12739,10147,5133,3241,180,7460,7389,4362,3159,1830,2043875
2016,2,11680630,대치4동,30144,17747,12397,184,5894,10697,7887,3665,1817,23,2274,6466,5259,2482,1243,161,3620,4231,2628,1183,574,717795
2016,2,11680640,역삼1동,181528,106058,75470,886,38248,60574,44711,25142,11967,459,15304,37087,31003,14971,7234,427,22944,23487,13708,10171,4733,2360116
2016,2,11680650,역삼2동,47663,26474,21189,261,11656,14640,10986,6398,3722,101,4286,8392,7195,4114,2386,160,7370,6248,3791,2284,1336,1127531
2016,2,11680655,도곡1동,21386,8789,12597,162,4053,5553,7029,3431,1158,82,1656,2693,2194,1361,803,80,2397,2860,4835,2070,355,1022697
2016,2,11680656,도곡2동,19143,10970,8173,72,3374,5801,4476,2607,2813,36,1326,3299,3111,1699,1499,36,2048,2502,1365,908,1314,1025651
2016,2,11680660,개포1동,1210,737,473,3,151,323,247,246,240,1,63,185,134,161,193,2,88,138,113,85,47,973078
2016,2,11680670,개포2동,2568,1266,1302,10,253,464,654,765,422,5,70,188,327,404,272,5,183,276,327,361,150,2371826
2016,2,11680690,개포4동,10202,6337,3865,30,1313,2605,2715,2075,1464,18,595,1688,1732,1245,1059,12,718,917,983,830,405,1561449
2016,2,11680700,세곡동,4034,1976,2058,2,515,898,985,1003,631,0,155,403,409,541,468,2,360,495,576,462,163,5894759
2016,2,11680720,일원본동,7465,1909,5556,17,2170,3013,1432,647,186,1,313,704,462,291,138,16,1857,2309,970,356,48,2381558
2016,2,11680730,일원1동,3218,1852,1366,4,383,669,688,813,661,2,197,395,418,463,377,2,186,274,270,350,284,947888
2016,2,11680740,일원2동,12887,10076,2811,100,3760,4142,2523,1719,643,70,3032,3453,1924,1214,383,30,728,689,599,505,260,1043911
2016,2,11680750,수서동,18088,8877,9211,67,2809,5519,4840,3026,1827,33,1043,2710,2211,1502,1378,34,1766,2809,2629,1524,449,1648393
2016,2,11710510,풍납1동,1359,622,737,2,121,296,382,340,218,0,38,121,156,169,138,2,83,175,226,171,80,1057487
2016,2,11710520,풍납2동,13018,4192,8826,10,3191,4539,3234,1529,515,3,574,1181,1229,829,376,7,2617,3358,2005,700,139,1999222
2016,2,11710531,거여1동,3759,2737,1022,18,955,1035,864,543,344,15,818,800,601,293,210,3,137,235,263,250,134,512307
2016,2,11710532,거여2동,2205,814,1391,0,268,404,605,609,319,0,79,180,227,183,145,0,189,224,378,426,174,510046
2016,2,11710540,마천1동,1081,502,579,2,118,193,324,265,179,1,38,83,138,140,102,1,80,110,186,125,77,504704
2016,2,11710550,마천2동,3123,1722,1401,2,312,659,831,891,428,2,134,380,452,466,288,0,178,279,379,425,140,936181
2016,2,11710561,방이1동,6376,3890,2486,17,740,1388,1390,1275,1566,4,272,777,819,794,1224,13,468,611,571,481,342,581968
2016,2,11710562,방이2동,18069,10281,7788,54,2490,4723,4502,3867,2433,34,1265,3002,2596,1879,1505,20,1225,1721,1906,1988,928,763928
2016,2,11710566,오륜동,3105,1811,1294,5,382,872,819,807,220,2,160,480,490,508,171,3,222,392,329,299,49,3150411
2016,2,11710570,오금동,13277,8054,5223,26,1162,2647,2684,2679,4079,13,511,1690,1666,1482,2692,13,651,957,1018,1197,1387,1691111
2016,2,11710580,송파1동,7082,4282,2800,29,976,1679,1737,1534,1127,19,501,1077,1065,878,742,10,475,602,672,656,385,683881
2016,2,11710590,송파2동,5438,2716,2722,30,1144,1618,1232,1007,407,11,381,882,721,445,276,19,763,736,511,562,131,636016
2016,2,11710600,석촌동,10379,6150,4229,33,1911,2888,2409,1821,1317,15,765,1911,1523,1049,887,18,1146,977,886,772,430,943819
2016,2,11710610,삼전동,7583,4735,2848,14,890,1676,1778,1613,1612,7,387,1066,1052,891,1332,7,503,610,726,722,280,992437
2016,2,11710620,가락본동,27417,16324,11093,89,4234,7183,6882,5487,3542,48,1910,4324,4433,3169,2440,41,2324,2859,2449,2318,1102,1024764
2016,2,11710631,가락1동,9121,6540,2581,11,499,1708,2759,2616,1528,3,357,1377,2058,1676,1069,8,142,331,701,940,459,1357317
2016,2,11710632,가락2동,7786,4335,3451,40,1026,1971,2096,1728,925,23,460,1166,1141,870,675,17,566,805,955,858,250,934057
2016,2,11710641,문정1동,5391,3356,2035,14,617,1246,1442,1092,980,3,281,764,935,656,717,11,336,482,507,436,263,604321
2016,2,11710642,문정2동,11532,7650,3882,55,1620,3333,3159,2108,1257,27,808,2282,2179,1384,970,28,812,1051,980,724,287,2387651
2016,2,11710646,장지동,8557,5710,2847,18,712,1523,2262,2324,1718,7,326,928,1472,1655,1322,11,386,595,790,669,396,1295680
2016,2,11710647,위례동,1573,1124,449,2,72,232,492,622,153,2,21,114,353,502,132,0,51,118,139,120,21,2626871
2016,2,11710650,잠실본동,13780,7765,6015,38,2309,3431,3306,2653,2043,14,869,1892,2000,1613,1377,24,1440,1539,1306,1040,666,1136161
2016,2,11710670,잠실2동,3223,1808,1415,7,532,925,900,638,221,2,265,524,509,341,167,5,267,401,391,297,54,2886358
2016,2,11710680,잠실3동,4531,1953,2578,101,1540,889,974,760,267,24,594,414,408,396,117,77,946,475,566,364,150,1506573
2016,2,11710690,잠실4동,1187,568,619,2,149,229,349,315,143,1,33,96,144,184,110,1,116,133,205,131,33,838370
2016,2,11710710,잠실6동,62701,34087,28614,166,11044,19302,19397,10821,1971,89,5349,13104,10326,3919,1300,77,5695,6198,9071,6902,671,1403041
2016,2,11710720,잠실7동,629,290,339,0,49,141,159,182,98,0,14,65,65,83,63,0,35,76,94,99,35,675008
2016,2,11740515,강일동,13223,10444,2779,4,2053,5296,3096,2021,753,2,1312,4281,2506,1684,659,2,741,1015,590,337,94,3722759
2016,2,11740520,상일동,3345,1425,1920,4,557,997,755,732,300,4,127,347,338,400,209,0,430,650,417,332,91,1801282
2016,2,11740530,명일1동,2919,1154,1765,4,351,489,700,761,614,3,102,221,289,251,288,1,249,268,411,510,326,630284
2016,2,11740540,명일2동,2270,1037,1233,0,288,513,564,610,295,0,73,224,241,308,191,0,215,289,323,302,104,920946
2016,2,11740550,고덕1동,1195,506,689,3,140,261,321,289,181,1,38,108,141,123,95,2,102,153,180,166,86,1906565
2016,2,11740560,고덕2동,1277,607,670,0,90,232,334,444,177,0,29,106,141,224,107,0,61,126,193,220,70,2408099
2016,2,11740570,암사1동,2171,1099,1072,3,246,468,576,515,363,1,93,233,284,265,223,2,153,235,292,250,140,738366
2016,2,11740580,암사2동,2466,1055,1411,7,376,545,654,623,261,3,135,229,263,243,182,4,241,316,391,380,79,2337773
2016,2,11740590,암사3동,1087,478,609,3,144,264,273,316,87,2,39,115,100,160,62,1,105,149,173,156,25,1843902
2016,2,11740600,천호1동,2743,1279,1464,11,314,599,673,675,471,4,92,300,318,302,263,7,222,299,355,373,208,669571
2016,2,11740610,천호2동,7599,3876,3723,25,1122,1817,1817,1609,1209,11,421,950,952,761,781,14,701,867,865,848,428,1828343
2016,2,11740620,천호3동,4035,2290,1745,7,484,982,970,899,693,1,176,596,581,504,432,6,308,386,389,395,261,569450
2016,2,11740640,성내1동,13411,8313,5098,19,1620,3444,3561,3038,1729,8,704,2034,2168,2093,1306,11,916,1410,1393,945,423,658437
2016,2,11740650,성내2동,3488,1843,1645,8,541,787,818,791,543,1,230,406,425,402,379,7,311,381,393,389,164,624632
2016,2,11740660,성내3동,6010,3374,2636,15,813,1590,1427,1207,958,7,359,961,846,633,568,8,454,629,581,574,390,641973
2016,2,11740685,길동,9825,5151,4674,8,1503,2461,2386,2001,1466,4,519,1297,1364,995,972,4,984,1164,1022,1006,494,1590598
2016,2,11740690,둔촌1동,880,517,363,0,73,150,199,223,235,0,34,67,88,121,207,0,39,83,111,102,28,897261
2016,2,11740700,둔촌2동,6180,2965,3215,10,1095,1759,1499,1237,580,3,326,848,724,682,382,7,769,911,775,555,198,1592001
2016,3,11110515,청운효자동,6346,3868,2478,10,1245,2252,1511,997,331,5,602,1504,955,589,213,5,643,748,556,408,118,2429899
2016,3,11110530,사직동,71013,42823,28190,104,11193,22614,19340,11788,5974,20,3936,12940,14078,8336,3513,84,7257,9674,5262,3452,2461,1161995
2016,3,11110540,삼청동,3887,2113,1774,7,668,1204,1026,741,241,5,227,662,639,449,131,2,441,542,387,292,110,1391632
2016,3,11110550,부암동,2998,1514,1484,4,627,797,797,545,228,2,169,406,510,287,140,2,458,391,287,258,88,2221363
2016,3,11110560,평창동,2358,1093,1265,2,296,575,565,574,346,1,92,250,301,256,193,1,204,325,264,318,153,8346900
2016,3,11110570,무악동,591,197,394,0,121,152,149,95,74,0,11,36,56,39,55,0,110,116,93,56,19,453220
2016,3,11110580,교남동,4002,1532,2470,4,1029,1314,835,547,273,1,173,436,408,320,194,3,856,878,427,227,79,355267
2016,3,11110600,가회동,18135,15039,3096,15,2772,7052,5105,2488,703,11,1853,5768,4584,2241,582,4,919,1284,521,247,121,565302
2016,3,11110615,종로1.2.3.4가동,137256,83235,54021,1123,22678,44677,39175,22120,7483,509,9326,25238,26732,16226,5204,614,13352,19439,12443,5894,2279,2430999
2016,3,11110630,종로5.6가동,21683,14333,7350,332,3731,6751,5879,3584,1406,116,1804,4624,4294,2530,965,216,1927,2127,1585,1054,441,599631
2016,3,11110640,이화동,16232,5966,10266,47,3981,5726,3512,2269,697,11,944,1828,1569,1149,465,36,3037,3898,1943,1120,232,747067
2016,3,11110650,혜화동,4827,2569,2258,11,722,1290,1231,963,610,7,239,628,716,580,399,4,483,662,515,383,211,1161303
2016,3,11110670,창신1동,2693,1176,1517,7,383,743,755,488,317,3,129,324,297,227,196,4,254,419,458,261,121,297271
2016,3,11110680,창신2동,567,215,352,0,58,108,140,171,90,0,7,48,57,66,37,0,51,60,83,105,53,257188
2016,3,11110690,창신3동,390,196,194,0,32,82,95,124,57,0,11,26,42,71,46,0,21,56,53,53,11,216230
2016,3,11110700,숭인1동,635,297,338,0,83,134,174,166,78,0,33,61,77,81,45,0,50,73,97,85,33,236777
2016,3,11110710,숭인2동,2933,1592,1341,5,378,653,693,642,562,0,155,364,378,334,361,5,223,289,315,308,201,359384
2016,3,11140520,소공동,138445,80652,57793,536,30114,46895,38931,18855,3114,151,10226,25266,27489,15202,2318,385,19888,21629,11442,3653,796,918284
2016,3,11140540,회현동,65918,40216,25702,208,11644,23572,18558,9712,2224,55,5790,13630,12046,7082,1613,153,5854,9942,6512,2630,611,909465
2016,3,11140550,명동,170538,87317,83221,724,33099,60549,47734,22850,5582,159,10762,26179,28782,17578,3857,565,22337,34370,18952,5272,1725,993909
2016,3,11140570,필동,22922,11163,11759,114,3924,6346,6413,4351,1774,33,1149,3320,3403,2145,1113,81,2775,3026,3010,2206,661,1458582
2016,3,11140580,장충동,10613,5803,4810,16,2469,3355,2857,1455,461,8,897,1923,1765,886,324,8,1572,1432,1092,569,137,1013897
2016,3,11140590,광희동,43637,22503,21134,944,11935,11821,9771,6722,2444,456,5232,6848,5356,3118,1493,488,6703,4973,4415,3604,951,745387
2016,3,11140605,을지로동,19967,12952,7015,78,2319,5040,5778,4283,2469,33,1021,3094,3930,3016,1858,45,1298,1946,1848,1267,611,612013
2016,3,11140615,신당동,12532,6961,5571,29,2599,4363,2899,1768,874,11,1296,2350,1711,1064,529,18,1303,2013,1188,704,345,536647
2016,3,11140625,다산동,8298,3703,4595,41,2402,1961,1537,1471,886,20,847,1007,840,603,386,21,1555,954,697,868,500,532721
2016,3,11140635,약수동,2609,1141,1468,10,420,686,623,498,372,3,104,316,290,209,219,7,316,370,333,289,153,509395
2016,3,11140645,청구동,3192,1993,1199,2,583,963,757,459,428,2,261,663,501,273,293,0,322,300,256,186,135,345114
2016,3,11140650,신당5동,1555,727,828,5,191,387,438,343,191,1,52,167,219,164,124,4,139,220,219,179,67,310367
2016,3,11140665,동화동,2560,1266,1294,16,657,700,572,451,164,2,219,402,310,222,111,14,438,298,262,229,53,330049
2016,3,11140670,황학동,4005,2429,1576,10,553,830,877,982,753,1,250,533,601,554,490,9,303,297,276,428,263,327694
2016,3,11140680,중림동,7346,4216,3130,13,1291,2094,1824,1274,850,4,458,1037,1180,899,638,9,833,1057,644,375,212,487576
2016,3,11170510,후암동,4095,1538,2557,4,443,673,963,1398,614,2,139,356,437,392,212,2,304,317,526,1006,402,868399
2016,3,11170520,용산2가동,3015,2028,987,4,171,848,1152,686,154,1,66,500,866,502,93,3,105,348,286,184,61,2047347
2016,3,11170530,남영동,26491,14950,11541,688,7962,7951,5458,3100,1332,276,3458,4797,3667,1936,816,412,4504,3154,1791,1164,516,735947
2016,3,11170555,청파동,8122,4293,3829,12,1159,2071,1828,1711,1341,11,335,940,1001,932,1074,1,824,1131,827,779,267,867676
2016,3,11170560,원효로1동,13746,7164,6582,73,3102,5180,3354,1320,717,48,1258,2738,1815,846,459,25,1844,2442,1539,474,258,589294
2016,3,11170570,원효로2동,6273,4325,1948,31,627,1662,1388,1331,1234,21,336,1216,1026,879,847,10,291,446,362,452,387,915567
2016,3,11170580,효창동,2185,1172,1013,3,250,575,554,543,260,1,73,295,333,299,171,2,177,280,221,244,89,470670
2016,3,11170590,용문동,933,506,427,2,114,264,275,184,94,1,44,153,156,97,55,1,70,111,119,87,39,289284
2016,3,11170625,한강로동,56964,34890,22074,265,11243,18674,15627,7988,3167,150,4981,11237,10649,5687,2186,115,6262,7437,4978,2301,981,3358956
2016,3,11170630,이촌1동,2014,934,1080,5,285,472,488,396,368,1,92,177,216,183,265,4,193,295,272,213,103,2143668
2016,3,11170640,이촌2동,326,191,135,0,30,77,70,83,66,0,11,51,44,42,43,0,19,26,26,41,23,1191110
2016,3,11170650,이태원1동,5376,3162,2214,14,1095,1490,1098,999,680,9,576,886,587,652,452,5,519,604,511,347,228,579369
2016,3,11170660,이태원2동,2747,1605,1142,7,561,857,586,371,365,2,296,522,361,200,224,5,265,335,225,171,141,879018
2016,3,11170685,한남동,14935,7970,6965,53,3461,5299,3323,1725,1074,31,1324,2937,2049,990,639,22,2137,2362,1274,735,435,3198883
2016,3,11170690,서빙고동,4797,2635,2162,32,860,1549,1265,701,390,2,287,790,743,492,321,30,573,759,522,209,69,2198117
2016,3,11170700,보광동,887,507,380,0,74,196,231,230,156,0,24,103,134,136,110,0,50,93,97,94,46,890496
2016,3,11200520,왕십리2동,1088,484,604,4,147,251,285,242,159,4,38,89,123,123,107,0,109,162,162,119,52,385254
2016,3,11200535,왕십리도선동,8066,3924,4142,27,1380,2091,2217,1529,822,9,466,1096,1065,791,497,18,914,995,1152,738,325,718816
2016,3,11200540,마장동,10311,7000,3311,21,945,2311,2782,2908,1344,11,514,1580,1956,2012,927,10,431,731,826,896,417,1082999
2016,3,11200550,사근동,7316,3576,3740,7,1388,1851,2058,1511,501,3,372,822,1046,946,387,4,1016,1029,1012,565,114,1182945
2016,3,11200560,행당1동,5552,3115,2437,24,729,1305,1404,1405,685,11,246,575,777,1000,506,13,483,730,627,405,179,552563
2016,3,11200570,행당2동,870,261,609,1,82,224,245,199,119,1,12,56,58,67,67,0,70,168,187,132,52,457197
2016,3,11200580,응봉동,428,163,265,0,47,92,107,107,75,0,10,30,28,37,58,0,37,62,79,70,17,547736
2016,3,11200590,금호1가동,879,398,481,1,137,237,205,176,123,1,31,95,93,87,91,0,106,142,112,89,32,441318
2016,3,11200615,금호2.3가동,997,380,617,1,150,224,219,247,156,0,30,94,83,83,90,1,120,130,136,164,66,638261
2016,3,11200620,금호4가동,795,297,498,1,97,203,195,194,105,1,23,76,69,69,59,0,74,127,126,125,46,935263
2016,3,11200645,옥수동,1882,845,1037,9,328,486,489,357,213,1,95,199,227,174,149,8,233,287,262,183,64,1239152
2016,3,11200650,성수1가1동,5280,3348,1932,6,677,1364,1429,1288,516,3,302,846,913,873,411,3,375,518,516,415,105,2248463
2016,3,11200660,성수1가2동,16029,9830,6199,123,3716,5025,3407,2370,1388,39,1592,3179,2316,1649,1055,84,2124,1846,1091,721,333,984783
2016,3,11200670,성수2가1동,47292,20919,26373,225,7948,12660,16091,9283,1085,155,4647,8242,5238,1894,743,70,3301,4418,10853,7389,342,1126355
2016,3,11200690,성수2가3동,40218,24478,15740,166,7520,11558,10456,6872,3646,94,3431,7462,6461,4257,2773,72,4089,4096,3995,2615,873,1050781
2016,3,11200720,송정동,1735,1044,691,6,259,496,469,314,191,2,130,295,246,225,146,4,129,201,223,89,45,584812
2016,3,11200790,용답동,18466,13343,5123,68,1650,3758,6789,4197,2004,30,902,2816,5597,2818,1180,38,748,942,1192,1379,824,2379362
2016,3,11215710,화양동,5814,2564,3250,31,1389,1780,1110,894,610,11,431,799,542,396,385,20,958,981,568,498,225,1124376
2016,3,11215730,군자동,6156,3393,2763,21,1250,1557,1617,1232,479,13,492,937,935,682,334,8,758,620,682,550,145,733236
2016,3,11215740,중곡1동,4376,2655,1721,5,492,932,1065,879,1003,3,183,513,619,535,802,2,309,419,446,344,201,602769
2016,3,11215750,중곡2동,3904,1926,1978,3,482,838,1015,976,590,2,193,425,489,479,338,1,289,413,526,497,252,544807
2016,3,11215760,중곡3동,1938,1012,926,6,225,394,488,520,305,3,74,212,237,294,192,3,151,182,251,226,113,600824
2016,3,11215770,중곡4동,2821,1487,1334,4,299,634,772,760,352,2,97,281,402,446,259,2,202,353,370,314,93,2295463
2016,3,11215780,능동,3203,1637,1566,12,533,911,774,627,346,4,189,469,442,297,236,8,344,442,332,330,110,1094134
2016,3,11215810,광장동,7950,4232,3718,48,1381,2356,2008,1506,651,21,464,1233,1211,823,480,27,917,1123,797,683,171,2889609
2016,3,11215820,자양1동,9300,5728,3572,11,1179,1975,2327,2338,1470,9,400,968,1451,1736,1164,2,779,1007,876,602,306,621606
2016,3,11215830,자양2동,7272,5026,2246,8,650,1734,2508,1848,524,7,366,1191,1873,1228,361,1,284,543,635,620,163,1630926
2016,3,11215840,자양3동,3067,1435,1632,12,412,745,752,691,455,6,150,360,347,301,271,6,262,385,405,390,184,1145609
2016,3,11215847,자양4동,2784,1604,1180,7,440,686,713,560,378,4,195,425,397,302,281,3,245,261,316,258,97,1148618
2016,3,11215850,구의1동,4519,2850,1669,10,566,1147,1234,1061,501,5,246,747,799,714,339,5,320,400,435,347,162,553095
2016,3,11215860,구의2동,3442,1929,1513,31,437,705,883,849,537,9,185,365,500,504,366,22,252,340,383,345,171,1363952
2016,3,11215870,구의3동,13443,7903,5540,48,1491,3011,3502,3237,2154,23,729,1937,2173,1717,1324,25,762,1074,1329,1520,830,1453971
2016,3,11230536,용신동,25953,14356,11597,103,3931,6880,6897,5004,3138,31,1501,3982,3854,3016,1972,72,2430,2898,3043,1988,1166,1590771
2016,3,11230545,제기동,5692,3243,2449,22,681,1198,1490,1366,935,4,274,703,888,761,613,18,407,495,602,605,322,1184853
2016,3,11230560,전농1동,2682,1330,1352,20,377,555,746,625,359,7,149,285,409,290,190,13,228,270,337,335,169,1140490
2016,3,11230570,전농2동,3374,1730,1644,2,364,887,940,833,348,0,93,357,478,530,272,2,271,530,462,303,76,983768
2016,3,11230600,답십리1동,6063,3485,2578,22,1078,1505,1545,1160,753,8,616,979,819,557,506,14,462,526,726,603,247,838156
2016,3,11230610,답십리2동,3468,2060,1408,5,375,773,961,799,555,3,164,480,599,472,342,2,211,293,362,327,213,814945
2016,3,11230650,장안1동,13861,8191,5670,42,1844,3183,3367,3049,2376,15,786,1785,2050,1882,1673,27,1058,1398,1317,1167,703,1360347
2016,3,11230660,장안2동,6584,3344,3240,22,990,1509,1749,1515,799,5,389,806,893,753,498,17,601,703,856,762,301,1119438
2016,3,11230705,청량리동,5337,3112,2225,14,776,1408,1272,1152,715,3,309,811,780,717,492,11,467,597,492,435,223,1197287
2016,3,11230710,회기동,3812,1390,2422,11,820,1289,873,656,163,6,213,521,325,251,74,5,607,768,548,405,89,829432
2016,3,11230720,휘경1동,1527,838,689,2,206,322,367,306,324,0,82,184,205,163,204,2,124,138,162,143,120,519932
2016,3,11230730,휘경2동,4176,1670,2506,13,775,1052,1076,885,375,2,186,432,485,378,187,11,589,620,591,507,188,1207585
2016,3,11230740,이문1동,5335,2847,2488,6,633,1345,1575,1246,530,0,163,549,925,819,391,6,470,796,650,427,139,986690
2016,3,11230750,이문2동,917,455,462,5,101,158,256,243,154,1,23,59,107,150,115,4,78,99,149,93,39,698476
2016,3,11260520,면목2동,2445,1249,1196,5,258,471,660,669,382,2,75,218,323,362,269,3,183,253,337,307,113,743106
2016,3,11260540,면목4동,1688,1000,688,1,149,286,462,561,229,0,49,120,277,394,160,1,100,166,185,167,69,821882
2016,3,11260550,면목5동,1054,705,349,2,85,166,280,324,197,2,35,99,167,238,164,0,50,67,113,86,33,591696
2016,3,11260565,면목본동,2334,994,1340,3,264,414,659,653,341,1,63,179,299,266,186,2,201,235,360,387,155,840931
2016,3,11260570,면목7동,1333,656,677,3,173,240,352,348,217,0,36,101,170,194,155,3,137,139,182,154,62,1202721
2016,3,11260575,면목3.8동,3822,2114,1708,7,514,747,997,1044,513,3,139,326,549,702,395,4,375,421,448,342,118,1591050
2016,3,11260580,상봉1동,3103,1759,1344,7,299,543,715,923,616,4,93,245,351,602,464,3,206,298,364,321,152,917193
2016,3,11260590,상봉2동,8477,4820,3657,26,1000,1925,2627,2042,857,10,505,1326,1403,1028,548,16,495,599,1224,1014,309,658991
2016,3,11260600,중화1동,1645,642,1003,6,214,350,526,387,162,3,46,134,200,165,94,3,168,216,326,222,68,637209
2016,3,11260610,중화2동,4199,2900,1299,7,282,512,700,706,1992,4,108,287,386,378,1737,3,174,225,314,328,255,960402
2016,3,11260620,묵1동,3030,1414,1616,1,366,772,844,732,315,1,110,378,374,338,213,0,256,394,470,394,102,1184393
2016,3,11260630,묵2동,1754,882,872,1,198,398,509,427,221,0,67,202,260,220,133,1,131,196,249,207,88,682005
2016,3,11260655,망우본동,5440,2713,2727,15,713,1153,1345,1376,838,7,204,477,642,766,617,8,509,676,703,610,221,3074745
2016,3,11260660,망우3동,1575,766,809,2,147,292,407,468,259,1,44,139,176,231,175,1,103,153,231,237,84,967313
2016,3,11260680,신내1동,6079,3194,2885,8,915,1392,1484,1603,677,3,246,737,795,953,460,5,669,655,689,650,217,2361684
2016,3,11260690,신내2동,3850,1881,1969,4,350,915,1024,1040,517,4,90,395,440,645,307,0,260,520,584,395,210,939758
2016,3,11290525,성북동,3068,1346,1722,9,531,913,833,542,240,1,148,392,376,280,149,8,383,521,457,262,91,3067396
2016,3,11290555,삼선동,8782,4499,4283,14,1121,1878,2245,2394,1130,6,386,835,1230,1406,636,8,735,1043,1015,988,494,1177823
2016,3,11290575,동선동,5913,2451,3462,29,1041,1140,1246,1080,1377,14,249,524,610,475,579,15,792,616,636,605,798,729672
2016,3,11290580,돈암1동,919,344,575,8,113,225,259,204,110,5,30,81,89,78,61,3,83,144,170,126,49,461503
2016,3,11290590,돈암2동,608,185,423,0,124,187,156,94,47,0,18,69,51,23,24,0,106,118,105,71,23,414465
2016,3,11290600,안암동,7428,3777,3651,15,1437,2091,1977,1370,538,5,389,926,1191,897,369,10,1048,1165,786,473,169,1295307
2016,3,11290610,보문동,3360,1787,1573,10,363,614,734,712,927,3,104,318,387,365,610,7,259,296,347,347,317,551172
2016,3,11290620,정릉1동,1118,458,660,2,145,233,311,267,160,2,36,92,122,111,95,0,109,141,189,156,65,475568
2016,3,11290630,정릉2동,1435,663,772,3,216,287,396,339,194,0,72,107,185,166,133,3,144,180,211,173,61,1165255
2016,3,11290640,정릉3동,2824,1668,1156,1,341,579,878,704,321,0,112,266,541,503,246,1,229,313,337,201,75,3182234
2016,3,11290650,정릉4동,2679,1667,1012,0,236,411,711,886,435,0,44,209,448,635,331,0,192,202,263,251,104,3714207
2016,3,11290660,길음1동,1959,636,1323,7,336,423,561,362,270,1,53,143,174,120,145,6,283,280,387,242,125,753885
2016,3,11290685,길음2동,1210,505,705,11,239,298,300,238,124,4,80,121,124,104,72,7,159,177,176,134,52,423663
2016,3,11290705,종암동,3518,1766,1752,9,504,869,1003,816,317,3,169,443,505,457,189,6,335,426,498,359,128,1494677
2016,3,11290715,월곡1동,4160,2156,2004,13,442,862,1085,963,795,8,157,446,520,483,542,5,285,416,565,480,253,974658
2016,3,11290725,월곡2동,4817,2624,2193,7,746,1324,1213,976,551,5,264,757,703,559,336,2,482,567,510,417,215,1330228
2016,3,11290760,장위1동,895,335,560,3,74,146,260,275,137,1,16,56,102,109,51,2,58,90,158,166,86,714821
2016,3,11290770,장위2동,1898,976,922,2,150,394,468,416,468,2,56,202,204,200,312,0,94,192,264,216,156,682224
2016,3,11290780,장위3동,1673,947,726,0,182,293,449,498,251,0,63,146,241,304,193,0,119,147,208,194,58,663549
2016,3,11290810,석관동,4581,2733,1848,4,391,799,1047,1056,1284,2,125,353,579,680,994,2,266,446,468,376,290,1773773
2016,3,11305534,삼양동,1386,553,833,1,167,288,367,366,197,0,34,93,125,172,129,1,133,195,242,194,68,959451
2016,3,11305535,미아동,2405,1045,1360,5,321,526,640,577,336,5,91,211,299,250,189,0,230,315,341,327,147,835492
2016,3,11305545,송중동,3228,1399,1829,10,474,748,899,670,427,1,158,328,372,272,268,9,316,420,527,398,159,1085065
2016,3,11305555,송천동,2810,1388,1422,5,350,590,738,713,414,1,89,275,363,364,296,4,261,315,375,349,118,928301
2016,3,11305575,삼각산동,1200,396,804,2,171,309,405,228,85,0,37,113,107,83,56,2,134,196,298,145,29,603256
2016,3,11305590,번1동,3973,2195,1778,8,488,810,967,999,701,2,170,463,560,593,407,6,318,347,407,406,294,619363
2016,3,11305600,번2동,2209,1363,846,12,195,317,663,725,297,10,80,184,369,508,212,2,115,133,294,217,85,992960
2016,3,11305606,번3동,1519,708,811,13,196,279,368,371,292,10,68,125,178,186,141,3,128,154,190,185,151,1075371
2016,3,11305610,수유1동,3053,1615,1438,8,281,499,837,923,505,2,80,243,452,522,316,6,201,256,385,401,189,1748455
2016,3,11305620,수유2동,2167,955,1212,2,197,286,473,518,691,2,60,155,204,222,312,0,137,131,269,296,379,593685
2016,3,11305630,수유3동,4527,2339,2188,20,533,1165,1132,1112,565,12,197,560,580,663,327,8,336,605,552,449,238,725084
2016,3,11305645,우이동,2073,1325,748,4,152,295,471,708,443,3,52,172,289,494,315,1,100,123,182,214,128,10680138
2016,3,11305660,인수동,3254,1458,1796,6,405,723,843,774,503,3,111,310,393,317,324,3,294,413,450,457,179,2869695
2016,3,11320511,창1동,1714,634,1080,7,227,335,490,463,192,1,42,115,174,185,117,6,185,220,316,278,75,1104916
2016,3,11320512,창2동,2390,1207,1183,12,276,446,692,605,359,6,93,212,317,317,262,6,183,234,375,288,97,654615
2016,3,11320513,창3동,849,321,528,2,88,165,276,211,107,1,14,62,94,85,65,1,74,103,182,126,42,635079
2016,3,11320514,창4동,3630,2217,1413,5,337,610,958,1041,679,3,99,307,554,722,532,2,238,303,404,319,147,1155759
2016,3,11320515,창5동,4825,2415,2410,15,554,1179,1377,1252,448,7,159,563,708,704,274,8,395,616,669,548,174,676820
2016,3,11320521,도봉1동,3271,2010,1261,4,230,438,844,1103,652,4,88,220,521,738,439,0,142,218,323,365,213,8547209
2016,3,11320522,도봉2동,5280,2975,2305,4,346,770,1115,1238,1807,1,125,396,559,666,1228,3,221,374,556,572,579,1204332
2016,3,11320660,쌍문1동,2269,914,1355,1,345,401,578,635,309,1,52,168,221,266,206,0,293,233,357,369,103,1177010
2016,3,11320670,쌍문2동,3152,1497,1655,16,281,546,676,773,860,6,100,281,316,405,389,10,181,265,360,368,471,539384
2016,3,11320680,쌍문3동,2013,921,1092,4,407,491,533,421,157,3,104,230,246,232,106,1,303,261,287,189,51,504867
2016,3,11320681,쌍문4동,1109,431,678,1,125,264,277,306,136,1,21,105,96,120,88,0,104,159,181,186,48,543784
2016,3,11320690,방학1동,5089,2871,2218,14,540,834,1224,1504,973,9,201,431,625,884,721,5,339,403,599,620,252,1041785
2016,3,11320700,방학2동,1179,504,675,1,128,290,314,294,152,0,40,155,125,109,75,1,88,135,189,185,77,1102018
2016,3,11320710,방학3동,1838,818,1020,4,133,295,481,587,338,2,32,117,184,255,228,2,101,178,297,332,110,1856777
2016,3,11350560,월계1동,2853,1676,1177,4,291,542,705,801,510,3,91,283,425,514,360,1,200,259,280,287,150,1218934
2016,3,11350570,월계2동,2142,1083,1059,4,232,418,625,581,282,4,69,158,306,347,199,0,163,260,319,234,83,1991095
2016,3,11350580,월계3동,1494,673,821,0,140,264,442,421,227,0,29,109,161,212,162,0,111,155,281,209,65,1133881
2016,3,11350595,공릉1동,8740,4459,4281,32,932,1567,2099,2298,1812,15,352,903,1044,1090,1055,17,580,664,1055,1208,757,1217193
2016,3,11350600,공릉2동,6386,2945,3441,7,898,1404,1617,1565,895,3,197,542,702,858,643,4,701,862,915,707,252,7207339
2016,3,11350611,하계1동,7339,4098,3241,21,1117,1799,1882,1843,677,11,444,924,1087,1167,465,10,673,875,795,676,212,1467562
2016,3,11350612,하계2동,584,188,396,0,48,110,179,186,61,0,10,33,33,59,53,0,38,77,146,127,8,513857
2016,3,11350619,중계본동,2359,1136,1223,4,203,426,592,518,616,1,79,177,261,237,381,3,124,249,331,281,235,2094464
2016,3,11350621,중계1동,1461,604,857,8,204,275,433,374,167,3,64,112,154,164,107,5,140,163,279,210,60,624508
2016,3,11350624,중계4동,2275,933,1342,12,194,394,647,681,347,4,71,177,261,256,164,8,123,217,386,425,183,1540528
2016,3,11350625,중계2.3동,2662,1079,1583,18,288,560,774,730,292,9,80,252,306,257,175,9,208,308,468,473,117,912217
2016,3,11350630,상계1동,4975,2534,2441,12,513,863,1342,1311,934,7,198,474,642,680,533,5,315,389,700,631,401,4997346
2016,3,11350640,상계2동,4359,1786,2573,17,802,843,1066,1060,571,6,265,371,447,411,286,11,537,472,619,649,285,629194
2016,3,11350665,상계3.4동,3252,1846,1406,1,217,369,767,1006,892,0,72,175,419,653,527,1,145,194,348,353,365,5751720
2016,3,11350670,상계5동,2082,825,1257,4,144,238,431,544,721,0,59,127,160,183,296,4,85,111,271,361,425,473604
2016,3,11350695,상계6.7동,8592,3494,5098,10,1425,2150,2270,1842,895,5,300,739,943,984,523,5,1125,1411,1327,858,372,1434043
2016,3,11350700,상계8동,1010,291,719,1,117,196,341,231,124,0,20,37,58,89,87,1,97,159,283,142,37,668937
2016,3,11350710,상계9동,1253,446,807,3,108,279,408,322,133,1,25,70,111,144,95,2,83,209,297,178,38,833448
2016,3,11350720,상계10동,953,350,603,0,100,196,279,284,94,0,20,64,93,105,68,0,80,132,186,179,26,802642
2016,3,11380510,녹번동,6672,3357,3315,11,744,1571,1813,1694,839,8,258,671,915,1005,500,3,486,900,898,689,339,1923020
2016,3,11380520,불광1동,2456,1019,1437,3,353,727,662,477,234,3,87,314,300,188,127,0,266,413,362,289,107,2948578
2016,3,11380530,불광2동,3306,1578,1728,10,426,772,935,777,386,5,145,372,468,398,190,5,281,400,467,379,196,1756596
2016,3,11380551,갈현1동,2091,972,1119,5,330,477,552,458,269,3,109,224,243,235,158,2,221,253,309,223,111,909869
2016,3,11380552,갈현2동,3091,1258,1833,8,351,699,793,788,452,2,84,322,306,296,248,6,267,377,487,492,204,1018512
2016,3,11380560,구산동,4165,1907,2258,13,433,769,962,1303,685,1,134,297,384,696,395,12,299,472,578,607,290,1316383
2016,3,11380570,대조동,3226,1359,1867,18,415,659,925,746,463,2,131,275,394,309,248,16,284,384,531,437,215,867572
2016,3,11380580,응암1동,3880,1763,2117,11,455,859,1004,960,591,8,147,378,432,417,381,3,308,481,572,543,210,1126418
2016,3,11380590,응암2동,1071,527,544,0,128,211,279,289,164,0,23,74,122,180,128,0,105,137,157,109,36,554079
2016,3,11380600,응암3동,2713,1133,1580,13,327,575,781,682,335,7,122,247,302,279,176,6,205,328,479,403,159,933101
2016,3,11380625,역촌동,4023,1668,2355,12,435,836,1031,1074,635,4,128,353,444,395,344,8,307,483,587,679,291,1138805
2016,3,11380631,신사1동,1927,932,995,5,242,370,488,476,346,0,75,179,216,244,218,5,167,191,272,232,128,823498
2016,3,11380632,신사2동,1574,786,788,1,127,246,393,409,398,0,33,84,186,242,241,1,94,162,207,167,157,1050676
2016,3,11380640,증산동,2540,1449,1091,10,278,524,656,647,425,6,92,254,337,413,347,4,186,270,319,234,78,929526
2016,3,11380650,수색동,1481,727,754,1,251,353,350,317,209,1,42,140,186,210,148,0,209,213,164,107,61,1169504
2016,3,11380690,진관동,3712,1692,2020,12,398,694,1097,1103,408,5,99,251,459,621,257,7,299,443,638,482,151,12836383
2016,3,11410520,천연동,1361,571,790,1,137,319,358,346,200,0,45,123,145,138,120,1,92,196,213,208,80,866603
2016,3,11410555,북아현동,1128,499,629,2,118,173,306,340,189,0,30,75,140,158,96,2,88,98,166,182,93,461555
2016,3,11410565,충현동,26730,15391,11339,35,4258,9363,7336,4101,1637,13,1733,5155,4700,2661,1129,22,2525,4208,2636,1440,508,1139343
2016,3,11410585,신촌동,18479,7634,10845,61,4511,5856,4333,2718,1000,19,1234,2148,2044,1520,669,42,3277,3708,2289,1198,331,2504686
2016,3,11410615,연희동,7987,4253,3734,39,1104,1989,1927,1994,934,24,396,1026,993,1214,600,15,708,963,934,780,334,2965760
2016,3,11410620,홍제1동,1618,662,956,0,242,349,429,351,247,0,45,134,177,150,156,0,197,215,252,201,91,1492096
2016,3,11410640,홍제3동,1659,675,984,3,194,311,440,355,356,0,51,121,156,138,209,3,143,190,284,217,147,1093373
2016,3,11410655,홍제2동,1080,507,573,5,95,163,271,377,169,5,29,71,95,200,107,0,66,92,176,177,62,705399
2016,3,11410660,홍은1동,1173,468,705,4,137,227,315,290,200,1,36,96,116,99,120,3,101,131,199,191,80,1538023
2016,3,11410685,홍은2동,3624,1945,1679,7,502,786,880,938,511,4,172,347,480,569,373,3,330,439,400,369,138,2049745
2016,3,11410690,남가좌1동,1042,517,525,2,198,222,262,222,136,0,38,91,148,146,94,2,160,131,114,76,42,484765
2016,3,11410700,남가좌2동,1664,785,879,10,215,349,418,389,283,2,61,146,180,209,187,8,154,203,238,180,96,787125
2016,3,11410710,북가좌1동,1651,1018,633,2,176,264,415,436,358,1,46,125,224,315,307,1,130,139,191,121,51,562752
2016,3,11410720,북가좌2동,2485,1288,1197,7,251,443,630,694,460,5,98,212,299,384,290,2,153,231,331,310,170,806705
2016,3,11440555,아현동,22743,12922,9821,88,3765,7482,5887,4158,1363,25,1440,4378,3840,2366,873,63,2325,3104,2047,1792,490,870645
2016,3,11440565,공덕동,10763,6550,4213,40,2055,2779,3285,1825,779,11,909,1562,2290,1327,451,29,1146,1217,995,498,328,891209
2016,3,11440585,도화동,13717,7227,6490,55,2753,3751,3330,2469,1359,27,1143,2098,1783,1259,917,28,1610,1653,1547,1210,442,863516
2016,3,11440590,용강동,15412,8940,6472,38,2279,4440,3826,2848,1981,11,776,2717,2493,1643,1300,27,1503,1723,1333,1205,681,910388
2016,3,11440600,대흥동,9087,4609,4478,86,2629,2484,1758,1243,887,46,953,1326,1039,738,507,40,1676,1158,719,505,380,854083
2016,3,11440610,염리동,5103,3081,2022,57,809,1611,1259,886,481,33,418,1077,838,420,295,24,391,534,421,466,186,549601
2016,3,11440630,신수동,4285,2390,1895,7,591,1350,1232,765,340,2,195,764,755,449,225,5,396,586,477,316,115,914314
2016,3,11440655,서강동,9179,5128,4051,23,1866,2464,1914,1371,1541,11,674,1497,1317,848,781,12,1192,967,597,523,760,1890596
2016,3,11440660,서교동,43377,22200,21177,211,10789,12838,9218,5874,4447,83,3975,7107,5643,3010,2382,128,6814,5731,3575,2864,2065,1641475
2016,3,11440680,합정동,10231,5404,4827,57,2131,3604,2547,1283,609,9,674,1913,1593,800,415,48,1457,1691,954,483,194,1792621
2016,3,11440690,망원1동,2619,1414,1205,16,452,674,710,490,277,11,193,407,388,240,175,5,259,267,322,250,102,1111518
2016,3,11440700,망원2동,2978,1345,1633,9,391,760,880,636,302,1,148,383,376,239,198,8,243,377,504,397,104,1209563
2016,3,11440710,연남동,4197,2240,1957,12,900,1387,1018,587,293,4,332,735,618,349,202,8,568,652,400,238,91,641653
2016,3,11440720,성산1동,10252,7050,3202,29,1161,2069,2013,1605,3375,16,454,1214,1257,1060,3049,13,707,855,756,545,326,855779
2016,3,11440730,성산2동,8683,3699,4984,16,639,1381,1902,2884,1861,13,250,599,942,1148,747,3,389,782,960,1736,1114,1990923
2016,3,11440740,상암동,35646,21726,13920,122,9253,12536,8828,3587,1320,55,3522,7633,6681,2779,1056,67,5731,4903,2147,808,264,7646126
2016,3,11470510,목1동,15076,9480,5596,61,2447,4334,4352,2803,1079,15,1073,2625,3123,1947,697,46,1374,1709,1229,856,382,1572490
2016,3,11470520,목2동,2343,1228,1115,2,322,703,611,489,216,0,120,395,335,243,135,2,202,308,276,246,81,1021500
2016,3,11470530,목3동,1915,866,1049,7,211,405,481,450,361,4,64,191,221,190,196,3,147,214,260,260,165,533074
2016,3,11470540,목4동,1778,810,968,2,206,360,491,462,257,2,60,165,200,224,159,0,146,195,291,238,98,578170
2016,3,11470550,목5동,6369,2326,4043,9,1166,1679,1587,1244,684,2,225,504,556,599,440,7,941,1175,1031,645,244,2055129
2016,3,11470560,신월1동,2455,1483,972,5,183,441,727,762,337,4,66,257,428,480,248,1,117,184,299,282,89,625887
2016,3,11470570,신월2동,2170,1075,1095,4,204,393,618,620,331,2,76,175,266,344,212,2,128,218,352,276,119,608140
2016,3,11470580,신월3동,2574,1429,1145,1,203,484,682,810,394,1,66,243,330,484,305,0,137,241,352,326,89,932122
2016,3,11470590,신월4동,1898,1125,773,10,154,296,480,571,387,8,62,149,234,362,310,2,92,147,246,209,77,470224
2016,3,11470600,신월5동,2582,1518,1064,3,203,403,526,579,868,2,53,157,215,300,791,1,150,246,311,279,77,523363
2016,3,11470610,신월6동,1200,630,570,1,128,182,327,337,225,0,42,83,152,192,161,1,86,99,175,145,64,437027
2016,3,11470611,신월7동,3660,2437,1223,4,303,553,1015,1079,706,2,181,356,616,719,563,2,122,197,399,360,143,1403954
2016,3,11470620,신정1동,2737,1297,1440,2,260,606,747,689,433,0,89,292,368,311,237,2,171,314,379,378,196,722680
2016,3,11470630,신정2동,1804,738,1066,3,243,337,526,468,227,1,51,171,186,188,141,2,192,166,340,280,86,594999
2016,3,11470640,신정3동,5555,3115,2440,2,550,1012,1388,1494,1109,0,160,459,712,880,904,2,390,553,676,614,205,2650845
2016,3,11470650,신정4동,7546,3696,3850,17,900,1637,1905,1796,1291,7,264,818,959,818,830,10,636,819,946,978,461,996406
2016,3,11470670,신정6동,5244,2844,2400,17,540,1292,1420,1517,458,14,241,620,682,988,299,3,299,672,738,529,159,972556
2016,3,11470680,신정7동,2122,1013,1109,4,234,427,664,540,253,3,82,208,313,251,156,1,152,219,351,289,97,1144112
2016,3,11500510,염창동,11826,7238,4588,36,1859,3458,3183,2209,1081,16,765,2123,2103,1410,821,20,1094,1335,1080,799,260,1957926
2016,3,11500520,등촌1동,30014,12199,17815,71,4023,7616,10642,6587,1075,51,2191,4916,3148,1255,638,20,1832,2700,7494,5332,437,649434
2016,3,11500530,등촌2동,2275,1245,1030,6,247,514,600,587,321,4,69,237,337,359,239,2,178,277,263,228,82,908847
2016,3,11500535,등촌3동,18259,9445,8814,80,3129,3792,3885,4984,2389,62,1438,2278,2145,2120,1402,18,1691,1514,1740,2864,987,1049363
2016,3,11500540,화곡1동,4226,1969,2257,17,551,935,1134,1055,534,6,207,484,534,427,311,11,344,451,600,628,223,1194778
2016,3,11500550,화곡2동,1444,692,752,2,189,423,437,301,92,0,78,228,195,128,63,2,111,195,242,173,29,456061
2016,3,11500560,화곡3동,2416,1109,1307,8,265,433,631,751,328,3,98,245,296,280,187,5,167,188,335,471,141,515596
2016,3,11500570,화곡4동,1744,790,954,6,241,369,500,453,175,6,87,181,193,222,101,0,154,188,307,231,74,853460
2016,3,11500590,화곡본동,2314,871,1443,1,299,562,637,505,310,0,58,231,247,185,150,1,241,331,390,320,160,1007050
2016,3,11500591,화곡6동,9599,5808,3791,28,986,2230,2344,2457,1554,14,421,1292,1452,1621,1008,14,565,938,892,836,546,1034624
2016,3,11500593,화곡8동,1421,543,878,11,188,299,390,328,205,4,57,142,145,90,105,7,131,157,245,238,100,567208
2016,3,11500603,가양1동,10182,6730,3452,24,1440,2682,2760,2145,1131,15,788,1731,1833,1452,911,9,652,951,927,693,220,5908521
2016,3,11500604,가양2동,2226,1110,1116,7,327,515,463,420,494,5,108,243,211,169,374,2,219,272,252,251,120,996881
2016,3,11500605,가양3동,5268,3184,2084,20,893,1742,1421,854,338,5,404,1131,922,502,220,15,489,611,499,352,118,691403
2016,3,11500611,발산1동,6798,3756,3042,18,650,1368,1863,1925,974,10,192,664,988,1168,734,8,458,704,875,757,240,3032326
2016,3,11500615,우장산동,4092,1724,2368,48,642,903,1061,898,540,20,190,425,468,345,276,28,452,478,593,553,264,1268459
2016,3,11500620,공항동,40972,23999,16973,35,7681,12941,12240,6737,1338,16,1929,6035,8957,5920,1142,19,5752,6906,3283,817,196,11377979
2016,3,11500630,방화1동,7903,5340,2563,17,1081,1913,2138,2025,729,4,660,1390,1474,1366,446,13,421,523,664,659,283,1125789
2016,3,11500640,방화2동,4316,2529,1787,22,663,875,990,1072,694,14,289,500,548,664,514,8,374,375,442,408,180,5564098
2016,3,11500641,방화3동,3181,1723,1458,6,250,604,737,887,697,3,56,242,406,580,436,3,194,362,331,307,261,1964100
2016,3,11530510,신도림동,9571,5480,4091,23,1665,2897,2449,1753,784,6,640,1659,1464,1125,586,17,1025,1238,985,628,198,1312211
2016,3,11530520,구로1동,2380,1148,1232,3,236,570,563,395,613,1,105,349,304,199,190,2,131,221,259,196,423,1004193
2016,3,11530530,구로2동,26447,14506,11941,51,3960,8329,6769,5037,2301,30,1385,4155,3908,3344,1684,21,2575,4174,2861,1693,617,1807452
2016,3,11530540,구로3동,78491,48852,29639,324,17500,28478,18519,9213,4457,181,8026,19273,12877,5356,3139,143,9474,9205,5642,3857,1318,1033159
2016,3,11530550,구로4동,2949,1267,1682,12,340,607,843,658,489,4,101,256,348,253,305,8,239,351,495,405,184,538215
2016,3,11530560,구로5동,20557,11774,8783,69,4003,6207,4564,3447,2267,42,1802,3613,2945,2019,1353,27,2201,2594,1619,1428,914,1075552
2016,3,11530595,가리봉동,1467,637,830,0,205,259,359,361,283,0,86,136,144,137,134,0,119,123,215,224,149,415751
2016,3,11530720,고척1동,5889,3574,2315,13,597,1127,1513,1417,1222,5,262,634,859,899,915,8,335,493,654,518,307,1100132
2016,3,11530730,고척2동,2028,955,1073,8,262,451,595,496,216,4,111,224,241,232,143,4,151,227,354,264,73,1013917
2016,3,11530740,개봉1동,3107,1422,1685,7,368,589,836,863,444,4,119,295,371,372,261,3,249,294,465,491,183,1168155
2016,3,11530750,개봉2동,1336,549,787,6,190,271,400,281,188,3,42,107,152,137,108,3,148,164,248,144,80,825368
2016,3,11530760,개봉3동,3652,2018,1634,3,136,315,508,606,2084,3,40,110,187,267,1411,0,96,205,321,339,673,831642
2016,3,11530770,오류1동,3380,1383,1997,13,372,694,1063,826,412,6,115,310,392,289,271,7,257,384,671,537,141,707130
2016,3,11530780,오류2동,3965,2016,1949,10,422,887,1049,1011,586,7,104,438,497,540,430,3,318,449,552,471,156,4314692
2016,3,11530790,수궁동,4120,2618,1502,9,422,882,1055,1148,604,9,207,543,626,742,491,0,215,339,429,406,113,2684146
2016,3,11545510,가산동,134782,84751,50031,2459,31476,43081,32393,16796,8577,1093,15116,29191,22520,10611,6220,1366,16360,13890,9873,6185,2357,2245346
2016,3,11545610,독산1동,16496,10958,5538,59,2006,4085,4572,3955,1819,44,1141,2873,2962,2550,1388,15,865,1212,1610,1405,431,1956086
2016,3,11545620,독산2동,1438,702,736,0,167,269,409,350,243,0,50,113,191,191,157,0,117,156,218,159,86,596742
2016,3,11545630,독산3동,5067,3047,2020,12,439,795,971,1047,1803,6,145,348,413,538,1597,6,294,447,558,509,206,982894
2016,3,11545640,독산4동,1959,1088,871,1,267,429,555,420,287,0,135,256,302,214,181,1,132,173,253,206,106,605029
2016,3,11545670,시흥1동,8822,4294,4528,19,1500,2387,1996,1901,1019,10,638,1152,892,1021,581,9,862,1235,1104,880,438,1437595
2016,3,11545680,시흥2동,1402,433,969,4,150,322,330,397,199,0,22,85,97,128,101,4,128,237,233,269,98,1170211
2016,3,11545690,시흥3동,9374,5795,3579,15,680,1808,3024,2546,1301,5,357,1149,1756,1571,957,10,323,659,1268,975,344,1328458
2016,3,11545700,시흥4동,858,305,553,2,84,171,274,235,92,1,23,56,76,96,53,1,61,115,198,139,39,873884
2016,3,11545710,시흥5동,2023,1097,926,0,155,271,577,664,356,0,35,129,302,393,238,0,120,142,275,271,118,1368598
2016,3,11560515,영등포본동,2378,1088,1290,14,380,522,620,536,306,7,134,233,251,260,203,7,246,289,369,276,103,843586
2016,3,11560535,영등포동,22679,13803,8876,74,3416,6076,5524,4522,3067,25,1416,3712,3720,2908,2022,49,2000,2364,1804,1614,1045,1390482
2016,3,11560540,여의동,276738,183636,93102,1330,53717,104940,71963,34029,10759,534,23833,70851,55837,25701,6880,796,29884,34089,16126,8328,3879,6703511
2016,3,11560550,당산1동,14627,8458,6169,52,2200,3557,3252,3049,2517,19,814,1983,1960,1995,1687,33,1386,1574,1292,1054,830,746447
2016,3,11560560,당산2동,27562,14890,12672,102,5417,6913,6190,4844,4096,46,1970,3873,3513,2736,2752,56,3447,3040,2677,2108,1344,1526636
2016,3,11560585,도림동,2087,1323,764,7,195,417,515,507,446,4,85,253,337,325,319,3,110,164,178,182,127,539427
2016,3,11560605,문래동,43692,26776,16916,152,8640,13188,10604,6762,4346,80,4214,8269,6663,4278,3272,72,4426,4919,3941,2484,1074,1738475
2016,3,11560610,양평1동,17464,10155,7309,68,3334,4313,4102,3321,2326,38,1337,2716,2523,1933,1608,30,1997,1597,1579,1388,718,869573
2016,3,11560620,양평2동,33598,18169,15429,125,5959,12398,9859,4043,1214,59,2467,6936,5347,2432,928,66,3492,5462,4512,1611,286,2573400
2016,3,11560630,신길1동,4838,2584,2254,7,521,749,946,1380,1235,1,148,383,532,759,761,6,373,366,414,621,474,762886
2016,3,11560650,신길3동,1636,882,754,2,140,304,439,407,344,0,41,164,213,213,251,2,99,140,226,194,93,510335
2016,3,11560660,신길4동,1239,633,606,4,131,352,384,232,136,2,43,187,202,117,82,2,88,165,182,115,54,298738
2016,3,11560670,신길5동,1113,518,595,3,106,275,286,297,146,2,30,108,132,142,104,1,76,167,154,155,42,498387
2016,3,11560680,신길6동,2418,1137,1281,12,264,529,611,568,434,4,61,268,270,268,266,8,203,261,341,300,168,676005
2016,3,11560690,신길7동,2672,1663,1009,4,404,598,656,683,327,2,255,408,428,350,220,2,149,190,228,333,107,599547
2016,3,11560700,대림1동,2673,1057,1616,7,679,663,600,473,251,4,132,266,282,218,155,3,547,397,318,255,96,493503
2016,3,11560710,대림2동,2270,1017,1253,3,267,519,711,453,317,1,83,221,261,224,227,2,184,298,450,229,90,574495
2016,3,11560720,대림3동,7817,4460,3357,18,897,1699,2097,1923,1183,8,423,1076,1289,1017,647,10,474,623,808,906,536,933892
2016,3,11590510,노량진1동,4832,2873,1959,7,544,1166,1298,1174,643,6,211,706,853,689,408,1,333,460,445,485,235,1876800
2016,3,11590520,노량진2동,4247,2213,2034,9,590,1191,988,966,503,6,301,471,472,620,343,3,289,720,516,346,160,619921
2016,3,11590530,상도1동,4180,2065,2115,4,583,1075,1171,898,449,2,196,489,621,473,284,2,387,586,550,425,165,1492421
2016,3,11590540,상도2동,2547,1047,1500,4,288,523,772,642,318,1,86,212,337,262,149,3,202,311,435,380,169,771971
2016,3,11590550,상도3동,1235,503,732,2,149,301,325,304,154,0,44,115,128,124,92,2,105,186,197,180,62,662403
2016,3,11590560,상도4동,1777,667,1110,9,257,394,478,403,236,1,57,168,194,144,103,8,200,226,284,259,133,947172
2016,3,11590605,흑석동,5598,2599,2999,11,1056,1509,1452,1081,489,4,267,574,749,653,352,7,789,935,703,428,137,2062251
2016,3,11590620,사당1동,5039,2503,2536,23,1098,1331,1311,801,475,11,283,670,763,441,335,12,815,661,548,360,140,630335
2016,3,11590630,사당2동,2856,1308,1548,13,412,679,733,666,353,4,143,322,344,283,212,9,269,357,389,383,141,3064442
2016,3,11590640,사당3동,2347,1194,1153,8,261,440,538,527,573,3,83,209,254,260,385,5,178,231,284,267,188,898029
2016,3,11590650,사당4동,1208,637,571,0,114,232,285,298,279,0,30,104,134,160,209,0,84,128,151,138,70,431219
2016,3,11590651,사당5동,983,467,516,1,192,237,257,211,85,0,96,97,108,102,64,1,96,140,149,109,21,658780
2016,3,11590660,대방동,9912,5473,4439,44,1234,2750,2330,2064,1490,2,469,1702,1391,1077,832,42,765,1048,939,987,658,1591876
2016,3,11590670,신대방1동,3917,2482,1435,22,565,958,873,802,697,20,347,690,568,419,438,2,218,268,305,383,259,685547
2016,3,11590680,신대방2동,27392,14648,12744,163,4352,7087,6647,5979,3164,67,2285,4352,3413,2899,1632,96,2067,2735,3234,3080,1532,1024271
2016,3,11620525,보라매동,5164,2234,2930,3,623,1662,1844,704,328,1,187,625,839,375,207,2,436,1037,1005,329,121,758003
2016,3,11620545,청림동,598,240,358,1,112,131,153,120,81,0,31,49,50,52,58,1,81,82,103,68,23,305629
2016,3,11620565,성현동,1387,550,837,1,143,355,425,334,129,0,40,146,147,132,85,1,103,209,278,202,44,695625
2016,3,11620575,행운동,3478,1747,1731,22,626,923,847,644,416,11,220,513,450,305,248,11,406,410,397,339,168,739229
2016,3,11620585,낙성대동,11635,6332,5303,6,1573,3609,2760,2386,1301,1,562,1638,1567,1534,1030,5,1011,1971,1193,852,271,2341406
2016,3,11620595,청룡동,7512,4277,3235,21,891,1842,1986,1843,929,11,376,979,1103,1186,622,10,515,863,883,657,307,1186204
2016,3,11620605,은천동,3711,1688,2023,3,487,729,828,987,677,1,133,357,376,443,378,2,354,372,452,544,299,738181
2016,3,11620615,중앙동,1922,928,994,4,296,475,503,355,289,2,91,225,266,176,168,2,205,250,237,179,121,385136
2016,3,11620625,인헌동,2465,1197,1268,3,287,597,671,536,371,2,79,307,307,256,246,1,208,290,364,280,125,709688
2016,3,11620630,남현동,3667,2223,1444,11,750,927,979,661,339,6,348,578,647,405,239,5,402,349,332,256,100,4218667
2016,3,11620645,서원동,3939,1750,2189,23,715,817,765,814,805,7,259,359,336,341,448,16,456,458,429,473,357,642690
2016,3,11620655,신원동,1069,425,644,2,130,213,248,266,210,1,35,83,109,100,97,1,95,130,139,166,113,549115
2016,3,11620665,서림동,1514,908,606,5,120,250,368,454,317,3,38,136,207,272,252,2,82,114,161,182,65,981577
2016,3,11620685,신사동,2215,1162,1053,3,301,431,577,569,334,2,123,243,306,282,206,1,178,188,271,287,128,609167
2016,3,11620695,신림동,2353,1163,1190,9,386,503,581,510,364,4,119,289,290,229,232,5,267,214,291,281,132,507666
2016,3,11620715,난향동,1294,476,818,3,97,199,253,347,395,1,16,53,90,108,208,2,81,146,163,239,187,786985
2016,3,11620725,조원동,3951,2349,1602,4,456,883,1117,940,551,1,219,564,641,549,375,3,237,319,476,391,176,652569
2016,3,11620735,대학동,2175,1210,965,6,265,476,548,591,289,3,98,240,305,355,209,3,167,236,243,236,80,8107585
2016,3,11620745,삼성동,1028,438,590,4,139,210,236,269,170,3,21,79,84,137,114,1,118,131,152,132,56,2591742
2016,3,11620765,미성동,3290,1632,1658,4,381,557,856,827,665,2,104,232,428,449,417,2,277,325,428,378,248,1355300
2016,3,11620775,난곡동,1063,425,638,1,144,246,290,278,104,0,26,96,107,133,63,1,118,150,183,145,41,982294
2016,3,11650510,서초1동,38249,20914,17335,165,9307,11704,8966,5410,2697,69,3663,7114,5368,2816,1884,96,5644,4590,3598,2594,813,1383210
2016,3,11650520,서초2동,48620,32956,15664,122,8347,15607,12957,7647,3940,59,4278,10587,9722,5512,2798,63,4069,5020,3235,2135,1142,1229759
2016,3,11650530,서초3동,74140,43231,30909,257,13213,22902,20138,11530,6100,104,4948,12976,13100,7547,4556,153,8265,9926,7038,3983,1544,3027494
2016,3,11650531,서초4동,25995,13299,12696,82,6846,9485,5418,2572,1592,22,2101,5096,3444,1568,1068,60,4745,4389,1974,1004,524,882770
2016,3,11650540,잠원동,19410,12334,7076,83,3726,6633,4899,2394,1675,34,1436,4394,3642,1625,1203,49,2290,2239,1257,769,472,1840832
2016,3,11650550,반포본동,1409,759,650,2,178,320,362,343,204,1,75,156,178,221,128,1,103,164,184,122,76,1491264
2016,3,11650560,반포1동,7341,4213,3128,18,1486,2515,1612,1002,708,7,623,1469,1081,594,439,11,863,1046,531,408,269,1000549
2016,3,11650570,반포2동,2012,1060,952,19,353,534,531,369,206,4,113,259,307,229,148,15,240,275,224,140,58,1258050
2016,3,11650580,반포3동,8688,4005,4683,53,1587,2491,1884,1542,1131,21,770,1193,989,529,503,32,817,1298,895,1013,628,1325140
2016,3,11650581,반포4동,35548,14709,20839,139,9476,11118,7933,4494,2388,46,2476,4838,3913,2081,1355,93,7000,6280,4020,2413,1033,1416005
2016,3,11650590,방배본동,7488,3848,3640,11,1185,1963,1723,1557,1049,4,478,1193,946,597,630,7,707,770,777,960,419,660469
2016,3,11650600,방배1동,11553,5985,5568,37,2619,3783,2761,1417,936,13,946,2163,1559,690,614,24,1673,1620,1202,727,322,691215
2016,3,11650610,방배2동,21537,15570,5967,40,1887,3735,6774,7192,1909,24,884,2530,5144,5507,1481,16,1003,1205,1630,1685,428,1901725
2016,3,11650620,방배3동,9827,6138,3689,45,1722,2758,2204,1653,1445,11,713,1660,1530,1112,1112,34,1009,1098,674,541,333,2411856
2016,3,11650621,방배4동,12324,6515,5809,50,2339,3448,3207,2075,1205,12,837,1962,1746,1125,833,38,1502,1486,1461,950,372,954529
2016,3,11650651,양재1동,34878,20255,14623,127,5979,10506,8708,5626,3932,57,2636,6394,5267,3350,2551,70,3343,4112,3441,2276,1381,5711370
2016,3,11650652,양재2동,120399,99092,21307,417,14440,29247,36554,35741,4000,188,9620,23564,30819,32036,2865,229,4820,5683,5735,3705,1135,7516954
2016,3,11650660,내곡동,5871,3839,2032,14,719,1625,1537,1309,667,10,288,1035,1074,979,453,4,431,590,463,330,214,13190710
2016,3,11680510,신사동,23852,11007,12845,127,6982,7906,4790,2460,1587,40,2037,3959,2664,1276,1031,87,4945,3947,2126,1184,556,1736994
2016,3,11680521,논현1동,41964,22278,19686,162,10631,14342,9024,4831,2974,72,3499,7962,5810,2829,2106,90,7132,6380,3214,2002,868,1254345
2016,3,11680531,논현2동,64003,35210,28793,231,14648,22070,14255,7513,5286,64,4781,12087,9501,5193,3584,167,9867,9983,4754,2320,1702,1445565
2016,3,11680545,압구정동,33227,14418,18809,311,10127,10961,6236,3441,2151,98,3185,5131,3229,1613,1162,213,6942,5830,3007,1828,989,2520945
2016,3,11680565,청담동,44213,21302,22911,187,12219,15541,9283,4307,2676,31,3537,7735,5673,2584,1742,156,8682,7806,3610,1723,934,2384707
2016,3,11680580,삼성1동,88131,53819,34312,391,20582,31788,18991,10374,6005,169,9159,20236,13814,6560,3881,222,11423,11552,5177,3814,2124,1926134
2016,3,11680590,삼성2동,54261,26841,27420,212,15396,16873,11250,7194,3336,84,5560,9746,6100,3306,2045,128,9836,7127,5150,3888,1291,1247821
2016,3,11680600,대치1동,3386,1469,1917,35,616,946,820,601,368,7,149,352,413,296,252,28,467,594,407,305,116,795761
2016,3,11680610,대치2동,60207,35827,24380,255,11952,20128,14509,8292,5071,75,4492,12739,10147,5133,3241,180,7460,7389,4362,3159,1830,2043875
2016,3,11680630,대치4동,30144,17747,12397,184,5894,10697,7887,3665,1817,23,2274,6466,5259,2482,1243,161,3620,4231,2628,1183,574,717795
2016,3,11680640,역삼1동,181528,106058,75470,886,38248,60574,44711,25142,11967,459,15304,37087,31003,14971,7234,427,22944,23487,13708,10171,4733,2360116
2016,3,11680650,역삼2동,47663,26474,21189,261,11656,14640,10986,6398,3722,101,4286,8392,7195,4114,2386,160,7370,6248,3791,2284,1336,1127531
2016,3,11680655,도곡1동,21386,8789,12597,162,4053,5553,7029,3431,1158,82,1656,2693,2194,1361,803,80,2397,2860,4835,2070,355,1022697
2016,3,11680656,도곡2동,19143,10970,8173,72,3374,5801,4476,2607,2813,36,1326,3299,3111,1699,1499,36,2048,2502,1365,908,1314,1025651
2016,3,11680660,개포1동,1210,737,473,3,151,323,247,246,240,1,63,185,134,161,193,2,88,138,113,85,47,973078
2016,3,11680670,개포2동,2568,1266,1302,10,253,464,654,765,422,5,70,188,327,404,272,5,183,276,327,361,150,2371826
2016,3,11680690,개포4동,10202,6337,3865,30,1313,2605,2715,2075,1464,18,595,1688,1732,1245,1059,12,718,917,983,830,405,1561449
2016,3,11680700,세곡동,4034,1976,2058,2,515,898,985,1003,631,0,155,403,409,541,468,2,360,495,576,462,163,5894759
2016,3,11680720,일원본동,7465,1909,5556,17,2170,3013,1432,647,186,1,313,704,462,291,138,16,1857,2309,970,356,48,2381558
2016,3,11680730,일원1동,3218,1852,1366,4,383,669,688,813,661,2,197,395,418,463,377,2,186,274,270,350,284,947888
2016,3,11680740,일원2동,12887,10076,2811,100,3760,4142,2523,1719,643,70,3032,3453,1924,1214,383,30,728,689,599,505,260,1043911
2016,3,11680750,수서동,18088,8877,9211,67,2809,5519,4840,3026,1827,33,1043,2710,2211,1502,1378,34,1766,2809,2629,1524,449,1648393
2016,3,11710510,풍납1동,1359,622,737,2,121,296,382,340,218,0,38,121,156,169,138,2,83,175,226,171,80,1057487
2016,3,11710520,풍납2동,13018,4192,8826,10,3191,4539,3234,1529,515,3,574,1181,1229,829,376,7,2617,3358,2005,700,139,1999222
2016,3,11710531,거여1동,3759,2737,1022,18,955,1035,864,543,344,15,818,800,601,293,210,3,137,235,263,250,134,512307
2016,3,11710532,거여2동,2205,814,1391,0,268,404,605,609,319,0,79,180,227,183,145,0,189,224,378,426,174,510046
2016,3,11710540,마천1동,1081,502,579,2,118,193,324,265,179,1,38,83,138,140,102,1,80,110,186,125,77,504704
2016,3,11710550,마천2동,3123,1722,1401,2,312,659,831,891,428,2,134,380,452,466,288,0,178,279,379,425,140,936181
2016,3,11710561,방이1동,6376,3890,2486,17,740,1388,1390,1275,1566,4,272,777,819,794,1224,13,468,611,571,481,342,581968
2016,3,11710562,방이2동,18069,10281,7788,54,2490,4723,4502,3867,2433,34,1265,3002,2596,1879,1505,20,1225,1721,1906,1988,928,763928
2016,3,11710566,오륜동,3105,1811,1294,5,382,872,819,807,220,2,160,480,490,508,171,3,222,392,329,299,49,3150411
2016,3,11710570,오금동,13277,8054,5223,26,1162,2647,2684,2679,4079,13,511,1690,1666,1482,2692,13,651,957,1018,1197,1387,1691111
2016,3,11710580,송파1동,7082,4282,2800,29,976,1679,1737,1534,1127,19,501,1077,1065,878,742,10,475,602,672,656,385,683881
2016,3,11710590,송파2동,5438,2716,2722,30,1144,1618,1232,1007,407,11,381,882,721,445,276,19,763,736,511,562,131,636016
2016,3,11710600,석촌동,10379,6150,4229,33,1911,2888,2409,1821,1317,15,765,1911,1523,1049,887,18,1146,977,886,772,430,943819
2016,3,11710610,삼전동,7583,4735,2848,14,890,1676,1778,1613,1612,7,387,1066,1052,891,1332,7,503,610,726,722,280,992437
2016,3,11710620,가락본동,27417,16324,11093,89,4234,7183,6882,5487,3542,48,1910,4324,4433,3169,2440,41,2324,2859,2449,2318,1102,1024764
2016,3,11710631,가락1동,9121,6540,2581,11,499,1708,2759,2616,1528,3,357,1377,2058,1676,1069,8,142,331,701,940,459,1357317
2016,3,11710632,가락2동,7786,4335,3451,40,1026,1971,2096,1728,925,23,460,1166,1141,870,675,17,566,805,955,858,250,934057
2016,3,11710641,문정1동,5391,3356,2035,14,617,1246,1442,1092,980,3,281,764,935,656,717,11,336,482,507,436,263,604321
2016,3,11710642,문정2동,11532,7650,3882,55,1620,3333,3159,2108,1257,27,808,2282,2179,1384,970,28,812,1051,980,724,287,2387651
2016,3,11710646,장지동,8557,5710,2847,18,712,1523,2262,2324,1718,7,326,928,1472,1655,1322,11,386,595,790,669,396,1295680
2016,3,11710647,위례동,1573,1124,449,2,72,232,492,622,153,2,21,114,353,502,132,0,51,118,139,120,21,2626871
2016,3,11710650,잠실본동,13780,7765,6015,38,2309,3431,3306,2653,2043,14,869,1892,2000,1613,1377,24,1440,1539,1306,1040,666,1136161
2016,3,11710670,잠실2동,3223,1808,1415,7,532,925,900,638,221,2,265,524,509,341,167,5,267,401,391,297,54,2886358
2016,3,11710680,잠실3동,4531,1953,2578,101,1540,889,974,760,267,24,594,414,408,396,117,77,946,475,566,364,150,1506573
2016,3,11710690,잠실4동,1187,568,619,2,149,229,349,315,143,1,33,96,144,184,110,1,116,133,205,131,33,838370
2016,3,11710710,잠실6동,62701,34087,28614,166,11044,19302,19397,10821,1971,89,5349,13104,10326,3919,1300,77,5695,6198,9071,6902,671,1403041
2016,3,11710720,잠실7동,629,290,339,0,49,141,159,182,98,0,14,65,65,83,63,0,35,76,94,99,35,675008
2016,3,11740515,강일동,13223,10444,2779,4,2053,5296,3096,2021,753,2,1312,4281,2506,1684,659,2,741,1015,590,337,94,3722759
2016,3,11740520,상일동,3345,1425,1920,4,557,997,755,732,300,4,127,347,338,400,209,0,430,650,417,332,91,1801282
2016,3,11740530,명일1동,2919,1154,1765,4,351,489,700,761,614,3,102,221,289,251,288,1,249,268,411,510,326,630284
2016,3,11740540,명일2동,2270,1037,1233,0,288,513,564,610,295,0,73,224,241,308,191,0,215,289,323,302,104,920946
2016,3,11740550,고덕1동,1195,506,689,3,140,261,321,289,181,1,38,108,141,123,95,2,102,153,180,166,86,1906565
2016,3,11740560,고덕2동,1277,607,670,0,90,232,334,444,177,0,29,106,141,224,107,0,61,126,193,220,70,2408099
2016,3,11740570,암사1동,2171,1099,1072,3,246,468,576,515,363,1,93,233,284,265,223,2,153,235,292,250,140,738366
2016,3,11740580,암사2동,2466,1055,1411,7,376,545,654,623,261,3,135,229,263,243,182,4,241,316,391,380,79,2337773
2016,3,11740590,암사3동,1087,478,609,3,144,264,273,316,87,2,39,115,100,160,62,1,105,149,173,156,25,1843902
2016,3,11740600,천호1동,2743,1279,1464,11,314,599,673,675,471,4,92,300,318,302,263,7,222,299,355,373,208,669571
2016,3,11740610,천호2동,7599,3876,3723,25,1122,1817,1817,1609,1209,11,421,950,952,761,781,14,701,867,865,848,428,1828343
2016,3,11740620,천호3동,4035,2290,1745,7,484,982,970,899,693,1,176,596,581,504,432,6,308,386,389,395,261,569450
2016,3,11740640,성내1동,13411,8313,5098,19,1620,3444,3561,3038,1729,8,704,2034,2168,2093,1306,11,916,1410,1393,945,423,658437
2016,3,11740650,성내2동,3488,1843,1645,8,541,787,818,791,543,1,230,406,425,402,379,7,311,381,393,389,164,624632
2016,3,11740660,성내3동,6010,3374,2636,15,813,1590,1427,1207,958,7,359,961,846,633,568,8,454,629,581,574,390,641973
2016,3,11740685,길동,9825,5151,4674,8,1503,2461,2386,2001,1466,4,519,1297,1364,995,972,4,984,1164,1022,1006,494,1590598
2016,3,11740690,둔촌1동,880,517,363,0,73,150,199,223,235,0,34,67,88,121,207,0,39,83,111,102,28,897261
2016,3,11740700,둔촌2동,6180,2965,3215,10,1095,1759,1499,1237,580,3,326,848,724,682,382,7,769,911,775,555,198,1592001
2016,4,11110515,청운효자동,6444,3921,2523,6,1398,2155,1529,1016,340,3,751,1403,957,591,216,3,647,752,572,425,124,2429899
2016,4,11110530,사직동,70246,42031,28215,158,11607,22009,18823,11699,5950,33,4163,12667,13632,8060,3476,125,7444,9342,5191,3639,2474,1161995
2016,4,11110540,삼청동,3904,2085,1819,19,724,1208,1007,731,215,8,235,665,628,435,114,11,489,543,379,296,101,1391632
2016,4,11110550,부암동,3012,1535,1477,5,650,784,801,547,225,2,206,404,505,284,134,3,444,380,296,263,91,2221363
2016,4,11110560,평창동,2473,1178,1295,4,327,603,580,601,358,1,112,272,312,277,204,3,215,331,268,324,154,8346900
2016,4,11110570,무악동,686,211,475,0,147,172,175,117,75,0,14,38,62,42,55,0,133,134,113,75,20,453220
2016,4,11110580,교남동,4042,1461,2581,1,1119,1294,832,532,264,0,185,414,382,302,178,1,934,880,450,230,86,355267
2016,4,11110600,가회동,18191,15017,3174,33,2859,7085,5090,2491,633,22,1918,5791,4544,2221,521,11,941,1294,546,270,112,565302
2016,4,11110615,종로1.2.3.4가동,149719,89191,60528,3611,29578,46352,40230,22529,7419,1663,12787,26123,27077,16426,5115,1948,16791,20229,13153,6103,2304,2430999
2016,4,11110630,종로5.6가동,21538,14062,7476,561,3738,6589,5757,3497,1396,179,1859,4489,4122,2466,947,382,1879,2100,1635,1031,449,599631
2016,4,11110640,이화동,16534,6080,10454,84,4283,5714,3494,2271,688,21,1027,1871,1555,1149,457,63,3256,3843,1939,1122,231,747067
2016,4,11110650,혜화동,4847,2542,2305,11,785,1247,1223,992,589,2,275,606,693,580,386,9,510,641,530,412,203,1161303
2016,4,11110670,창신1동,2799,1217,1582,17,403,773,787,504,315,5,135,336,313,237,191,12,268,437,474,267,124,297271
2016,4,11110680,창신2동,617,233,384,0,78,117,148,181,93,0,10,53,61,71,38,0,68,64,87,110,55,257188
2016,4,11110690,창신3동,392,192,200,0,36,80,102,118,56,0,12,27,48,61,44,0,24,53,54,57,12,216230
2016,4,11110700,숭인1동,647,290,357,4,81,139,180,166,77,0,31,61,82,73,43,4,50,78,98,93,34,236777
2016,4,11110710,숭인2동,3037,1668,1369,11,433,639,718,662,574,2,177,358,408,348,375,9,256,281,310,314,199,359384
2016,4,11140520,소공동,132026,76610,55416,772,30508,43003,36306,18308,3129,259,10628,23194,25465,14742,2322,513,19880,19809,10841,3566,807,918284
2016,4,11140540,회현동,65910,39747,26163,377,12481,23364,18348,9189,2151,149,6152,13515,11804,6619,1508,228,6329,9849,6544,2570,643,909465
2016,4,11140550,명동,171518,88872,82646,1113,34371,60323,47540,22856,5315,266,11494,26671,29188,17640,3613,847,22877,33652,18352,5216,1702,993909
2016,4,11140570,필동,23193,11279,11914,197,4256,6222,6419,4337,1762,85,1365,3281,3353,2087,1108,112,2891,2941,3066,2250,654,1458582
2016,4,11140580,장충동,10616,5790,4826,41,2721,3283,2755,1393,423,13,1034,1896,1699,856,292,28,1687,1387,1056,537,131,1013897
2016,4,11140590,광희동,43811,22510,21301,1296,11995,11640,9775,6706,2399,577,5281,6720,5287,3142,1503,719,6714,4920,4488,3564,896,745387
2016,4,11140605,을지로동,20210,12831,7379,71,2633,5110,5741,4233,2422,28,1123,3100,3845,2921,1814,43,1510,2010,1896,1312,608,612013
2016,4,11140615,신당동,12848,7010,5838,50,2757,4457,2949,1790,845,15,1346,2378,1712,1051,508,35,1411,2079,1237,739,337,536647
2016,4,11140625,다산동,8565,3810,4755,115,2658,1938,1536,1483,835,47,957,1011,817,606,372,68,1701,927,719,877,463,532721
2016,4,11140635,약수동,2580,1171,1409,13,439,686,625,460,357,2,123,336,282,217,211,11,316,350,343,243,146,509395
2016,4,11140645,청구동,3212,1993,1219,6,624,948,765,451,418,3,291,655,499,261,284,3,333,293,266,190,134,345114
2016,4,11140650,신당5동,1679,749,930,6,210,394,461,399,209,1,59,166,230,171,122,5,151,228,231,228,87,310367
2016,4,11140665,동화동,2628,1276,1352,22,695,706,584,462,159,5,249,406,301,213,102,17,446,300,283,249,57,330049
2016,4,11140670,황학동,4077,2505,1572,16,575,841,892,987,766,2,257,559,621,567,499,14,318,282,271,420,267,327694
2016,4,11140680,중림동,7195,3953,3242,10,1431,2056,1850,1209,639,1,502,1030,1169,834,417,9,929,1026,681,375,222,487576
2016,4,11170510,후암동,4208,1626,2582,5,441,713,978,1452,619,3,153,384,463,417,206,2,288,329,515,1035,413,868399
2016,4,11170520,용산2가동,3121,2087,1034,1,221,890,1173,691,145,1,88,535,889,490,84,0,133,355,284,201,61,2047347
2016,4,11170530,남영동,27013,15041,11972,1193,8042,7764,5526,3148,1340,449,3495,4666,3685,1927,819,744,4547,3098,1841,1221,521,735947
2016,4,11170555,청파동,8266,4400,3866,23,1217,2021,1821,1810,1374,22,389,933,993,982,1081,1,828,1088,828,828,293,867676
2016,4,11170560,원효로1동,13994,7333,6661,104,3325,5179,3351,1328,707,59,1401,2765,1823,839,446,45,1924,2414,1528,489,261,589294
2016,4,11170570,원효로2동,6266,4232,2034,45,676,1622,1371,1343,1209,32,367,1165,990,857,821,13,309,457,381,486,388,915567
2016,4,11170580,효창동,2187,1170,1017,3,254,573,566,560,231,0,64,305,340,310,151,3,190,268,226,250,80,470670
2016,4,11170590,용문동,923,493,430,2,122,260,265,181,93,2,46,152,147,95,51,0,76,108,118,86,42,289284
2016,4,11170625,한강로동,56534,34211,22323,409,12137,18240,15232,7403,3113,196,5549,10996,10221,5105,2144,213,6588,7244,5011,2298,969,3358956
2016,4,11170630,이촌1동,2045,931,1114,5,308,489,489,394,360,1,101,177,208,185,259,4,207,312,281,209,101,2143668
2016,4,11170640,이촌2동,411,251,160,0,58,100,88,94,71,0,29,72,56,53,41,0,29,28,32,41,30,1191110
2016,4,11170650,이태원1동,5483,3192,2291,36,1205,1471,1131,1004,636,25,649,876,595,643,404,11,556,595,536,361,232,579369
2016,4,11170660,이태원2동,2420,1366,1054,12,495,677,495,376,365,4,251,401,280,198,232,8,244,276,215,178,133,879018
2016,4,11170685,한남동,15432,8224,7208,80,3900,5265,3360,1727,1100,40,1521,2975,2060,979,649,40,2379,2290,1300,748,451,3198883
2016,4,11170690,서빙고동,4993,2772,2221,46,980,1536,1321,714,396,6,346,804,788,501,327,40,634,732,533,213,69,2198117
2016,4,11170700,보광동,900,512,388,3,86,182,241,229,159,0,26,94,137,145,110,3,60,88,104,84,49,890496
2016,4,11200520,왕십리2동,1156,518,638,8,164,256,313,257,158,3,40,98,141,133,103,5,124,158,172,124,55,385254
2016,4,11200535,왕십리도선동,8296,4057,4239,42,1522,2089,2268,1562,813,14,564,1083,1098,807,491,28,958,1006,1170,755,322,718816
2016,4,11200540,마장동,10903,7374,3529,25,1066,2359,2906,3110,1437,15,612,1590,2025,2100,1032,10,454,769,881,1010,405,1082999
2016,4,11200550,사근동,7492,3660,3832,11,1493,1905,2090,1513,480,6,413,861,1049,961,370,5,1080,1044,1041,552,110,1182945
2016,4,11200560,행당1동,5753,3194,2559,53,842,1337,1413,1439,669,29,296,589,783,1016,481,24,546,748,630,423,188,552563
2016,4,11200570,행당2동,888,270,618,0,86,231,252,203,116,0,18,48,66,72,66,0,68,183,186,131,50,457197
2016,4,11200580,응봉동,442,169,273,0,54,91,112,110,75,0,11,28,32,37,61,0,43,63,80,73,14,547736
2016,4,11200590,금호1가동,947,435,512,2,158,243,226,190,128,1,37,100,100,97,100,1,121,143,126,93,28,441318
2016,4,11200615,금호2.3가동,1058,397,661,1,151,240,243,261,162,0,29,100,91,90,87,1,122,140,152,171,75,638261
2016,4,11200620,금호4가동,811,291,520,1,101,217,201,188,103,1,25,80,68,63,54,0,76,137,133,125,49,935263
2016,4,11200645,옥수동,1879,828,1051,11,379,451,481,360,197,3,116,177,224,176,132,8,263,274,257,184,65,1239152
2016,4,11200650,성수1가1동,6018,3724,2294,23,920,1636,1564,1343,532,8,407,1007,972,908,422,15,513,629,592,435,110,2248463
2016,4,11200660,성수1가2동,16593,10107,6486,125,3926,5114,3517,2478,1433,49,1653,3242,2360,1707,1096,76,2273,1872,1157,771,337,984783
2016,4,11200670,성수2가1동,47281,20890,26391,228,8066,12580,16159,9226,1022,153,4669,8201,5219,1923,725,75,3397,4379,10940,7303,297,1126355
2016,4,11200690,성수2가3동,40518,24486,16032,282,8116,11452,10395,6877,3396,159,3732,7412,6379,4187,2617,123,4384,4040,4016,2690,779,1050781
2016,4,11200720,송정동,1744,1045,699,10,281,458,474,333,188,2,149,265,249,238,142,8,132,193,225,95,46,584812
2016,4,11200790,용답동,18781,13528,5253,97,1887,3823,6807,4234,1933,50,1084,2863,5607,2848,1076,47,803,960,1200,1386,857,2379362
2016,4,11215710,화양동,5960,2562,3398,51,1509,1750,1125,913,612,12,477,761,532,400,380,39,1032,989,593,513,232,1124376
2016,4,11215730,군자동,6620,3491,3129,33,1387,1632,1772,1311,485,18,542,962,968,679,322,15,845,670,804,632,163,733236
2016,4,11215740,중곡1동,4297,2547,1750,7,490,908,1028,899,965,4,182,494,578,524,765,3,308,414,450,375,200,602769
2016,4,11215750,중곡2동,3902,1945,1957,12,490,821,1038,980,561,7,199,425,494,489,331,5,291,396,544,491,230,544807
2016,4,11215760,중곡3동,2273,1172,1101,7,362,543,533,525,303,5,131,293,257,298,188,2,231,250,276,227,115,600824
2016,4,11215770,중곡4동,2865,1504,1361,5,326,650,789,764,331,4,102,297,413,444,244,1,224,353,376,320,87,2295463
2016,4,11215780,능동,3157,1592,1565,19,544,889,770,601,334,9,188,456,430,277,232,10,356,433,340,324,102,1094134
2016,4,11215810,광장동,8177,4288,3889,68,1521,2455,2058,1438,637,27,528,1274,1230,762,467,41,993,1181,828,676,170,2889609
2016,4,11215820,자양1동,9468,5768,3700,29,1234,2027,2353,2343,1482,15,420,998,1450,1712,1173,14,814,1029,903,631,309,621606
2016,4,11215830,자양2동,7135,4872,2263,7,705,1724,2466,1743,490,6,409,1161,1824,1128,344,1,296,563,642,615,146,1630926
2016,4,11215840,자양3동,3314,1554,1760,24,502,826,785,714,463,11,190,408,358,313,274,13,312,418,427,401,189,1145609
2016,4,11215847,자양4동,2948,1711,1237,11,526,728,765,553,365,6,245,449,434,307,270,5,281,279,331,246,95,1148618
2016,4,11215850,구의1동,4607,2824,1783,17,564,1211,1281,1064,470,10,262,748,820,694,290,7,302,463,461,370,180,553095
2016,4,11215860,구의2동,3426,1889,1537,43,448,689,856,865,525,10,193,345,484,503,354,33,255,344,372,362,171,1363952
2016,4,11215870,구의3동,13443,7962,5481,65,1563,3007,3493,3235,2080,33,796,1938,2158,1720,1317,32,767,1069,1335,1515,763,1453971
2016,4,11230536,용신동,27581,15096,12485,221,4498,7001,7116,5251,3494,102,1820,4083,3929,3067,2095,119,2678,2918,3187,2184,1399,1590771
2016,4,11230545,제기동,5696,3247,2449,26,704,1213,1519,1362,872,6,300,714,881,756,590,20,404,499,638,606,282,1184853
2016,4,11230560,전농1동,2766,1366,1400,28,398,587,743,653,357,12,156,310,392,304,192,16,242,277,351,349,165,1140490
2016,4,11230570,전농2동,3405,1744,1661,3,392,905,942,829,334,1,114,366,483,519,261,2,278,539,459,310,73,983768
2016,4,11230600,답십리1동,6119,3485,2634,33,1150,1498,1535,1150,753,11,663,981,788,540,502,22,487,517,747,610,251,838156
2016,4,11230610,답십리2동,3529,2110,1419,8,411,807,956,800,547,5,191,503,590,482,339,3,220,304,366,318,208,814945
2016,4,11230650,장안1동,13872,8144,5728,73,1920,3184,3356,2988,2351,32,829,1789,2022,1810,1662,41,1091,1395,1334,1178,689,1360347
2016,4,11230660,장안2동,6655,3348,3307,34,1052,1504,1758,1541,766,15,399,795,888,775,476,19,653,709,870,766,290,1119438
2016,4,11230705,청량리동,5838,3297,2541,37,960,1480,1320,1277,764,20,419,856,788,739,475,17,541,624,532,538,289,1197287
2016,4,11230710,회기동,3836,1408,2428,23,864,1284,879,628,158,10,220,535,326,242,75,13,644,749,553,386,83,829432
2016,4,11230720,휘경1동,1568,839,729,3,215,317,376,323,334,0,74,182,203,168,212,3,141,135,173,155,122,519932
2016,4,11230730,휘경2동,4121,1650,2471,15,794,1023,1069,858,362,3,197,423,465,369,193,12,597,600,604,489,169,1207585
2016,4,11230740,이문1동,5366,2911,2455,9,691,1349,1601,1231,485,1,191,550,935,847,387,8,500,799,666,384,98,986690
2016,4,11230750,이문2동,954,477,477,8,117,163,273,250,143,3,26,64,121,156,107,5,91,99,152,94,36,698476
2016,4,11260520,면목2동,2482,1246,1236,7,268,476,678,671,382,2,72,217,334,359,262,5,196,259,344,312,120,743106
2016,4,11260540,면목4동,1721,1020,701,7,157,293,479,581,204,7,56,132,277,403,145,0,101,161,202,178,59,821882
2016,4,11260550,면목5동,1047,701,346,1,84,165,281,317,199,1,37,93,169,237,164,0,47,72,112,80,35,591696
2016,4,11260565,면목본동,2363,1015,1348,5,278,432,649,658,341,2,65,194,292,275,187,3,213,238,357,383,154,840931
2016,4,11260570,면목7동,1372,660,712,3,182,242,358,353,234,0,37,99,171,189,164,3,145,143,187,164,70,1202721
2016,4,11260575,면목3.8동,3817,2098,1719,9,509,772,1009,1038,480,5,136,339,561,698,359,4,373,433,448,340,121,1591050
2016,4,11260580,상봉1동,3137,1768,1369,13,316,513,732,946,617,8,97,230,344,614,475,5,219,283,388,332,142,917193
2016,4,11260590,상봉2동,8341,4906,3435,32,1112,1915,2561,1903,818,12,573,1343,1393,1040,545,20,539,572,1168,863,273,658991
2016,4,11260600,중화1동,1655,628,1027,7,233,356,530,371,158,3,50,130,196,159,90,4,183,226,334,212,68,637209
2016,4,11260610,중화2동,4346,3001,1345,13,293,508,743,733,2056,7,113,283,398,389,1811,6,180,225,345,344,245,960402
2016,4,11260620,묵1동,3144,1440,1704,1,391,770,899,766,317,1,125,376,393,336,209,0,266,394,506,430,108,1184393
2016,4,11260630,묵2동,1755,892,863,4,234,395,508,428,186,3,82,200,256,233,118,1,152,195,252,195,68,682005
2016,4,11260655,망우본동,5551,2731,2820,18,772,1159,1375,1403,824,8,225,476,660,768,594,10,547,683,715,635,230,3074745
2016,4,11260660,망우3동,1644,784,860,6,186,309,417,469,257,4,55,146,179,229,171,2,131,163,238,240,86,967313
2016,4,11260680,신내1동,6192,3191,3001,13,983,1393,1520,1615,668,8,281,730,788,942,442,5,702,663,732,673,226,2361684
2016,4,11260690,신내2동,3889,1879,2010,6,368,931,1075,1040,469,4,98,401,469,641,266,2,270,530,606,399,203,939758
2016,4,11290525,성북동,2911,1329,1582,9,485,879,805,505,228,3,156,381,375,277,137,6,329,498,430,228,91,3067396
2016,4,11290555,삼선동,8901,4490,4411,32,1189,1883,2296,2414,1087,18,423,853,1221,1407,568,14,766,1030,1075,1007,519,1177823
2016,4,11290575,동선동,5908,2492,3416,45,1086,1164,1251,1064,1298,22,290,541,617,465,557,23,796,623,634,599,741,729672
2016,4,11290580,돈암1동,916,336,580,7,102,227,271,205,104,4,24,79,94,77,58,3,78,148,177,128,46,461503
2016,4,11290590,돈암2동,628,192,436,0,121,199,163,97,48,0,21,74,48,24,25,0,100,125,115,73,23,414465
2016,4,11290600,안암동,7648,3803,3845,27,1618,2138,1996,1367,502,9,433,960,1194,874,333,18,1185,1178,802,493,169,1295307
2016,4,11290610,보문동,3325,1795,1530,16,373,612,715,717,892,4,126,322,379,366,598,12,247,290,336,351,294,551172
2016,4,11290620,정릉1동,1119,456,663,5,149,238,324,261,142,3,27,98,129,116,83,2,122,140,195,145,59,475568
2016,4,11290630,정릉2동,1471,684,787,5,208,285,414,374,185,2,70,109,188,192,123,3,138,176,226,182,62,1165255
2016,4,11290640,정릉3동,2863,1691,1172,5,373,564,909,718,294,3,134,257,557,515,225,2,239,307,352,203,69,3182234
2016,4,11290650,정릉4동,2706,1692,1014,3,245,426,719,886,427,2,48,215,472,624,331,1,197,211,247,262,96,3714207
2016,4,11290660,길음1동,2134,737,1397,12,317,432,585,408,380,5,56,134,185,152,205,7,261,298,400,256,175,753885
2016,4,11290685,길음2동,1219,489,730,8,253,292,301,237,128,3,74,116,127,97,72,5,179,176,174,140,56,423663
2016,4,11290705,종암동,3565,1764,1801,10,535,868,991,854,307,1,192,442,492,462,175,9,343,426,499,392,132,1494677
2016,4,11290715,월곡1동,4234,2148,2086,14,473,874,1105,960,808,3,167,438,525,474,541,11,306,436,580,486,267,974658
2016,4,11290725,월곡2동,4759,2563,2196,8,767,1303,1227,942,512,5,274,760,698,530,296,3,493,543,529,412,216,1330228
2016,4,11290760,장위1동,909,350,559,2,78,160,257,283,129,1,16,63,100,113,57,1,62,97,157,170,72,714821
2016,4,11290770,장위2동,2040,1024,1016,5,166,416,535,454,464,2,64,214,223,212,309,3,102,202,312,242,155,682224
2016,4,11290780,장위3동,1681,943,738,3,185,279,467,511,236,0,61,136,251,311,184,3,124,143,216,200,52,663549
2016,4,11290810,석관동,4616,2742,1874,4,409,852,1052,1040,1259,2,138,393,589,667,953,2,271,459,463,373,306,1773773
2016,4,11305534,삼양동,1485,590,895,2,181,302,384,391,225,1,40,97,124,177,151,1,141,205,260,214,74,959451
2016,4,11305535,미아동,2456,1060,1396,10,347,535,668,583,313,6,101,217,309,250,177,4,246,318,359,333,136,835492
2016,4,11305545,송중동,3269,1394,1875,12,510,763,895,675,414,5,181,329,361,265,253,7,329,434,534,410,161,1085065
2016,4,11305555,송천동,2854,1384,1470,8,351,589,772,716,418,3,90,277,363,364,287,5,261,312,409,352,131,928301
2016,4,11305575,삼각산동,1229,396,833,0,173,321,407,242,86,0,45,109,105,83,54,0,128,212,302,159,32,603256
2016,4,11305590,번1동,4034,2275,1759,11,548,851,930,1007,687,4,212,496,545,611,407,7,336,355,385,396,280,619363
2016,4,11305600,번2동,2090,1336,754,10,204,309,637,674,256,8,94,179,372,495,188,2,110,130,265,179,68,992960
2016,4,11305606,번3동,1530,710,820,20,194,274,372,372,298,15,71,123,174,184,143,5,123,151,198,188,155,1075371
2016,4,11305610,수유1동,3113,1607,1506,12,302,513,856,950,480,3,93,247,448,533,283,9,209,266,408,417,197,1748455
2016,4,11305620,수유2동,2144,957,1187,2,207,287,478,520,650,2,64,154,213,225,299,0,143,133,265,295,351,593685
2016,4,11305630,수유3동,4600,2338,2262,23,554,1140,1165,1144,574,15,213,539,582,668,321,8,341,601,583,476,253,725084
2016,4,11305645,우이동,2110,1307,803,3,170,303,490,722,422,0,60,176,289,497,285,3,110,127,201,225,137,10680138
2016,4,11305660,인수동,3343,1476,1867,16,423,726,877,807,494,12,131,304,383,312,334,4,292,422,494,495,160,2869695
2016,4,11320511,창1동,1708,638,1070,6,226,348,497,448,183,0,49,116,178,187,108,6,177,232,319,261,75,1104916
2016,4,11320512,창2동,2384,1189,1195,25,269,449,695,600,346,12,85,218,306,317,251,13,184,231,389,283,95,654615
2016,4,11320513,창3동,877,323,554,1,100,162,287,211,116,1,18,61,98,81,64,0,82,101,189,130,52,635079
2016,4,11320514,창4동,3736,2253,1483,9,379,616,997,1063,672,6,119,310,563,733,522,3,260,306,434,330,150,1155759
2016,4,11320515,창5동,4940,2443,2497,15,634,1216,1404,1251,420,6,193,576,715,690,263,9,441,640,689,561,157,676820
2016,4,11320521,도봉1동,3291,2003,1288,10,243,449,858,1106,625,6,94,234,533,729,407,4,149,215,325,377,218,8547209
2016,4,11320522,도봉2동,5358,3022,2336,7,380,775,1124,1222,1850,3,152,383,556,676,1252,4,228,392,568,546,598,1204332
2016,4,11320660,쌍문1동,2350,949,1401,2,363,423,616,651,295,2,65,187,231,262,202,0,298,236,385,389,93,1177010
2016,4,11320670,쌍문2동,3228,1502,1726,13,302,528,701,768,916,10,110,270,328,383,401,3,192,258,373,385,515,539384
2016,4,11320680,쌍문3동,2043,924,1119,3,440,496,517,430,157,2,115,239,227,236,105,1,325,257,290,194,52,504867
2016,4,11320681,쌍문4동,1126,430,696,0,132,264,283,309,138,0,24,102,92,123,89,0,108,162,191,186,49,543784
2016,4,11320690,방학1동,5191,2895,2296,18,586,876,1254,1510,947,11,221,444,645,886,688,7,365,432,609,624,259,1041785
2016,4,11320700,방학2동,1206,516,690,0,124,279,325,298,180,0,44,146,129,109,88,0,80,133,196,189,92,1102018
2016,4,11320710,방학3동,1864,822,1042,3,138,289,518,598,318,1,34,110,192,259,226,2,104,179,326,339,92,1856777
2016,4,11350560,월계1동,2927,1720,1207,12,316,558,726,810,505,8,107,301,425,526,353,4,209,257,301,284,152,1218934
2016,4,11350570,월계2동,2215,1123,1092,9,258,418,655,588,287,8,87,162,322,344,200,1,171,256,333,244,87,1991095
2016,4,11350580,월계3동,1545,701,844,3,147,271,465,426,233,1,40,110,175,213,162,2,107,161,290,213,71,1133881
2016,4,11350595,공릉1동,8687,4479,4208,38,991,1558,2112,2245,1743,17,381,909,1045,1114,1013,21,610,649,1067,1131,730,1217193
2016,4,11350600,공릉2동,6568,3053,3515,10,1000,1434,1654,1581,889,8,248,569,712,868,648,2,752,865,942,713,241,7207339
2016,4,11350611,하계1동,7454,4125,3329,20,1208,1828,1888,1861,649,13,472,945,1090,1174,431,7,736,883,798,687,218,1467562
2016,4,11350612,하계2동,588,182,406,0,47,110,184,193,54,0,8,34,33,58,49,0,39,76,151,135,5,513857
2016,4,11350619,중계본동,2335,1108,1227,5,222,410,613,530,555,2,86,167,253,240,360,3,136,243,360,290,195,2094464
2016,4,11350621,중계1동,1483,634,849,2,204,278,439,378,182,1,69,110,163,165,126,1,135,168,276,213,56,624508
2016,4,11350624,중계4동,2274,910,1364,11,214,395,645,686,323,2,79,178,250,244,157,9,135,217,395,442,166,1540528
2016,4,11350625,중계2.3동,2665,1084,1581,18,293,564,776,741,273,8,91,258,299,259,169,10,202,306,477,482,104,912217
2016,4,11350630,상계1동,5069,2581,2488,16,533,923,1343,1307,947,9,222,505,646,668,531,7,311,418,697,639,416,4997346
2016,4,11350640,상계2동,4347,1747,2600,49,811,855,1035,1044,553,18,262,375,414,398,280,31,549,480,621,646,273,629194
2016,4,11350665,상계3.4동,3336,1836,1500,1,221,356,818,1044,896,0,69,162,418,666,521,1,152,194,400,378,375,5751720
2016,4,11350670,상계5동,2213,928,1285,6,143,244,452,563,805,0,58,126,185,198,361,6,85,118,267,365,444,473604
2016,4,11350695,상계6.7동,8642,3476,5166,21,1551,2167,2325,1802,776,7,330,759,955,975,450,14,1221,1408,1370,827,326,1434043
2016,4,11350700,상계8동,1067,317,750,0,109,212,371,256,119,0,20,45,72,93,87,0,89,167,299,163,32,668937
2016,4,11350710,상계9동,1279,457,822,4,112,293,406,326,138,0,26,72,114,147,98,4,86,221,292,179,40,833448
2016,4,11350720,상계10동,979,369,610,2,109,192,284,293,99,1,23,61,97,112,75,1,86,131,187,181,24,802642
2016,4,11380510,녹번동,6980,3404,3576,11,906,1706,1875,1723,759,8,315,709,929,1005,438,3,591,997,946,718,321,1923020
2016,4,11380520,불광1동,2625,1089,1536,12,425,794,686,476,232,4,123,339,316,183,124,8,302,455,370,293,108,2948578
2016,4,11380530,불광2동,3348,1611,1737,18,461,779,926,790,374,6,168,389,462,401,185,12,293,390,464,389,189,1756596
2016,4,11380551,갈현1동,2105,945,1160,10,364,465,565,450,251,3,134,211,240,212,145,7,230,254,325,238,106,909869
2016,4,11380552,갈현2동,3207,1313,1894,16,382,718,831,827,433,4,100,332,326,310,241,12,282,386,505,517,192,1018512
2016,4,11380560,구산동,4196,1921,2275,12,451,783,1001,1310,639,2,140,307,405,706,361,10,311,476,596,604,278,1316383
2016,4,11380570,대조동,3376,1374,2002,23,435,704,978,760,476,5,132,279,404,306,248,18,303,425,574,454,228,867572
2016,4,11380580,응암1동,3986,1817,2169,23,482,891,1063,952,575,15,160,397,475,411,359,8,322,494,588,541,216,1126418
2016,4,11380590,응암2동,1116,561,555,5,125,224,287,301,174,2,27,85,131,184,132,3,98,139,156,117,42,554079
2016,4,11380600,응암3동,2818,1178,1640,15,351,592,842,684,334,8,128,252,334,277,179,7,223,340,508,407,155,933101
2016,4,11380625,역촌동,4105,1736,2369,9,441,813,1088,1118,636,2,141,348,468,425,352,7,300,465,620,693,284,1138805
2016,4,11380631,신사1동,1982,967,1015,5,270,382,494,487,344,0,88,192,224,252,211,5,182,190,270,235,133,823498
2016,4,11380632,신사2동,1628,790,838,1,126,247,411,420,423,0,33,86,185,236,250,1,93,161,226,184,173,1050676
2016,4,11380640,증산동,2581,1433,1148,15,298,531,661,659,417,6,97,250,337,413,330,9,201,281,324,246,87,929526
2016,4,11380650,수색동,1367,625,742,5,250,322,316,296,178,4,39,109,164,189,120,1,211,213,152,107,58,1169504
2016,4,11380690,진관동,3882,1771,2111,18,440,722,1159,1157,386,9,117,275,484,648,238,9,323,447,675,509,148,12836383
2016,4,11410520,천연동,1423,574,849,3,161,328,373,357,201,0,46,117,147,143,121,3,115,211,226,214,80,866603
2016,4,11410555,북아현동,1128,471,657,2,133,177,294,337,185,0,36,71,127,143,94,2,97,106,167,194,91,461555
2016,4,11410565,충현동,26549,15271,11278,47,4439,9157,7238,4092,1576,20,1778,5109,4630,2657,1077,27,2661,4048,2608,1435,499,1139343
2016,4,11410585,신촌동,19003,7796,11207,76,4917,5909,4367,2734,1000,24,1358,2218,2036,1510,650,52,3559,3691,2331,1224,350,2504686
2016,4,11410615,연희동,8097,4342,3755,50,1202,2052,1946,1953,894,28,460,1075,1002,1199,578,22,742,977,944,754,316,2965760
2016,4,11410620,홍제1동,1667,688,979,7,248,362,449,359,242,1,57,151,179,146,154,6,191,211,270,213,88,1492096
2016,4,11410640,홍제3동,1634,677,957,1,208,304,443,331,347,0,56,116,160,133,212,1,152,188,283,198,135,1093373
2016,4,11410655,홍제2동,1084,518,566,4,104,178,270,356,172,3,35,79,96,195,110,1,69,99,174,161,62,705399
2016,4,11410660,홍은1동,1237,493,744,4,152,239,342,308,192,2,45,100,123,98,125,2,107,139,219,210,67,1538023
2016,4,11410685,홍은2동,3562,1909,1653,5,503,784,884,897,489,4,171,352,477,550,355,1,332,432,407,347,134,2049745
2016,4,11410690,남가좌1동,1178,573,605,0,220,246,314,261,137,0,44,91,172,171,95,0,176,155,142,90,42,484765
2016,4,11410700,남가좌2동,1713,809,904,10,234,362,452,391,264,3,68,152,200,205,181,7,166,210,252,186,83,787125
2016,4,11410710,북가좌1동,1681,1029,652,4,175,277,424,461,340,1,43,129,224,337,295,3,132,148,200,124,45,562752
2016,4,11410720,북가좌2동,2420,1245,1175,6,242,432,623,674,443,2,91,209,295,366,282,4,151,223,328,308,161,806705
2016,4,11440555,아현동,22562,12786,9776,108,3953,7331,5877,3981,1312,38,1532,4298,3824,2255,839,70,2421,3033,2053,1726,473,870645
2016,4,11440565,공덕동,11007,6775,4232,55,2294,2765,3271,1865,757,19,1067,1569,2319,1357,444,36,1227,1196,952,508,313,891209
2016,4,11440585,도화동,13759,7306,6453,69,2758,3718,3303,2517,1394,29,1138,2142,1781,1257,959,40,1620,1576,1522,1260,435,863516
2016,4,11440590,용강동,16178,9320,6858,115,2658,4561,3953,2934,1957,55,993,2818,2530,1632,1292,60,1665,1743,1423,1302,665,910388
2016,4,11440600,대흥동,8219,4171,4048,115,2362,2332,1649,1126,635,44,870,1223,982,668,384,71,1492,1109,667,458,251,854083
2016,4,11440610,염리동,5163,3115,2048,107,867,1654,1249,852,434,52,447,1095,837,409,275,55,420,559,412,443,159,549601
2016,4,11440630,신수동,4410,2490,1920,16,651,1407,1249,768,319,8,233,817,771,449,212,8,418,590,478,319,107,914314
2016,4,11440655,서강동,9258,5134,4124,47,1998,2373,1929,1394,1517,18,756,1401,1297,869,793,29,1242,972,632,525,724,1890596
2016,4,11440660,서교동,44495,22687,21808,366,11815,12883,9118,5763,4550,144,4510,7226,5593,2891,2323,222,7305,5657,3525,2872,2227,1641475
2016,4,11440680,합정동,10245,5404,4841,59,2250,3499,2583,1271,583,8,725,1874,1614,790,393,51,1525,1625,969,481,190,1792621
2016,4,11440690,망원1동,2900,1590,1310,23,620,755,729,513,260,12,286,477,405,249,161,11,334,278,324,264,99,1111518
2016,4,11440700,망원2동,3210,1463,1747,10,453,824,946,678,299,4,179,429,400,255,196,6,274,395,546,423,103,1209563
2016,4,11440710,연남동,4374,2329,2045,15,1017,1447,1019,581,295,7,406,785,600,334,197,8,611,662,419,247,98,641653
2016,4,11440720,성산1동,9793,6559,3234,48,1209,1940,1977,1706,2913,24,468,1165,1233,1126,2543,24,741,775,744,580,370,855779
2016,4,11440730,성산2동,9266,4287,4979,15,626,1399,1939,2842,2445,9,224,586,963,1169,1336,6,402,813,976,1673,1109,1990923
2016,4,11440740,상암동,38499,22903,15596,312,11264,12985,8972,3689,1277,116,4358,7845,6743,2835,1006,196,6906,5140,2229,854,271,7646126
2016,4,11470510,목1동,14724,9224,5500,82,2379,4304,4290,2657,1012,28,970,2606,3091,1868,661,54,1409,1698,1199,789,351,1572490
2016,4,11470520,목2동,2391,1235,1156,3,354,701,614,494,225,1,128,402,328,237,139,2,226,299,286,257,86,1021500
2016,4,11470530,목3동,2240,1066,1174,4,292,514,562,491,377,2,100,253,285,221,205,2,192,261,277,270,172,533074
2016,4,11470540,목4동,1819,809,1010,4,226,373,508,466,242,2,67,179,193,223,145,2,159,194,315,243,97,578170
2016,4,11470550,목5동,6457,2338,4119,18,1209,1689,1608,1271,662,9,230,510,568,612,409,9,979,1179,1040,659,253,2055129
2016,4,11470560,신월1동,2427,1436,991,12,173,428,703,767,344,7,58,227,409,493,242,5,115,201,294,274,102,625887
2016,4,11470570,신월2동,2168,1079,1089,2,197,395,623,620,331,2,71,176,268,347,215,0,126,219,355,273,116,608140
2016,4,11470580,신월3동,2556,1393,1163,4,207,483,669,816,377,2,69,242,310,476,294,2,138,241,359,340,83,932122
2016,4,11470590,신월4동,1985,1164,821,11,167,318,510,588,391,5,72,162,252,361,312,6,95,156,258,227,79,470224
2016,4,11470600,신월5동,2699,1585,1114,4,227,392,568,600,908,3,57,157,237,298,833,1,170,235,331,302,75,523363
2016,4,11470610,신월6동,1213,632,581,3,131,188,331,341,219,1,46,88,145,197,155,2,85,100,186,144,64,437027
2016,4,11470611,신월7동,3709,2436,1273,2,333,570,1007,1092,705,1,207,361,603,707,557,1,126,209,404,385,148,1403954
2016,4,11470620,신정1동,2735,1274,1461,6,302,575,746,681,425,3,122,277,352,291,229,3,180,298,394,390,196,722680
2016,4,11470630,신정2동,1804,749,1055,8,224,335,535,466,236,3,56,166,194,187,143,5,168,169,341,279,93,594999
2016,4,11470640,신정3동,5514,3105,2409,4,567,1034,1399,1468,1042,1,151,471,710,891,881,3,416,563,689,577,161,2650845
2016,4,11470650,신정4동,7766,3769,3997,33,1018,1701,1940,1779,1295,15,324,878,964,781,807,18,694,823,976,998,488,996406
2016,4,11470670,신정6동,5323,2869,2454,26,648,1346,1424,1468,411,22,282,639,699,972,255,4,366,707,725,496,156,972556
2016,4,11470680,신정7동,1809,770,1039,7,195,319,572,481,235,5,72,132,229,195,137,2,123,187,343,286,98,1144112
2016,4,11500510,염창동,11807,7194,4613,54,1993,3387,3111,2169,1093,23,830,2067,2061,1381,832,31,1163,1320,1050,788,261,1957926
2016,4,11500520,등촌1동,30071,12303,17768,175,4242,7473,10646,6542,993,137,2347,4782,3171,1261,605,38,1895,2691,7475,5281,388,649434
2016,4,11500530,등촌2동,2264,1230,1034,5,242,517,611,578,311,3,69,242,331,344,241,2,173,275,280,234,70,908847
2016,4,11500535,등촌3동,18311,9160,9151,86,3283,3674,3870,5033,2365,52,1374,2175,2104,2065,1390,34,1909,1499,1766,2968,975,1049363
2016,4,11500540,화곡1동,4539,2116,2423,21,602,1007,1182,1148,579,11,238,509,550,475,333,10,364,498,632,673,246,1194778
2016,4,11500550,화곡2동,1621,734,887,3,223,397,471,394,133,1,107,215,191,146,74,2,116,182,280,248,59,456061
2016,4,11500560,화곡3동,2484,1139,1345,9,299,427,635,783,331,3,106,241,307,292,190,6,193,186,328,491,141,515596
2016,4,11500570,화곡4동,1830,836,994,6,244,402,524,481,173,6,90,202,202,233,103,0,154,200,322,248,70,853460
2016,4,11500590,화곡본동,2317,866,1451,1,302,553,653,502,306,0,55,217,259,178,157,1,247,336,394,324,149,1007050
2016,4,11500591,화곡6동,9719,5881,3838,33,1151,2281,2393,2451,1410,18,529,1286,1477,1635,936,15,622,995,916,816,474,1034624
2016,4,11500593,화곡8동,1320,552,768,9,182,312,374,265,178,3,57,156,152,87,97,6,125,156,222,178,81,567208
2016,4,11500603,가양1동,11108,7339,3769,48,1698,3011,2936,2304,1111,28,944,1942,1953,1585,887,20,754,1069,983,719,224,5908521
2016,4,11500604,가양2동,2258,1137,1121,6,358,511,468,419,496,4,130,235,220,170,378,2,228,276,248,249,118,996881
2016,4,11500605,가양3동,5243,3168,2075,29,923,1638,1450,845,358,16,439,1076,922,484,231,13,484,562,528,361,127,691403
2016,4,11500611,발산1동,6833,3723,3110,15,683,1412,1853,1920,950,6,201,692,952,1156,716,9,482,720,901,764,234,3032326
2016,4,11500615,우장산동,4313,1801,2512,79,682,925,1119,947,561,30,205,438,502,356,270,49,477,487,617,591,291,1268459
2016,4,11500620,공항동,40565,23821,16744,59,7807,12744,12127,6532,1296,25,2056,5984,8852,5806,1098,34,5751,6760,3275,726,198,11377979
2016,4,11500630,방화1동,8125,5388,2737,19,1182,1937,2196,2070,721,7,722,1368,1485,1373,433,12,460,569,711,697,288,1125789
2016,4,11500640,방화2동,4673,2682,1991,30,861,952,1041,1094,695,22,356,547,578,670,509,8,505,405,463,424,186,5564098
2016,4,11500641,방화3동,3244,1748,1496,9,281,597,753,900,704,5,67,242,416,590,428,4,214,355,337,310,276,1964100
2016,4,11530510,신도림동,9429,5481,3948,29,1614,2773,2474,1758,781,9,686,1612,1466,1113,595,20,928,1161,1008,645,186,1312211
2016,4,11530520,구로1동,2414,1118,1296,4,237,573,572,405,623,3,111,337,288,187,192,1,126,236,284,218,431,1004193
2016,4,11530530,구로2동,26649,14539,12110,85,4182,8240,6844,5070,2228,47,1494,4121,3916,3334,1627,38,2688,4119,2928,1736,601,1807452
2016,4,11530540,구로3동,78316,48346,29970,544,18025,27722,18401,9242,4382,288,8370,18762,12556,5301,3069,256,9655,8960,5845,3941,1313,1033159
2016,4,11530550,구로4동,2881,1224,1657,9,322,584,844,647,475,3,100,242,338,250,291,6,222,342,506,397,184,538215
2016,4,11530560,구로5동,20786,11738,9048,86,4300,6188,4556,3477,2179,52,1870,3576,2923,2020,1297,34,2430,2612,1633,1457,882,1075552
2016,4,11530595,가리봉동,1510,625,885,0,199,260,366,371,314,0,77,135,139,130,144,0,122,125,227,241,170,415751
2016,4,11530720,고척1동,5773,3460,2313,25,676,1147,1499,1400,1026,9,296,644,846,882,783,16,380,503,653,518,243,1100132
2016,4,11530730,고척2동,2038,933,1105,10,279,450,591,494,214,3,120,212,241,225,132,7,159,238,350,269,82,1013917
2016,4,11530740,개봉1동,3031,1400,1631,5,374,570,826,833,423,3,124,280,376,370,247,2,250,290,450,463,176,1168155
2016,4,11530750,개봉2동,1418,576,842,5,204,301,431,285,192,4,49,116,158,136,113,1,155,185,273,149,79,825368
2016,4,11530760,개봉3동,3881,2075,1806,2,128,317,501,643,2290,2,46,109,182,271,1465,0,82,208,319,372,825,831642
2016,4,11530770,오류1동,3564,1503,2061,16,415,708,1102,885,438,6,144,330,428,317,278,10,271,378,674,568,160,707130
2016,4,11530780,오류2동,4054,2044,2010,9,469,894,1056,1047,579,6,124,440,496,553,425,3,345,454,560,494,154,4314692
2016,4,11530790,수궁동,4197,2657,1540,15,459,934,1076,1135,578,12,232,571,641,736,465,3,227,363,435,399,113,2684146
2016,4,11545510,가산동,136017,85457,50560,3500,32718,42590,32319,16448,8442,1530,15907,28866,22415,10494,6245,1970,16811,13724,9904,5954,2197,2245346
2016,4,11545610,독산1동,16516,10914,5602,75,2145,4015,4570,3919,1792,57,1235,2819,2922,2504,1377,18,910,1196,1648,1415,415,1956086
2016,4,11545620,독산2동,1553,730,823,2,184,265,440,397,265,2,53,109,202,198,166,0,131,156,238,199,99,596742
2016,4,11545630,독산3동,4945,2951,1994,18,440,769,959,1042,1717,10,149,330,423,537,1502,8,291,439,536,505,215,982894
2016,4,11545640,독산4동,1992,1095,897,3,284,408,573,432,292,3,134,242,313,222,181,0,150,166,260,210,111,605029
2016,4,11545670,시흥1동,9111,4366,4745,58,1594,2383,2077,1927,1072,37,703,1135,919,1010,562,21,891,1248,1158,917,510,1437595
2016,4,11545680,시흥2동,1305,397,908,6,149,319,336,341,154,1,23,78,97,110,88,5,126,241,239,231,66,1170211
2016,4,11545690,시흥3동,8909,5495,3414,29,730,1733,2966,2406,1045,9,385,1087,1710,1499,805,20,345,646,1256,907,240,1328458
2016,4,11545700,시흥4동,888,301,587,1,90,175,281,248,93,0,27,56,73,99,46,1,63,119,208,149,47,873884
2016,4,11545710,시흥5동,2054,1091,963,1,156,290,579,670,358,0,35,134,300,390,232,1,121,156,279,280,126,1368598
2016,4,11560515,영등포본동,2412,1140,1272,19,385,516,662,533,297,7,144,235,288,263,203,12,241,281,374,270,94,843586
2016,4,11560535,영등포동,22896,13942,8954,131,3679,5949,5545,4537,3055,45,1591,3653,3706,2922,2025,86,2088,2296,1839,1615,1030,1390482
2016,4,11560540,여의동,274324,182529,91795,776,55170,103757,71285,33301,10035,228,24968,70577,55382,25103,6271,548,30202,33180,15903,8198,3764,6703511
2016,4,11560550,당산1동,14884,8554,6330,74,2419,3567,3228,3075,2521,35,932,1965,1925,1999,1698,39,1487,1602,1303,1076,823,746447
2016,4,11560560,당산2동,28833,15635,13198,212,6247,7153,6351,4860,4010,103,2422,4067,3570,2753,2720,109,3825,3086,2781,2107,1290,1526636
2016,4,11560585,도림동,2050,1277,773,9,203,407,511,488,432,3,82,250,325,304,313,6,121,157,186,184,119,539427
2016,4,11560605,문래동,43860,26975,16885,194,9079,13105,10526,6648,4308,95,4414,8256,6606,4338,3266,99,4665,4849,3920,2310,1042,1738475
2016,4,11560610,양평1동,18994,10946,8048,172,4069,4569,4235,3603,2346,95,1891,2912,2510,1957,1581,77,2178,1657,1725,1646,765,869573
2016,4,11560620,양평2동,33855,18255,15600,175,6410,12214,9782,4043,1231,74,2657,6828,5320,2440,936,101,3753,5386,4462,1603,295,2573400
2016,4,11560630,신길1동,4698,2550,2148,11,502,717,927,1408,1133,2,139,372,514,798,725,9,363,345,413,610,408,762886
2016,4,11560650,신길3동,1549,714,835,2,155,298,417,374,303,0,50,144,185,171,164,2,105,154,232,203,139,510335
2016,4,11560660,신길4동,1220,621,599,9,137,356,378,230,110,6,49,180,196,116,74,3,88,176,182,114,36,298738
2016,4,11560670,신길5동,1160,560,600,5,128,284,289,306,148,4,44,118,132,153,109,1,84,166,157,153,39,498387
2016,4,11560680,신길6동,2394,1094,1300,15,298,530,590,546,415,2,88,259,246,245,254,13,210,271,344,301,161,676005
2016,4,11560690,신길7동,2653,1618,1035,7,389,589,661,721,286,4,243,401,418,362,190,3,146,188,243,359,96,599547
2016,4,11560700,대림1동,2672,1059,1613,19,710,641,588,473,241,13,141,269,274,217,145,6,569,372,314,256,96,493503
2016,4,11560710,대림2동,2300,1031,1269,3,266,517,718,475,321,0,80,231,257,238,225,3,186,286,461,237,96,574495
2016,4,11560720,대림3동,7979,4600,3379,25,949,1736,2137,1955,1177,11,467,1099,1325,1042,656,14,482,637,812,913,521,933892
2016,4,11590510,노량진1동,4303,2398,1905,8,564,1055,1137,1050,489,4,218,606,722,590,258,4,346,449,415,460,231,1876800
2016,4,11590520,노량진2동,5861,3312,2549,18,715,1444,1311,1425,948,12,369,711,702,879,639,6,346,733,609,546,309,619921
2016,4,11590530,상도1동,4461,2187,2274,17,649,1138,1242,954,461,8,210,532,654,494,289,9,439,606,588,460,172,1492421
2016,4,11590540,상도2동,2630,1067,1563,5,300,514,811,659,341,4,86,209,347,269,152,1,214,305,464,390,189,771971
2016,4,11590550,상도3동,1169,467,702,2,135,267,311,308,146,0,41,101,118,122,85,2,94,166,193,186,61,662403
2016,4,11590560,상도4동,1752,638,1114,8,251,381,476,396,240,0,59,160,187,130,102,8,192,221,289,266,138,947172
2016,4,11590605,흑석동,5599,2544,3055,15,1114,1516,1448,1053,453,6,287,586,730,622,313,9,827,930,718,431,140,2062251
2016,4,11590620,사당1동,5074,2584,2490,34,1106,1336,1311,810,477,10,321,700,775,441,337,24,785,636,536,369,140,630335
2016,4,11590630,사당2동,3049,1433,1616,14,463,711,775,718,368,5,174,349,370,314,221,9,289,362,405,404,147,3064442
2016,4,11590640,사당3동,2790,1391,1399,12,286,456,615,663,758,6,94,219,285,318,469,6,192,237,330,345,289,898029
2016,4,11590650,사당4동,1045,497,548,2,115,224,266,245,193,0,26,96,123,117,135,2,89,128,143,128,58,431219
2016,4,11590651,사당5동,1001,484,517,4,217,237,250,208,85,1,116,97,103,104,63,3,101,140,147,104,22,658780
2016,4,11590660,대방동,10165,5619,4546,62,1342,2774,2366,2114,1507,12,560,1734,1385,1088,840,50,782,1040,981,1026,667,1591876
2016,4,11590670,신대방1동,3678,2226,1452,19,562,932,865,753,547,15,325,650,555,368,313,4,237,282,310,385,234,685547
2016,4,11590680,신대방2동,28194,15174,13020,234,4864,7239,6808,5973,3076,117,2702,4444,3442,2865,1604,117,2162,2795,3366,3108,1472,1024271
2016,4,11620525,보라매동,5290,2276,3014,10,751,1661,1844,701,323,2,244,615,831,383,201,8,507,1046,1013,318,122,758003
2016,4,11620545,청림동,615,243,372,3,112,158,154,111,77,2,26,67,47,46,55,1,86,91,107,65,22,305629
2016,4,11620565,성현동,1545,680,865,7,192,389,471,342,144,3,80,174,179,149,95,4,112,215,292,193,49,695625
2016,4,11620575,행운동,3623,1821,1802,26,713,918,873,677,416,12,278,501,463,316,251,14,435,417,410,361,165,739229
2016,4,11620585,낙성대동,11816,6459,5357,28,1735,3643,2805,2373,1232,17,644,1684,1603,1528,983,11,1091,1959,1202,845,249,2341406
2016,4,11620595,청룡동,7466,4174,3292,15,970,1870,1933,1797,881,10,403,977,1059,1134,591,5,567,893,874,663,290,1186204
2016,4,11620605,은천동,3680,1659,2021,7,488,692,824,992,677,2,147,336,358,440,376,5,341,356,466,552,301,738181
2016,4,11620615,중앙동,1977,948,1029,6,322,473,527,351,298,1,100,216,283,178,170,5,222,257,244,173,128,385136
2016,4,11620625,인헌동,2483,1196,1287,4,325,588,669,533,364,2,90,308,312,247,237,2,235,280,357,286,127,709688
2016,4,11620630,남현동,4038,2285,1753,15,859,983,1055,794,332,9,430,598,628,387,233,6,429,385,427,407,99,4218667
2016,4,11620645,서원동,3921,1759,2162,30,743,809,760,797,782,10,274,364,337,330,444,20,469,445,423,467,338,642690
2016,4,11620655,신원동,1079,420,659,1,122,214,253,271,218,0,31,78,111,101,99,1,91,136,142,170,119,549115
2016,4,11620665,서림동,1556,931,625,3,142,259,378,448,326,3,49,145,210,263,261,0,93,114,168,185,65,981577
2016,4,11620685,신사동,2177,1121,1056,8,296,423,567,574,309,7,116,230,287,285,196,1,180,193,280,289,113,609167
2016,4,11620695,신림동,2448,1219,1229,11,423,500,617,525,372,2,155,286,321,228,227,9,268,214,296,297,145,507666
2016,4,11620715,난향동,1315,478,837,1,97,194,274,377,372,1,13,50,99,112,203,0,84,144,175,265,169,786985
2016,4,11620725,조원동,4027,2421,1606,7,511,906,1105,955,543,3,265,595,630,559,369,4,246,311,475,396,174,652569
2016,4,11620735,대학동,2181,1193,988,7,268,495,552,581,278,2,98,247,303,346,197,5,170,248,249,235,81,8107585
2016,4,11620745,삼성동,1068,454,614,5,150,222,241,279,171,3,29,88,87,131,116,2,121,134,154,148,55,2591742
2016,4,11620765,미성동,3099,1530,1569,5,295,532,833,813,621,0,95,229,394,428,384,5,200,303,439,385,237,1355300
2016,4,11620775,난곡동,1101,436,665,0,149,259,295,286,112,0,29,102,107,135,63,0,120,157,188,151,49,982294
2016,4,11650510,서초1동,38222,20824,17398,267,9749,11529,8796,5363,2518,115,3887,7065,5292,2715,1750,152,5862,4464,3504,2648,768,1383210
2016,4,11650520,서초2동,46176,28634,17542,212,8982,14184,12025,6860,3913,101,4135,8781,8206,4637,2774,111,4847,5403,3819,2223,1139,1229759
2016,4,11650530,서초3동,74501,43395,31106,365,13812,22665,20142,11579,5938,141,5384,12935,12981,7555,4399,224,8428,9730,7161,4024,1539,3027494
2016,4,11650531,서초4동,26200,13227,12973,140,7323,9266,5397,2536,1538,36,2214,5008,3399,1547,1023,104,5109,4258,1998,989,515,882770
2016,4,11650540,잠원동,20323,12284,8039,113,4283,6831,5060,2439,1597,25,1571,4283,3609,1638,1158,88,2712,2548,1451,801,439,1840832
2016,4,11650550,반포본동,1416,766,650,2,187,335,369,332,191,1,82,161,183,221,118,1,105,174,186,111,73,1491264
2016,4,11650560,반포1동,7305,4168,3137,25,1658,2478,1570,985,589,11,737,1452,1025,571,372,14,921,1026,545,414,217,1000549
2016,4,11650570,반포2동,1975,1030,945,35,344,535,520,349,192,15,115,260,290,209,141,20,229,275,230,140,51,1258050
2016,4,11650580,반포3동,8476,3876,4600,87,1647,2347,1833,1500,1062,31,803,1106,929,514,493,56,844,1241,904,986,569,1325140
2016,4,11650581,반포4동,35577,14746,20831,227,9731,11007,7816,4457,2339,98,2584,4869,3846,2059,1290,129,7147,6138,3970,2398,1049,1416005
2016,4,11650590,방배본동,7290,3797,3493,32,1188,1809,1646,1517,1098,13,503,1124,926,587,644,19,685,685,720,930,454,660469
2016,4,11650600,방배1동,11690,5999,5691,57,2878,3746,2626,1417,966,12,1047,2149,1461,697,633,45,1831,1597,1165,720,333,691215
2016,4,11650610,방배2동,22127,16013,6114,112,2703,4101,6757,6988,1466,76,1493,2856,5130,5436,1022,36,1210,1245,1627,1552,444,1901725
2016,4,11650620,방배3동,9308,5635,3673,46,1727,2534,2065,1622,1314,15,709,1493,1372,1050,996,31,1018,1041,693,572,318,2411856
2016,4,11650621,방배4동,11658,6261,5397,62,2165,3115,3060,2087,1169,17,812,1783,1644,1163,842,45,1353,1332,1416,924,327,954529
2016,4,11650651,양재1동,36941,21555,15386,199,6507,10445,8956,6620,4214,87,2824,6317,5452,4089,2786,112,3683,4128,3504,2531,1428,5711370
2016,4,11650652,양재2동,121460,99789,21671,688,15089,29332,36746,35727,3878,299,10072,23701,30965,31972,2780,389,5017,5631,5781,3755,1098,7516954
2016,4,11650660,내곡동,5989,3916,2073,20,736,1628,1608,1360,637,14,314,1033,1120,994,441,6,422,595,488,366,196,13190710
2016,4,11680510,신사동,23323,10769,12554,195,7251,7383,4556,2371,1567,55,2176,3736,2565,1221,1016,140,5075,3647,1991,1150,551,1736994
2016,4,11680521,논현1동,41378,22216,19162,226,10595,13609,8937,4892,3119,99,3614,7729,5777,2821,2176,127,6981,5880,3160,2071,943,1254345
2016,4,11680531,논현2동,64419,35042,29377,297,15521,21338,14054,7828,5381,79,5218,11753,9180,5189,3623,218,10303,9585,4874,2639,1758,1445565
2016,4,11680545,압구정동,32712,14327,18385,403,10509,10573,5768,3289,2170,132,3348,4972,3139,1597,1139,271,7161,5601,2629,1692,1031,2520945
2016,4,11680565,청담동,44665,21297,23368,330,12904,15336,9176,4240,2679,66,3766,7674,5518,2540,1733,264,9138,7662,3658,1700,946,2384707
2016,4,11680580,삼성1동,88689,53855,34834,519,22123,31173,18874,10214,5786,215,10196,19924,13426,6361,3733,304,11927,11249,5448,3853,2053,1926134
2016,4,11680590,삼성2동,55751,27027,28724,356,16491,16833,11443,7381,3247,160,6047,9653,5963,3243,1961,196,10444,7180,5480,4138,1286,1247821
2016,4,11680600,대치1동,3510,1514,1996,48,652,958,858,613,381,8,162,369,417,303,255,40,490,589,441,310,126,795761
2016,4,11680610,대치2동,61075,36798,24277,416,12708,19924,14529,8455,5043,135,5134,12780,10204,5303,3242,281,7574,7144,4325,3152,1801,2043875
2016,4,11680630,대치4동,28344,16380,11964,279,6155,9911,7270,3198,1531,45,2494,5962,4738,2122,1019,234,3661,3949,2532,1076,512,717795
2016,4,11680640,역삼1동,181730,105050,76680,1358,41180,59503,43277,24552,11860,675,16729,36387,29626,14479,7154,683,24451,23116,13651,10073,4706,2360116
2016,4,11680650,역삼2동,47357,26015,21342,436,11900,14010,10870,6501,3640,175,4420,8021,6990,4067,2342,261,7480,5989,3880,2434,1298,1127531
2016,4,11680655,도곡1동,21256,8325,12931,229,4360,5427,7016,3153,1071,111,1818,2607,1957,1111,721,118,2542,2820,5059,2042,350,1022697
2016,4,11680656,도곡2동,18740,10632,8108,70,3532,5504,4371,2619,2644,36,1368,3111,3000,1704,1413,34,2164,2393,1371,915,1231,1025651
2016,4,11680660,개포1동,1725,1094,631,3,186,346,362,425,403,0,78,201,203,290,322,3,108,145,159,135,81,973078
2016,4,11680670,개포2동,2681,1365,1316,16,262,475,700,788,440,8,88,205,365,420,279,8,174,270,335,368,161,2371826
2016,4,11680690,개포4동,10157,6286,3871,47,1384,2577,2690,2027,1432,21,633,1701,1689,1223,1019,26,751,876,1001,804,413,1561449
2016,4,11680700,세곡동,4014,1968,2046,10,519,905,998,971,611,7,166,395,409,523,468,3,353,510,589,448,143,5894759
2016,4,11680720,일원본동,7363,1930,5433,16,2211,2949,1372,642,173,0,328,730,438,306,128,16,1883,2219,934,336,45,2381558
2016,4,11680730,일원1동,3185,1742,1443,5,380,686,678,767,669,4,193,394,387,404,360,1,187,292,291,363,309,947888
2016,4,11680740,일원2동,12950,10080,2870,136,3767,4084,2543,1790,630,89,3036,3413,1925,1234,383,47,731,671,618,556,247,1043911
2016,4,11680750,수서동,17351,8515,8836,64,2855,5266,4726,2813,1627,32,1074,2632,2112,1419,1246,32,1781,2634,2614,1394,381,1648393
2016,4,11710510,풍납1동,1369,613,756,4,140,292,382,340,211,0,44,124,151,161,133,4,96,168,231,179,78,1057487
2016,4,11710520,풍납2동,13027,4280,8747,15,3344,4519,3196,1458,495,7,618,1242,1225,809,379,8,2726,3277,1971,649,116,1999222
2016,4,11710531,거여1동,3694,2637,1057,18,891,1033,882,537,333,14,752,790,600,281,200,4,139,243,282,256,133,512307
2016,4,11710532,거여2동,2203,831,1372,3,285,405,602,606,302,3,90,184,226,195,133,0,195,221,376,411,169,510046
2016,4,11710540,마천1동,1099,497,602,2,128,200,310,282,177,0,40,81,127,149,100,2,88,119,183,133,77,504704
2016,4,11710550,마천2동,3254,1808,1446,8,329,680,859,911,467,4,147,413,467,468,309,4,182,267,392,443,158,936181
2016,4,11710561,방이1동,6468,3925,2543,31,793,1392,1410,1260,1582,9,300,774,832,760,1250,22,493,618,578,500,332,581968
2016,4,11710562,방이2동,18633,10593,8040,93,2651,4743,4590,4044,2512,56,1339,3041,2626,1970,1561,37,1312,1702,1964,2074,951,763928
2016,4,11710566,오륜동,3139,1847,1292,8,405,888,829,795,214,4,174,497,499,508,165,4,231,391,330,287,49,3150411
2016,4,11710570,오금동,13005,7749,5256,33,1201,2555,2631,2644,3941,11,539,1591,1599,1444,2565,22,662,964,1032,1200,1376,1691111
2016,4,11710580,송파1동,6974,4149,2825,30,1025,1625,1692,1488,1114,10,541,1024,1020,829,725,20,484,601,672,659,389,683881
2016,4,11710590,송파2동,5544,2724,2820,37,1198,1592,1255,1029,433,17,416,875,716,423,277,20,782,717,539,606,156,636016
2016,4,11710600,석촌동,9540,5207,4333,73,1904,2299,2270,1776,1218,32,676,1333,1376,998,792,41,1228,966,894,778,426,943819
2016,4,11710610,삼전동,7924,4864,3060,33,986,1689,1775,1687,1754,14,429,1088,1036,901,1396,19,557,601,739,786,358,992437
2016,4,11710620,가락본동,27122,16093,11029,103,4315,7069,6713,5420,3502,39,1962,4241,4303,3147,2401,64,2353,2828,2410,2273,1101,1024764
2016,4,11710631,가락1동,9615,6865,2750,15,602,1810,2875,2787,1526,4,443,1444,2127,1782,1065,11,159,366,748,1005,461,1357317
2016,4,11710632,가락2동,7969,4420,3549,52,1137,1952,2142,1716,970,25,530,1158,1113,881,713,27,607,794,1029,835,257,934057
2016,4,11710641,문정1동,5443,3402,2041,26,731,1230,1406,1081,969,12,367,769,893,646,715,14,364,461,513,435,254,604321
2016,4,11710642,문정2동,17434,11863,5571,85,2906,5543,4623,2749,1528,40,1558,3934,3253,1854,1224,45,1348,1609,1370,895,304,2387651
2016,4,11710646,장지동,8818,5803,3015,28,818,1530,2310,2379,1753,8,370,943,1480,1665,1337,20,448,587,830,714,416,1295680
2016,4,11710647,위례동,1721,1164,557,7,100,294,538,636,146,0,31,152,360,501,120,7,69,142,178,135,26,2626871
2016,4,11710650,잠실본동,14623,8248,6375,84,2551,3402,3450,2931,2205,46,988,1914,2052,1783,1465,38,1563,1488,1398,1148,740,1136161
2016,4,11710670,잠실2동,3194,1796,1398,7,547,926,876,610,228,2,285,518,491,323,177,5,262,408,385,287,51,2886358
2016,4,11710680,잠실3동,4564,2023,2541,183,1535,901,951,742,252,65,630,412,410,393,113,118,905,489,541,349,139,1506573
2016,4,11710690,잠실4동,1059,423,636,1,142,219,321,236,140,0,29,78,103,106,107,1,113,141,218,130,33,838370
2016,4,11710710,잠실6동,63352,34354,28998,397,11558,19270,19544,10678,1905,182,5761,13076,10286,3741,1308,215,5797,6194,9258,6937,597,1403041
2016,4,11710720,잠실7동,649,296,353,1,49,153,165,188,93,0,14,70,67,86,59,1,35,83,98,102,34,675008
2016,4,11740515,강일동,13133,10333,2800,10,2134,5133,3064,2040,752,9,1381,4158,2466,1680,639,1,753,975,598,360,113,3722759
2016,4,11740520,상일동,3360,1393,1967,2,597,974,753,738,296,1,126,323,340,408,195,1,471,651,413,330,101,1801282
2016,4,11740530,명일1동,3042,1207,1835,10,362,488,722,802,658,3,118,215,277,266,328,7,244,273,445,536,330,630284
2016,4,11740540,명일2동,2268,1031,1237,4,305,485,583,612,279,1,80,226,251,295,178,3,225,259,332,317,101,920946
2016,4,11740550,고덕1동,1248,523,725,2,150,262,332,306,196,1,41,108,143,129,101,1,109,154,189,177,95,1906565
2016,4,11740560,고덕2동,1312,628,684,0,99,235,337,463,178,0,37,108,133,239,111,0,62,127,204,224,67,2408099
2016,4,11740570,암사1동,2273,1103,1170,7,264,494,585,556,367,4,97,236,286,266,214,3,167,258,299,290,153,738366
2016,4,11740580,암사2동,2857,1121,1736,13,405,566,740,775,358,4,145,237,269,245,221,9,260,329,471,530,137,2337773
2016,4,11740590,암사3동,1205,558,647,3,166,293,319,334,90,1,55,134,132,170,66,2,111,159,187,164,24,1843902
2016,4,11740600,천호1동,2764,1273,1491,16,320,575,684,697,472,9,95,282,313,307,267,7,225,293,371,390,205,669571
2016,4,11740610,천호2동,7586,3853,3733,39,1208,1797,1854,1571,1117,13,466,952,962,730,730,26,742,845,892,841,387,1828343
2016,4,11740620,천호3동,3423,1808,1615,15,384,702,838,829,655,4,118,378,463,441,404,11,266,324,375,388,251,569450
2016,4,11740640,성내1동,13529,8282,5247,32,1671,3472,3615,2996,1743,19,753,2012,2163,2073,1262,13,918,1460,1452,923,481,658437
2016,4,11740650,성내2동,3496,1786,1710,19,592,794,803,759,529,3,240,401,418,360,364,16,352,393,385,399,165,624632
2016,4,11740660,성내3동,6034,3398,2636,28,913,1593,1459,1190,851,14,423,950,857,641,513,14,490,643,602,549,338,641973
2016,4,11740685,길동,9758,4938,4820,20,1606,2455,2255,2002,1420,8,570,1284,1213,952,911,12,1036,1171,1042,1050,509,1590598
2016,4,11740690,둔촌1동,915,538,377,1,85,154,205,238,232,0,43,69,92,128,206,1,42,85,113,110,26,897261
2016,4,11740700,둔촌2동,6417,3146,3271,13,1223,1769,1527,1295,590,6,372,864,755,736,413,7,851,905,772,559,177,1592001
2017,1,11110515,청운효자동,6444,3921,2523,6,1398,2155,1529,1016,340,3,751,1403,957,591,216,3,647,752,572,425,124,2429899
2017,1,11110530,사직동,70246,42031,28215,158,11607,22009,18823,11699,5950,33,4163,12667,13632,8060,3476,125,7444,9342,5191,3639,2474,1161995
2017,1,11110540,삼청동,3904,2085,1819,19,724,1208,1007,731,215,8,235,665,628,435,114,11,489,543,379,296,101,1391632
2017,1,11110550,부암동,3012,1535,1477,5,650,784,801,547,225,2,206,404,505,284,134,3,444,380,296,263,91,2221363
2017,1,11110560,평창동,2473,1178,1295,4,327,603,580,601,358,1,112,272,312,277,204,3,215,331,268,324,154,8346900
2017,1,11110570,무악동,686,211,475,0,147,172,175,117,75,0,14,38,62,42,55,0,133,134,113,75,20,453220
2017,1,11110580,교남동,4042,1461,2581,1,1119,1294,832,532,264,0,185,414,382,302,178,1,934,880,450,230,86,355267
2017,1,11110600,가회동,18191,15017,3174,33,2859,7085,5090,2491,633,22,1918,5791,4544,2221,521,11,941,1294,546,270,112,565302
2017,1,11110615,종로1.2.3.4가동,149719,89191,60528,3611,29578,46352,40230,22529,7419,1663,12787,26123,27077,16426,5115,1948,16791,20229,13153,6103,2304,2430999
2017,1,11110630,종로5.6가동,21538,14062,7476,561,3738,6589,5757,3497,1396,179,1859,4489,4122,2466,947,382,1879,2100,1635,1031,449,599631
2017,1,11110640,이화동,16534,6080,10454,84,4283,5714,3494,2271,688,21,1027,1871,1555,1149,457,63,3256,3843,1939,1122,231,747067
2017,1,11110650,혜화동,4847,2542,2305,11,785,1247,1223,992,589,2,275,606,693,580,386,9,510,641,530,412,203,1161303
2017,1,11110670,창신1동,2799,1217,1582,17,403,773,787,504,315,5,135,336,313,237,191,12,268,437,474,267,124,297271
2017,1,11110680,창신2동,617,233,384,0,78,117,148,181,93,0,10,53,61,71,38,0,68,64,87,110,55,257188
2017,1,11110690,창신3동,392,192,200,0,36,80,102,118,56,0,12,27,48,61,44,0,24,53,54,57,12,216230
2017,1,11110700,숭인1동,647,290,357,4,81,139,180,166,77,0,31,61,82,73,43,4,50,78,98,93,34,236777
2017,1,11110710,숭인2동,3037,1668,1369,11,433,639,718,662,574,2,177,358,408,348,375,9,256,281,310,314,199,359384
2017,1,11140520,소공동,132026,76610,55416,772,30508,43003,36306,18308,3129,259,10628,23194,25465,14742,2322,513,19880,19809,10841,3566,807,918284
2017,1,11140540,회현동,65910,39747,26163,377,12481,23364,18348,9189,2151,149,6152,13515,11804,6619,1508,228,6329,9849,6544,2570,643,909465
2017,1,11140550,명동,171518,88872,82646,1113,34371,60323,47540,22856,5315,266,11494,26671,29188,17640,3613,847,22877,33652,18352,5216,1702,993909
2017,1,11140570,필동,23193,11279,11914,197,4256,6222,6419,4337,1762,85,1365,3281,3353,2087,1108,112,2891,2941,3066,2250,654,1458582
2017,1,11140580,장충동,10616,5790,4826,41,2721,3283,2755,1393,423,13,1034,1896,1699,856,292,28,1687,1387,1056,537,131,1013897
2017,1,11140590,광희동,43811,22510,21301,1296,11995,11640,9775,6706,2399,577,5281,6720,5287,3142,1503,719,6714,4920,4488,3564,896,745387
2017,1,11140605,을지로동,20210,12831,7379,71,2633,5110,5741,4233,2422,28,1123,3100,3845,2921,1814,43,1510,2010,1896,1312,608,612013
2017,1,11140615,신당동,12848,7010,5838,50,2757,4457,2949,1790,845,15,1346,2378,1712,1051,508,35,1411,2079,1237,739,337,536647
2017,1,11140625,다산동,8565,3810,4755,115,2658,1938,1536,1483,835,47,957,1011,817,606,372,68,1701,927,719,877,463,532721
2017,1,11140635,약수동,2580,1171,1409,13,439,686,625,460,357,2,123,336,282,217,211,11,316,350,343,243,146,509395
2017,1,11140645,청구동,3212,1993,1219,6,624,948,765,451,418,3,291,655,499,261,284,3,333,293,266,190,134,345114
2017,1,11140650,신당5동,1679,749,930,6,210,394,461,399,209,1,59,166,230,171,122,5,151,228,231,228,87,310367
2017,1,11140665,동화동,2628,1276,1352,22,695,706,584,462,159,5,249,406,301,213,102,17,446,300,283,249,57,330049
2017,1,11140670,황학동,4077,2505,1572,16,575,841,892,987,766,2,257,559,621,567,499,14,318,282,271,420,267,327694
2017,1,11140680,중림동,7195,3953,3242,10,1431,2056,1850,1209,639,1,502,1030,1169,834,417,9,929,1026,681,375,222,487576
2017,1,11170510,후암동,4208,1626,2582,5,441,713,978,1452,619,3,153,384,463,417,206,2,288,329,515,1035,413,868399
2017,1,11170520,용산2가동,3121,2087,1034,1,221,890,1173,691,145,1,88,535,889,490,84,0,133,355,284,201,61,2047347
2017,1,11170530,남영동,27013,15041,11972,1193,8042,7764,5526,3148,1340,449,3495,4666,3685,1927,819,744,4547,3098,1841,1221,521,735947
2017,1,11170555,청파동,8266,4400,3866,23,1217,2021,1821,1810,1374,22,389,933,993,982,1081,1,828,1088,828,828,293,867676
2017,1,11170560,원효로1동,13994,7333,6661,104,3325,5179,3351,1328,707,59,1401,2765,1823,839,446,45,1924,2414,1528,489,261,589294
2017,1,11170570,원효로2동,6266,4232,2034,45,676,1622,1371,1343,1209,32,367,1165,990,857,821,13,309,457,381,486,388,915567
2017,1,11170580,효창동,2187,1170,1017,3,254,573,566,560,231,0,64,305,340,310,151,3,190,268,226,250,80,470670
2017,1,11170590,용문동,923,493,430,2,122,260,265,181,93,2,46,152,147,95,51,0,76,108,118,86,42,289284
2017,1,11170625,한강로동,56534,34211,22323,409,12137,18240,15232,7403,3113,196,5549,10996,10221,5105,2144,213,6588,7244,5011,2298,969,3358956
2017,1,11170630,이촌1동,2045,931,1114,5,308,489,489,394,360,1,101,177,208,185,259,4,207,312,281,209,101,2143668
2017,1,11170640,이촌2동,411,251,160,0,58,100,88,94,71,0,29,72,56,53,41,0,29,28,32,41,30,1191110
2017,1,11170650,이태원1동,5483,3192,2291,36,1205,1471,1131,1004,636,25,649,876,595,643,404,11,556,595,536,361,232,579369
2017,1,11170660,이태원2동,2420,1366,1054,12,495,677,495,376,365,4,251,401,280,198,232,8,244,276,215,178,133,879018
2017,1,11170685,한남동,15432,8224,7208,80,3900,5265,3360,1727,1100,40,1521,2975,2060,979,649,40,2379,2290,1300,748,451,3198883
2017,1,11170690,서빙고동,4993,2772,2221,46,980,1536,1321,714,396,6,346,804,788,501,327,40,634,732,533,213,69,2198117
2017,1,11170700,보광동,900,512,388,3,86,182,241,229,159,0,26,94,137,145,110,3,60,88,104,84,49,890496
2017,1,11200520,왕십리2동,1156,518,638,8,164,256,313,257,158,3,40,98,141,133,103,5,124,158,172,124,55,385254
2017,1,11200535,왕십리도선동,8296,4057,4239,42,1522,2089,2268,1562,813,14,564,1083,1098,807,491,28,958,1006,1170,755,322,718816
2017,1,11200540,마장동,10903,7374,3529,25,1066,2359,2906,3110,1437,15,612,1590,2025,2100,1032,10,454,769,881,1010,405,1082999
2017,1,11200550,사근동,7492,3660,3832,11,1493,1905,2090,1513,480,6,413,861,1049,961,370,5,1080,1044,1041,552,110,1182945
2017,1,11200560,행당1동,5753,3194,2559,53,842,1337,1413,1439,669,29,296,589,783,1016,481,24,546,748,630,423,188,552563
2017,1,11200570,행당2동,888,270,618,0,86,231,252,203,116,0,18,48,66,72,66,0,68,183,186,131,50,457197
2017,1,11200580,응봉동,442,169,273,0,54,91,112,110,75,0,11,28,32,37,61,0,43,63,80,73,14,547736
2017,1,11200590,금호1가동,947,435,512,2,158,243,226,190,128,1,37,100,100,97,100,1,121,143,126,93,28,441318
2017,1,11200615,금호2.3가동,1058,397,661,1,151,240,243,261,162,0,29,100,91,90,87,1,122,140,152,171,75,638261
2017,1,11200620,금호4가동,811,291,520,1,101,217,201,188,103,1,25,80,68,63,54,0,76,137,133,125,49,935263
2017,1,11200645,옥수동,1879,828,1051,11,379,451,481,360,197,3,116,177,224,176,132,8,263,274,257,184,65,1239152
2017,1,11200650,성수1가1동,6018,3724,2294,23,920,1636,1564,1343,532,8,407,1007,972,908,422,15,513,629,592,435,110,2248463
2017,1,11200660,성수1가2동,16593,10107,6486,125,3926,5114,3517,2478,1433,49,1653,3242,2360,1707,1096,76,2273,1872,1157,771,337,984783
2017,1,11200670,성수2가1동,47281,20890,26391,228,8066,12580,16159,9226,1022,153,4669,8201,5219,1923,725,75,3397,4379,10940,7303,297,1126355
2017,1,11200690,성수2가3동,40518,24486,16032,282,8116,11452,10395,6877,3396,159,3732,7412,6379,4187,2617,123,4384,4040,4016,2690,779,1050781
2017,1,11200720,송정동,1744,1045,699,10,281,458,474,333,188,2,149,265,249,238,142,8,132,193,225,95,46,584812
2017,1,11200790,용답동,18781,13528,5253,97,1887,3823,6807,4234,1933,50,1084,2863,5607,2848,1076,47,803,960,1200,1386,857,2379362
2017,1,11215710,화양동,5960,2562,3398,51,1509,1750,1125,913,612,12,477,761,532,400,380,39,1032,989,593,513,232,1124376
2017,1,11215730,군자동,6620,3491,3129,33,1387,1632,1772,1311,485,18,542,962,968,679,322,15,845,670,804,632,163,733236
2017,1,11215740,중곡1동,4297,2547,1750,7,490,908,1028,899,965,4,182,494,578,524,765,3,308,414,450,375,200,602769
2017,1,11215750,중곡2동,3902,1945,1957,12,490,821,1038,980,561,7,199,425,494,489,331,5,291,396,544,491,230,544807
2017,1,11215760,중곡3동,2273,1172,1101,7,362,543,533,525,303,5,131,293,257,298,188,2,231,250,276,227,115,600824
2017,1,11215770,중곡4동,2865,1504,1361,5,326,650,789,764,331,4,102,297,413,444,244,1,224,353,376,320,87,2295463
2017,1,11215780,능동,3157,1592,1565,19,544,889,770,601,334,9,188,456,430,277,232,10,356,433,340,324,102,1094134
2017,1,11215810,광장동,8177,4288,3889,68,1521,2455,2058,1438,637,27,528,1274,1230,762,467,41,993,1181,828,676,170,2889609
2017,1,11215820,자양1동,9468,5768,3700,29,1234,2027,2353,2343,1482,15,420,998,1450,1712,1173,14,814,1029,903,631,309,621606
2017,1,11215830,자양2동,7135,4872,2263,7,705,1724,2466,1743,490,6,409,1161,1824,1128,344,1,296,563,642,615,146,1630926
2017,1,11215840,자양3동,3314,1554,1760,24,502,826,785,714,463,11,190,408,358,313,274,13,312,418,427,401,189,1145609
2017,1,11215847,자양4동,2948,1711,1237,11,526,728,765,553,365,6,245,449,434,307,270,5,281,279,331,246,95,1148618
2017,1,11215850,구의1동,4607,2824,1783,17,564,1211,1281,1064,470,10,262,748,820,694,290,7,302,463,461,370,180,553095
2017,1,11215860,구의2동,3426,1889,1537,43,448,689,856,865,525,10,193,345,484,503,354,33,255,344,372,362,171,1363952
2017,1,11215870,구의3동,13443,7962,5481,65,1563,3007,3493,3235,2080,33,796,1938,2158,1720,1317,32,767,1069,1335,1515,763,1453971
2017,1,11230536,용신동,27581,15096,12485,221,4498,7001,7116,5251,3494,102,1820,4083,3929,3067,2095,119,2678,2918,3187,2184,1399,1590771
2017,1,11230545,제기동,5696,3247,2449,26,704,1213,1519,1362,872,6,300,714,881,756,590,20,404,499,638,606,282,1184853
2017,1,11230560,전농1동,2766,1366,1400,28,398,587,743,653,357,12,156,310,392,304,192,16,242,277,351,349,165,1140490
2017,1,11230570,전농2동,3405,1744,1661,3,392,905,942,829,334,1,114,366,483,519,261,2,278,539,459,310,73,983768
2017,1,11230600,답십리1동,6119,3485,2634,33,1150,1498,1535,1150,753,11,663,981,788,540,502,22,487,517,747,610,251,838156
2017,1,11230610,답십리2동,3529,2110,1419,8,411,807,956,800,547,5,191,503,590,482,339,3,220,304,366,318,208,814945
2017,1,11230650,장안1동,13872,8144,5728,73,1920,3184,3356,2988,2351,32,829,1789,2022,1810,1662,41,1091,1395,1334,1178,689,1360347
2017,1,11230660,장안2동,6655,3348,3307,34,1052,1504,1758,1541,766,15,399,795,888,775,476,19,653,709,870,766,290,1119438
2017,1,11230705,청량리동,5838,3297,2541,37,960,1480,1320,1277,764,20,419,856,788,739,475,17,541,624,532,538,289,1197287
2017,1,11230710,회기동,3836,1408,2428,23,864,1284,879,628,158,10,220,535,326,242,75,13,644,749,553,386,83,829432
2017,1,11230720,휘경1동,1568,839,729,3,215,317,376,323,334,0,74,182,203,168,212,3,141,135,173,155,122,519932
2017,1,11230730,휘경2동,4121,1650,2471,15,794,1023,1069,858,362,3,197,423,465,369,193,12,597,600,604,489,169,1207585
2017,1,11230740,이문1동,5366,2911,2455,9,691,1349,1601,1231,485,1,191,550,935,847,387,8,500,799,666,384,98,986690
2017,1,11230750,이문2동,954,477,477,8,117,163,273,250,143,3,26,64,121,156,107,5,91,99,152,94,36,698476
2017,1,11260520,면목2동,2482,1246,1236,7,268,476,678,671,382,2,72,217,334,359,262,5,196,259,344,312,120,743106
2017,1,11260540,면목4동,1721,1020,701,7,157,293,479,581,204,7,56,132,277,403,145,0,101,161,202,178,59,821882
2017,1,11260550,면목5동,1047,701,346,1,84,165,281,317,199,1,37,93,169,237,164,0,47,72,112,80,35,591696
2017,1,11260565,면목본동,2363,1015,1348,5,278,432,649,658,341,2,65,194,292,275,187,3,213,238,357,383,154,840931
2017,1,11260570,면목7동,1372,660,712,3,182,242,358,353,234,0,37,99,171,189,164,3,145,143,187,164,70,1202721
2017,1,11260575,면목3.8동,3817,2098,1719,9,509,772,1009,1038,480,5,136,339,561,698,359,4,373,433,448,340,121,1591050
2017,1,11260580,상봉1동,3137,1768,1369,13,316,513,732,946,617,8,97,230,344,614,475,5,219,283,388,332,142,917193
2017,1,11260590,상봉2동,8341,4906,3435,32,1112,1915,2561,1903,818,12,573,1343,1393,1040,545,20,539,572,1168,863,273,658991
2017,1,11260600,중화1동,1655,628,1027,7,233,356,530,371,158,3,50,130,196,159,90,4,183,226,334,212,68,637209
2017,1,11260610,중화2동,4346,3001,1345,13,293,508,743,733,2056,7,113,283,398,389,1811,6,180,225,345,344,245,960402
2017,1,11260620,묵1동,3144,1440,1704,1,391,770,899,766,317,1,125,376,393,336,209,0,266,394,506,430,108,1184393
2017,1,11260630,묵2동,1755,892,863,4,234,395,508,428,186,3,82,200,256,233,118,1,152,195,252,195,68,682005
2017,1,11260655,망우본동,5551,2731,2820,18,772,1159,1375,1403,824,8,225,476,660,768,594,10,547,683,715,635,230,3074745
2017,1,11260660,망우3동,1644,784,860,6,186,309,417,469,257,4,55,146,179,229,171,2,131,163,238,240,86,967313
2017,1,11260680,신내1동,6192,3191,3001,13,983,1393,1520,1615,668,8,281,730,788,942,442,5,702,663,732,673,226,2361684
2017,1,11260690,신내2동,3889,1879,2010,6,368,931,1075,1040,469,4,98,401,469,641,266,2,270,530,606,399,203,939758
2017,1,11290525,성북동,2911,1329,1582,9,485,879,805,505,228,3,156,381,375,277,137,6,329,498,430,228,91,3067396
2017,1,11290555,삼선동,8901,4490,4411,32,1189,1883,2296,2414,1087,18,423,853,1221,1407,568,14,766,1030,1075,1007,519,1177823
2017,1,11290575,동선동,5908,2492,3416,45,1086,1164,1251,1064,1298,22,290,541,617,465,557,23,796,623,634,599,741,729672
2017,1,11290580,돈암1동,916,336,580,7,102,227,271,205,104,4,24,79,94,77,58,3,78,148,177,128,46,461503
2017,1,11290590,돈암2동,628,192,436,0,121,199,163,97,48,0,21,74,48,24,25,0,100,125,115,73,23,414465
2017,1,11290600,안암동,7648,3803,3845,27,1618,2138,1996,1367,502,9,433,960,1194,874,333,18,1185,1178,802,493,169,1295307
2017,1,11290610,보문동,3325,1795,1530,16,373,612,715,717,892,4,126,322,379,366,598,12,247,290,336,351,294,551172
2017,1,11290620,정릉1동,1119,456,663,5,149,238,324,261,142,3,27,98,129,116,83,2,122,140,195,145,59,475568
2017,1,11290630,정릉2동,1471,684,787,5,208,285,414,374,185,2,70,109,188,192,123,3,138,176,226,182,62,1165255
2017,1,11290640,정릉3동,2863,1691,1172,5,373,564,909,718,294,3,134,257,557,515,225,2,239,307,352,203,69,3182234
2017,1,11290650,정릉4동,2706,1692,1014,3,245,426,719,886,427,2,48,215,472,624,331,1,197,211,247,262,96,3714207
2017,1,11290660,길음1동,2134,737,1397,12,317,432,585,408,380,5,56,134,185,152,205,7,261,298,400,256,175,753885
2017,1,11290685,길음2동,1219,489,730,8,253,292,301,237,128,3,74,116,127,97,72,5,179,176,174,140,56,423663
2017,1,11290705,종암동,3565,1764,1801,10,535,868,991,854,307,1,192,442,492,462,175,9,343,426,499,392,132,1494677
2017,1,11290715,월곡1동,4234,2148,2086,14,473,874,1105,960,808,3,167,438,525,474,541,11,306,436,580,486,267,974658
2017,1,11290725,월곡2동,4759,2563,2196,8,767,1303,1227,942,512,5,274,760,698,530,296,3,493,543,529,412,216,1330228
2017,1,11290760,장위1동,909,350,559,2,78,160,257,283,129,1,16,63,100,113,57,1,62,97,157,170,72,714821
2017,1,11290770,장위2동,2040,1024,1016,5,166,416,535,454,464,2,64,214,223,212,309,3,102,202,312,242,155,682224
2017,1,11290780,장위3동,1681,943,738,3,185,279,467,511,236,0,61,136,251,311,184,3,124,143,216,200,52,663549
2017,1,11290810,석관동,4616,2742,1874,4,409,852,1052,1040,1259,2,138,393,589,667,953,2,271,459,463,373,306,1773773
2017,1,11305534,삼양동,1485,590,895,2,181,302,384,391,225,1,40,97,124,177,151,1,141,205,260,214,74,959451
2017,1,11305535,미아동,2456,1060,1396,10,347,535,668,583,313,6,101,217,309,250,177,4,246,318,359,333,136,835492
2017,1,11305545,송중동,3269,1394,1875,12,510,763,895,675,414,5,181,329,361,265,253,7,329,434,534,410,161,1085065
2017,1,11305555,송천동,2854,1384,1470,8,351,589,772,716,418,3,90,277,363,364,287,5,261,312,409,352,131,928301
2017,1,11305575,삼각산동,1229,396,833,0,173,321,407,242,86,0,45,109,105,83,54,0,128,212,302,159,32,603256
2017,1,11305590,번1동,4034,2275,1759,11,548,851,930,1007,687,4,212,496,545,611,407,7,336,355,385,396,280,619363
2017,1,11305600,번2동,2090,1336,754,10,204,309,637,674,256,8,94,179,372,495,188,2,110,130,265,179,68,992960
2017,1,11305606,번3동,1530,710,820,20,194,274,372,372,298,15,71,123,174,184,143,5,123,151,198,188,155,1075371
2017,1,11305610,수유1동,3113,1607,1506,12,302,513,856,950,480,3,93,247,448,533,283,9,209,266,408,417,197,1748455
2017,1,11305620,수유2동,2144,957,1187,2,207,287,478,520,650,2,64,154,213,225,299,0,143,133,265,295,351,593685
2017,1,11305630,수유3동,4600,2338,2262,23,554,1140,1165,1144,574,15,213,539,582,668,321,8,341,601,583,476,253,725084
2017,1,11305645,우이동,2110,1307,803,3,170,303,490,722,422,0,60,176,289,497,285,3,110,127,201,225,137,10680138
2017,1,11305660,인수동,3343,1476,1867,16,423,726,877,807,494,12,131,304,383,312,334,4,292,422,494,495,160,2869695
2017,1,11320511,창1동,1708,638,1070,6,226,348,497,448,183,0,49,116,178,187,108,6,177,232,319,261,75,1104916
2017,1,11320512,창2동,2384,1189,1195,25,269,449,695,600,346,12,85,218,306,317,251,13,184,231,389,283,95,654615
2017,1,11320513,창3동,877,323,554,1,100,162,287,211,116,1,18,61,98,81,64,0,82,101,189,130,52,635079
2017,1,11320514,창4동,3736,2253,1483,9,379,616,997,1063,672,6,119,310,563,733,522,3,260,306,434,330,150,1155759
2017,1,11320515,창5동,4940,2443,2497,15,634,1216,1404,1251,420,6,193,576,715,690,263,9,441,640,689,561,157,676820
2017,1,11320521,도봉1동,3291,2003,1288,10,243,449,858,1106,625,6,94,234,533,729,407,4,149,215,325,377,218,8547209
2017,1,11320522,도봉2동,5358,3022,2336,7,380,775,1124,1222,1850,3,152,383,556,676,1252,4,228,392,568,546,598,1204332
2017,1,11320660,쌍문1동,2350,949,1401,2,363,423,616,651,295,2,65,187,231,262,202,0,298,236,385,389,93,1177010
2017,1,11320670,쌍문2동,3228,1502,1726,13,302,528,701,768,916,10,110,270,328,383,401,3,192,258,373,385,515,539384
2017,1,11320680,쌍문3동,2043,924,1119,3,440,496,517,430,157,2,115,239,227,236,105,1,325,257,290,194,52,504867
2017,1,11320681,쌍문4동,1126,430,696,0,132,264,283,309,138,0,24,102,92,123,89,0,108,162,191,186,49,543784
2017,1,11320690,방학1동,5191,2895,2296,18,586,876,1254,1510,947,11,221,444,645,886,688,7,365,432,609,624,259,1041785
2017,1,11320700,방학2동,1206,516,690,0,124,279,325,298,180,0,44,146,129,109,88,0,80,133,196,189,92,1102018
2017,1,11320710,방학3동,1864,822,1042,3,138,289,518,598,318,1,34,110,192,259,226,2,104,179,326,339,92,1856777
2017,1,11350560,월계1동,2927,1720,1207,12,316,558,726,810,505,8,107,301,425,526,353,4,209,257,301,284,152,1218934
2017,1,11350570,월계2동,2215,1123,1092,9,258,418,655,588,287,8,87,162,322,344,200,1,171,256,333,244,87,1991095
2017,1,11350580,월계3동,1545,701,844,3,147,271,465,426,233,1,40,110,175,213,162,2,107,161,290,213,71,1133881
2017,1,11350595,공릉1동,8687,4479,4208,38,991,1558,2112,2245,1743,17,381,909,1045,1114,1013,21,610,649,1067,1131,730,1217193
2017,1,11350600,공릉2동,6568,3053,3515,10,1000,1434,1654,1581,889,8,248,569,712,868,648,2,752,865,942,713,241,7207339
2017,1,11350611,하계1동,7454,4125,3329,20,1208,1828,1888,1861,649,13,472,945,1090,1174,431,7,736,883,798,687,218,1467562
2017,1,11350612,하계2동,588,182,406,0,47,110,184,193,54,0,8,34,33,58,49,0,39,76,151,135,5,513857
2017,1,11350619,중계본동,2335,1108,1227,5,222,410,613,530,555,2,86,167,253,240,360,3,136,243,360,290,195,2094464
2017,1,11350621,중계1동,1483,634,849,2,204,278,439,378,182,1,69,110,163,165,126,1,135,168,276,213,56,624508
2017,1,11350624,중계4동,2274,910,1364,11,214,395,645,686,323,2,79,178,250,244,157,9,135,217,395,442,166,1540528
2017,1,11350625,중계2.3동,2665,1084,1581,18,293,564,776,741,273,8,91,258,299,259,169,10,202,306,477,482,104,912217
2017,1,11350630,상계1동,5069,2581,2488,16,533,923,1343,1307,947,9,222,505,646,668,531,7,311,418,697,639,416,4997346
2017,1,11350640,상계2동,4347,1747,2600,49,811,855,1035,1044,553,18,262,375,414,398,280,31,549,480,621,646,273,629194
2017,1,11350665,상계3.4동,3336,1836,1500,1,221,356,818,1044,896,0,69,162,418,666,521,1,152,194,400,378,375,5751720
2017,1,11350670,상계5동,2213,928,1285,6,143,244,452,563,805,0,58,126,185,198,361,6,85,118,267,365,444,473604
2017,1,11350695,상계6.7동,8642,3476,5166,21,1551,2167,2325,1802,776,7,330,759,955,975,450,14,1221,1408,1370,827,326,1434043
2017,1,11350700,상계8동,1067,317,750,0,109,212,371,256,119,0,20,45,72,93,87,0,89,167,299,163,32,668937
2017,1,11350710,상계9동,1279,457,822,4,112,293,406,326,138,0,26,72,114,147,98,4,86,221,292,179,40,833448
2017,1,11350720,상계10동,979,369,610,2,109,192,284,293,99,1,23,61,97,112,75,1,86,131,187,181,24,802642
2017,1,11380510,녹번동,6980,3404,3576,11,906,1706,1875,1723,759,8,315,709,929,1005,438,3,591,997,946,718,321,1923020
2017,1,11380520,불광1동,2625,1089,1536,12,425,794,686,476,232,4,123,339,316,183,124,8,302,455,370,293,108,2948578
2017,1,11380530,불광2동,3348,1611,1737,18,461,779,926,790,374,6,168,389,462,401,185,12,293,390,464,389,189,1756596
2017,1,11380551,갈현1동,2105,945,1160,10,364,465,565,450,251,3,134,211,240,212,145,7,230,254,325,238,106,909869
2017,1,11380552,갈현2동,3207,1313,1894,16,382,718,831,827,433,4,100,332,326,310,241,12,282,386,505,517,192,1018512
2017,1,11380560,구산동,4196,1921,2275,12,451,783,1001,1310,639,2,140,307,405,706,361,10,311,476,596,604,278,1316383
2017,1,11380570,대조동,3376,1374,2002,23,435,704,978,760,476,5,132,279,404,306,248,18,303,425,574,454,228,867572
2017,1,11380580,응암1동,3986,1817,2169,23,482,891,1063,952,575,15,160,397,475,411,359,8,322,494,588,541,216,1126418
2017,1,11380590,응암2동,1116,561,555,5,125,224,287,301,174,2,27,85,131,184,132,3,98,139,156,117,42,554079
2017,1,11380600,응암3동,2818,1178,1640,15,351,592,842,684,334,8,128,252,334,277,179,7,223,340,508,407,155,933101
2017,1,11380625,역촌동,4105,1736,2369,9,441,813,1088,1118,636,2,141,348,468,425,352,7,300,465,620,693,284,1138805
2017,1,11380631,신사1동,1982,967,1015,5,270,382,494,487,344,0,88,192,224,252,211,5,182,190,270,235,133,823498
2017,1,11380632,신사2동,1628,790,838,1,126,247,411,420,423,0,33,86,185,236,250,1,93,161,226,184,173,1050676
2017,1,11380640,증산동,2581,1433,1148,15,298,531,661,659,417,6,97,250,337,413,330,9,201,281,324,246,87,929526
2017,1,11380650,수색동,1367,625,742,5,250,322,316,296,178,4,39,109,164,189,120,1,211,213,152,107,58,1169504
2017,1,11380690,진관동,3882,1771,2111,18,440,722,1159,1157,386,9,117,275,484,648,238,9,323,447,675,509,148,12836383
2017,1,11410520,천연동,1423,574,849,3,161,328,373,357,201,0,46,117,147,143,121,3,115,211,226,214,80,866603
2017,1,11410555,북아현동,1128,471,657,2,133,177,294,337,185,0,36,71,127,143,94,2,97,106,167,194,91,461555
2017,1,11410565,충현동,26549,15271,11278,47,4439,9157,7238,4092,1576,20,1778,5109,4630,2657,1077,27,2661,4048,2608,1435,499,1139343
2017,1,11410585,신촌동,19003,7796,11207,76,4917,5909,4367,2734,1000,24,1358,2218,2036,1510,650,52,3559,3691,2331,1224,350,2504686
2017,1,11410615,연희동,8097,4342,3755,50,1202,2052,1946,1953,894,28,460,1075,1002,1199,578,22,742,977,944,754,316,2965760
2017,1,11410620,홍제1동,1667,688,979,7,248,362,449,359,242,1,57,151,179,146,154,6,191,211,270,213,88,1492096
2017,1,11410640,홍제3동,1634,677,957,1,208,304,443,331,347,0,56,116,160,133,212,1,152,188,283,198,135,1093373
2017,1,11410655,홍제2동,1084,518,566,4,104,178,270,356,172,3,35,79,96,195,110,1,69,99,174,161,62,705399
2017,1,11410660,홍은1동,1237,493,744,4,152,239,342,308,192,2,45,100,123,98,125,2,107,139,219,210,67,1538023
2017,1,11410685,홍은2동,3562,1909,1653,5,503,784,884,897,489,4,171,352,477,550,355,1,332,432,407,347,134,2049745
2017,1,11410690,남가좌1동,1178,573,605,0,220,246,314,261,137,0,44,91,172,171,95,0,176,155,142,90,42,484765
2017,1,11410700,남가좌2동,1713,809,904,10,234,362,452,391,264,3,68,152,200,205,181,7,166,210,252,186,83,787125
2017,1,11410710,북가좌1동,1681,1029,652,4,175,277,424,461,340,1,43,129,224,337,295,3,132,148,200,124,45,562752
2017,1,11410720,북가좌2동,2420,1245,1175,6,242,432,623,674,443,2,91,209,295,366,282,4,151,223,328,308,161,806705
2017,1,11440555,아현동,22562,12786,9776,108,3953,7331,5877,3981,1312,38,1532,4298,3824,2255,839,70,2421,3033,2053,1726,473,870645
2017,1,11440565,공덕동,11007,6775,4232,55,2294,2765,3271,1865,757,19,1067,1569,2319,1357,444,36,1227,1196,952,508,313,891209
2017,1,11440585,도화동,13759,7306,6453,69,2758,3718,3303,2517,1394,29,1138,2142,1781,1257,959,40,1620,1576,1522,1260,435,863516
2017,1,11440590,용강동,16178,9320,6858,115,2658,4561,3953,2934,1957,55,993,2818,2530,1632,1292,60,1665,1743,1423,1302,665,910388
2017,1,11440600,대흥동,8219,4171,4048,115,2362,2332,1649,1126,635,44,870,1223,982,668,384,71,1492,1109,667,458,251,854083
2017,1,11440610,염리동,5163,3115,2048,107,867,1654,1249,852,434,52,447,1095,837,409,275,55,420,559,412,443,159,549601
2017,1,11440630,신수동,4410,2490,1920,16,651,1407,1249,768,319,8,233,817,771,449,212,8,418,590,478,319,107,914314
2017,1,11440655,서강동,9258,5134,4124,47,1998,2373,1929,1394,1517,18,756,1401,1297,869,793,29,1242,972,632,525,724,1890596
2017,1,11440660,서교동,44495,22687,21808,366,11815,12883,9118,5763,4550,144,4510,7226,5593,2891,2323,222,7305,5657,3525,2872,2227,1641475
2017,1,11440680,합정동,10245,5404,4841,59,2250,3499,2583,1271,583,8,725,1874,1614,790,393,51,1525,1625,969,481,190,1792621
2017,1,11440690,망원1동,2900,1590,1310,23,620,755,729,513,260,12,286,477,405,249,161,11,334,278,324,264,99,1111518
2017,1,11440700,망원2동,3210,1463,1747,10,453,824,946,678,299,4,179,429,400,255,196,6,274,395,546,423,103,1209563
2017,1,11440710,연남동,4374,2329,2045,15,1017,1447,1019,581,295,7,406,785,600,334,197,8,611,662,419,247,98,641653
2017,1,11440720,성산1동,9793,6559,3234,48,1209,1940,1977,1706,2913,24,468,1165,1233,1126,2543,24,741,775,744,580,370,855779
2017,1,11440730,성산2동,9266,4287,4979,15,626,1399,1939,2842,2445,9,224,586,963,1169,1336,6,402,813,976,1673,1109,1990923
2017,1,11440740,상암동,38499,22903,15596,312,11264,12985,8972,3689,1277,116,4358,7845,6743,2835,1006,196,6906,5140,2229,854,271,7646126
2017,1,11470510,목1동,14724,9224,5500,82,2379,4304,4290,2657,1012,28,970,2606,3091,1868,661,54,1409,1698,1199,789,351,1572490
2017,1,11470520,목2동,2391,1235,1156,3,354,701,614,494,225,1,128,402,328,237,139,2,226,299,286,257,86,1021500
2017,1,11470530,목3동,2240,1066,1174,4,292,514,562,491,377,2,100,253,285,221,205,2,192,261,277,270,172,533074
2017,1,11470540,목4동,1819,809,1010,4,226,373,508,466,242,2,67,179,193,223,145,2,159,194,315,243,97,578170
2017,1,11470550,목5동,6457,2338,4119,18,1209,1689,1608,1271,662,9,230,510,568,612,409,9,979,1179,1040,659,253,2055129
2017,1,11470560,신월1동,2427,1436,991,12,173,428,703,767,344,7,58,227,409,493,242,5,115,201,294,274,102,625887
2017,1,11470570,신월2동,2168,1079,1089,2,197,395,623,620,331,2,71,176,268,347,215,0,126,219,355,273,116,608140
2017,1,11470580,신월3동,2556,1393,1163,4,207,483,669,816,377,2,69,242,310,476,294,2,138,241,359,340,83,932122
2017,1,11470590,신월4동,1985,1164,821,11,167,318,510,588,391,5,72,162,252,361,312,6,95,156,258,227,79,470224
2017,1,11470600,신월5동,2699,1585,1114,4,227,392,568,600,908,3,57,157,237,298,833,1,170,235,331,302,75,523363
2017,1,11470610,신월6동,1213,632,581,3,131,188,331,341,219,1,46,88,145,197,155,2,85,100,186,144,64,437027
2017,1,11470611,신월7동,3709,2436,1273,2,333,570,1007,1092,705,1,207,361,603,707,557,1,126,209,404,385,148,1403954
2017,1,11470620,신정1동,2735,1274,1461,6,302,575,746,681,425,3,122,277,352,291,229,3,180,298,394,390,196,722680
2017,1,11470630,신정2동,1804,749,1055,8,224,335,535,466,236,3,56,166,194,187,143,5,168,169,341,279,93,594999
2017,1,11470640,신정3동,5514,3105,2409,4,567,1034,1399,1468,1042,1,151,471,710,891,881,3,416,563,689,577,161,2650845
2017,1,11470650,신정4동,7766,3769,3997,33,1018,1701,1940,1779,1295,15,324,878,964,781,807,18,694,823,976,998,488,996406
2017,1,11470670,신정6동,5323,2869,2454,26,648,1346,1424,1468,411,22,282,639,699,972,255,4,366,707,725,496,156,972556
2017,1,11470680,신정7동,1809,770,1039,7,195,319,572,481,235,5,72,132,229,195,137,2,123,187,343,286,98,1144112
2017,1,11500510,염창동,11807,7194,4613,54,1993,3387,3111,2169,1093,23,830,2067,2061,1381,832,31,1163,1320,1050,788,261,1957926
2017,1,11500520,등촌1동,30071,12303,17768,175,4242,7473,10646,6542,993,137,2347,4782,3171,1261,605,38,1895,2691,7475,5281,388,649434
2017,1,11500530,등촌2동,2264,1230,1034,5,242,517,611,578,311,3,69,242,331,344,241,2,173,275,280,234,70,908847
2017,1,11500535,등촌3동,18311,9160,9151,86,3283,3674,3870,5033,2365,52,1374,2175,2104,2065,1390,34,1909,1499,1766,2968,975,1049363
2017,1,11500540,화곡1동,4539,2116,2423,21,602,1007,1182,1148,579,11,238,509,550,475,333,10,364,498,632,673,246,1194778
2017,1,11500550,화곡2동,1621,734,887,3,223,397,471,394,133,1,107,215,191,146,74,2,116,182,280,248,59,456061
2017,1,11500560,화곡3동,2484,1139,1345,9,299,427,635,783,331,3,106,241,307,292,190,6,193,186,328,491,141,515596
2017,1,11500570,화곡4동,1830,836,994,6,244,402,524,481,173,6,90,202,202,233,103,0,154,200,322,248,70,853460
2017,1,11500590,화곡본동,2317,866,1451,1,302,553,653,502,306,0,55,217,259,178,157,1,247,336,394,324,149,1007050
2017,1,11500591,화곡6동,9719,5881,3838,33,1151,2281,2393,2451,1410,18,529,1286,1477,1635,936,15,622,995,916,816,474,1034624
2017,1,11500593,화곡8동,1320,552,768,9,182,312,374,265,178,3,57,156,152,87,97,6,125,156,222,178,81,567208
2017,1,11500603,가양1동,11108,7339,3769,48,1698,3011,2936,2304,1111,28,944,1942,1953,1585,887,20,754,1069,983,719,224,5908521
2017,1,11500604,가양2동,2258,1137,1121,6,358,511,468,419,496,4,130,235,220,170,378,2,228,276,248,249,118,996881
2017,1,11500605,가양3동,5243,3168,2075,29,923,1638,1450,845,358,16,439,1076,922,484,231,13,484,562,528,361,127,691403
2017,1,11500611,발산1동,6833,3723,3110,15,683,1412,1853,1920,950,6,201,692,952,1156,716,9,482,720,901,764,234,3032326
2017,1,11500615,우장산동,4313,1801,2512,79,682,925,1119,947,561,30,205,438,502,356,270,49,477,487,617,591,291,1268459
2017,1,11500620,공항동,40565,23821,16744,59,7807,12744,12127,6532,1296,25,2056,5984,8852,5806,1098,34,5751,6760,3275,726,198,11377979
2017,1,11500630,방화1동,8125,5388,2737,19,1182,1937,2196,2070,721,7,722,1368,1485,1373,433,12,460,569,711,697,288,1125789
2017,1,11500640,방화2동,4673,2682,1991,30,861,952,1041,1094,695,22,356,547,578,670,509,8,505,405,463,424,186,5564098
2017,1,11500641,방화3동,3244,1748,1496,9,281,597,753,900,704,5,67,242,416,590,428,4,214,355,337,310,276,1964100
2017,1,11530510,신도림동,9429,5481,3948,29,1614,2773,2474,1758,781,9,686,1612,1466,1113,595,20,928,1161,1008,645,186,1312211
2017,1,11530520,구로1동,2414,1118,1296,4,237,573,572,405,623,3,111,337,288,187,192,1,126,236,284,218,431,1004193
2017,1,11530530,구로2동,26649,14539,12110,85,4182,8240,6844,5070,2228,47,1494,4121,3916,3334,1627,38,2688,4119,2928,1736,601,1807452
2017,1,11530540,구로3동,78316,48346,29970,544,18025,27722,18401,9242,4382,288,8370,18762,12556,5301,3069,256,9655,8960,5845,3941,1313,1033159
2017,1,11530550,구로4동,2881,1224,1657,9,322,584,844,647,475,3,100,242,338,250,291,6,222,342,506,397,184,538215
2017,1,11530560,구로5동,20786,11738,9048,86,4300,6188,4556,3477,2179,52,1870,3576,2923,2020,1297,34,2430,2612,1633,1457,882,1075552
2017,1,11530595,가리봉동,1510,625,885,0,199,260,366,371,314,0,77,135,139,130,144,0,122,125,227,241,170,415751
2017,1,11530720,고척1동,5773,3460,2313,25,676,1147,1499,1400,1026,9,296,644,846,882,783,16,380,503,653,518,243,1100132
2017,1,11530730,고척2동,2038,933,1105,10,279,450,591,494,214,3,120,212,241,225,132,7,159,238,350,269,82,1013917
2017,1,11530740,개봉1동,3031,1400,1631,5,374,570,826,833,423,3,124,280,376,370,247,2,250,290,450,463,176,1168155
2017,1,11530750,개봉2동,1418,576,842,5,204,301,431,285,192,4,49,116,158,136,113,1,155,185,273,149,79,825368
2017,1,11530760,개봉3동,3881,2075,1806,2,128,317,501,643,2290,2,46,109,182,271,1465,0,82,208,319,372,825,831642
2017,1,11530770,오류1동,3564,1503,2061,16,415,708,1102,885,438,6,144,330,428,317,278,10,271,378,674,568,160,707130
2017,1,11530780,오류2동,4054,2044,2010,9,469,894,1056,1047,579,6,124,440,496,553,425,3,345,454,560,494,154,4314692
2017,1,11530790,수궁동,4197,2657,1540,15,459,934,1076,1135,578,12,232,571,641,736,465,3,227,363,435,399,113,2684146
2017,1,11545510,가산동,136017,85457,50560,3500,32718,42590,32319,16448,8442,1530,15907,28866,22415,10494,6245,1970,16811,13724,9904,5954,2197,2245346
2017,1,11545610,독산1동,16516,10914,5602,75,2145,4015,4570,3919,1792,57,1235,2819,2922,2504,1377,18,910,1196,1648,1415,415,1956086
2017,1,11545620,독산2동,1553,730,823,2,184,265,440,397,265,2,53,109,202,198,166,0,131,156,238,199,99,596742
2017,1,11545630,독산3동,4945,2951,1994,18,440,769,959,1042,1717,10,149,330,423,537,1502,8,291,439,536,505,215,982894
2017,1,11545640,독산4동,1992,1095,897,3,284,408,573,432,292,3,134,242,313,222,181,0,150,166,260,210,111,605029
2017,1,11545670,시흥1동,9111,4366,4745,58,1594,2383,2077,1927,1072,37,703,1135,919,1010,562,21,891,1248,1158,917,510,1437595
2017,1,11545680,시흥2동,1305,397,908,6,149,319,336,341,154,1,23,78,97,110,88,5,126,241,239,231,66,1170211
2017,1,11545690,시흥3동,8909,5495,3414,29,730,1733,2966,2406,1045,9,385,1087,1710,1499,805,20,345,646,1256,907,240,1328458
2017,1,11545700,시흥4동,888,301,587,1,90,175,281,248,93,0,27,56,73,99,46,1,63,119,208,149,47,873884
2017,1,11545710,시흥5동,2054,1091,963,1,156,290,579,670,358,0,35,134,300,390,232,1,121,156,279,280,126,1368598
2017,1,11560515,영등포본동,2412,1140,1272,19,385,516,662,533,297,7,144,235,288,263,203,12,241,281,374,270,94,843586
2017,1,11560535,영등포동,22896,13942,8954,131,3679,5949,5545,4537,3055,45,1591,3653,3706,2922,2025,86,2088,2296,1839,1615,1030,1390482
2017,1,11560540,여의동,274324,182529,91795,776,55170,103757,71285,33301,10035,228,24968,70577,55382,25103,6271,548,30202,33180,15903,8198,3764,6703511
2017,1,11560550,당산1동,14884,8554,6330,74,2419,3567,3228,3075,2521,35,932,1965,1925,1999,1698,39,1487,1602,1303,1076,823,746447
2017,1,11560560,당산2동,28833,15635,13198,212,6247,7153,6351,4860,4010,103,2422,4067,3570,2753,2720,109,3825,3086,2781,2107,1290,1526636
2017,1,11560585,도림동,2050,1277,773,9,203,407,511,488,432,3,82,250,325,304,313,6,121,157,186,184,119,539427
2017,1,11560605,문래동,43860,26975,16885,194,9079,13105,10526,6648,4308,95,4414,8256,6606,4338,3266,99,4665,4849,3920,2310,1042,1738475
2017,1,11560610,양평1동,18994,10946,8048,172,4069,4569,4235,3603,2346,95,1891,2912,2510,1957,1581,77,2178,1657,1725,1646,765,869573
2017,1,11560620,양평2동,33855,18255,15600,175,6410,12214,9782,4043,1231,74,2657,6828,5320,2440,936,101,3753,5386,4462,1603,295,2573400
2017,1,11560630,신길1동,4698,2550,2148,11,502,717,927,1408,1133,2,139,372,514,798,725,9,363,345,413,610,408,762886
2017,1,11560650,신길3동,1549,714,835,2,155,298,417,374,303,0,50,144,185,171,164,2,105,154,232,203,139,510335
2017,1,11560660,신길4동,1220,621,599,9,137,356,378,230,110,6,49,180,196,116,74,3,88,176,182,114,36,298738
2017,1,11560670,신길5동,1160,560,600,5,128,284,289,306,148,4,44,118,132,153,109,1,84,166,157,153,39,498387
2017,1,11560680,신길6동,2394,1094,1300,15,298,530,590,546,415,2,88,259,246,245,254,13,210,271,344,301,161,676005
2017,1,11560690,신길7동,2653,1618,1035,7,389,589,661,721,286,4,243,401,418,362,190,3,146,188,243,359,96,599547
2017,1,11560700,대림1동,2672,1059,1613,19,710,641,588,473,241,13,141,269,274,217,145,6,569,372,314,256,96,493503
2017,1,11560710,대림2동,2300,1031,1269,3,266,517,718,475,321,0,80,231,257,238,225,3,186,286,461,237,96,574495
2017,1,11560720,대림3동,7979,4600,3379,25,949,1736,2137,1955,1177,11,467,1099,1325,1042,656,14,482,637,812,913,521,933892
2017,1,11590510,노량진1동,4303,2398,1905,8,564,1055,1137,1050,489,4,218,606,722,590,258,4,346,449,415,460,231,1876800
2017,1,11590520,노량진2동,5861,3312,2549,18,715,1444,1311,1425,948,12,369,711,702,879,639,6,346,733,609,546,309,619921
2017,1,11590530,상도1동,4461,2187,2274,17,649,1138,1242,954,461,8,210,532,654,494,289,9,439,606,588,460,172,1492421
2017,1,11590540,상도2동,2630,1067,1563,5,300,514,811,659,341,4,86,209,347,269,152,1,214,305,464,390,189,771971
2017,1,11590550,상도3동,1169,467,702,2,135,267,311,308,146,0,41,101,118,122,85,2,94,166,193,186,61,662403
2017,1,11590560,상도4동,1752,638,1114,8,251,381,476,396,240,0,59,160,187,130,102,8,192,221,289,266,138,947172
2017,1,11590605,흑석동,5599,2544,3055,15,1114,1516,1448,1053,453,6,287,586,730,622,313,9,827,930,718,431,140,2062251
2017,1,11590620,사당1동,5074,2584,2490,34,1106,1336,1311,810,477,10,321,700,775,441,337,24,785,636,536,369,140,630335
2017,1,11590630,사당2동,3049,1433,1616,14,463,711,775,718,368,5,174,349,370,314,221,9,289,362,405,404,147,3064442
2017,1,11590640,사당3동,2790,1391,1399,12,286,456,615,663,758,6,94,219,285,318,469,6,192,237,330,345,289,898029
2017,1,11590650,사당4동,1045,497,548,2,115,224,266,245,193,0,26,96,123,117,135,2,89,128,143,128,58,431219
2017,1,11590651,사당5동,1001,484,517,4,217,237,250,208,85,1,116,97,103,104,63,3,101,140,147,104,22,658780
2017,1,11590660,대방동,10165,5619,4546,62,1342,2774,2366,2114,1507,12,560,1734,1385,1088,840,50,782,1040,981,1026,667,1591876
2017,1,11590670,신대방1동,3678,2226,1452,19,562,932,865,753,547,15,325,650,555,368,313,4,237,282,310,385,234,685547
2017,1,11590680,신대방2동,28194,15174,13020,234,4864,7239,6808,5973,3076,117,2702,4444,3442,2865,1604,117,2162,2795,3366,3108,1472,1024271
2017,1,11620525,보라매동,5290,2276,3014,10,751,1661,1844,701,323,2,244,615,831,383,201,8,507,1046,1013,318,122,758003
2017,1,11620545,청림동,615,243,372,3,112,158,154,111,77,2,26,67,47,46,55,1,86,91,107,65,22,305629
2017,1,11620565,성현동,1545,680,865,7,192,389,471,342,144,3,80,174,179,149,95,4,112,215,292,193,49,695625
2017,1,11620575,행운동,3623,1821,1802,26,713,918,873,677,416,12,278,501,463,316,251,14,435,417,410,361,165,739229
2017,1,11620585,낙성대동,11816,6459,5357,28,1735,3643,2805,2373,1232,17,644,1684,1603,1528,983,11,1091,1959,1202,845,249,2341406
2017,1,11620595,청룡동,7466,4174,3292,15,970,1870,1933,1797,881,10,403,977,1059,1134,591,5,567,893,874,663,290,1186204
2017,1,11620605,은천동,3680,1659,2021,7,488,692,824,992,677,2,147,336,358,440,376,5,341,356,466,552,301,738181
2017,1,11620615,중앙동,1977,948,1029,6,322,473,527,351,298,1,100,216,283,178,170,5,222,257,244,173,128,385136
2017,1,11620625,인헌동,2483,1196,1287,4,325,588,669,533,364,2,90,308,312,247,237,2,235,280,357,286,127,709688
2017,1,11620630,남현동,4038,2285,1753,15,859,983,1055,794,332,9,430,598,628,387,233,6,429,385,427,407,99,4218667
2017,1,11620645,서원동,3921,1759,2162,30,743,809,760,797,782,10,274,364,337,330,444,20,469,445,423,467,338,642690
2017,1,11620655,신원동,1079,420,659,1,122,214,253,271,218,0,31,78,111,101,99,1,91,136,142,170,119,549115
2017,1,11620665,서림동,1556,931,625,3,142,259,378,448,326,3,49,145,210,263,261,0,93,114,168,185,65,981577
2017,1,11620685,신사동,2177,1121,1056,8,296,423,567,574,309,7,116,230,287,285,196,1,180,193,280,289,113,609167
2017,1,11620695,신림동,2448,1219,1229,11,423,500,617,525,372,2,155,286,321,228,227,9,268,214,296,297,145,507666
2017,1,11620715,난향동,1315,478,837,1,97,194,274,377,372,1,13,50,99,112,203,0,84,144,175,265,169,786985
2017,1,11620725,조원동,4027,2421,1606,7,511,906,1105,955,543,3,265,595,630,559,369,4,246,311,475,396,174,652569
2017,1,11620735,대학동,2181,1193,988,7,268,495,552,581,278,2,98,247,303,346,197,5,170,248,249,235,81,8107585
2017,1,11620745,삼성동,1068,454,614,5,150,222,241,279,171,3,29,88,87,131,116,2,121,134,154,148,55,2591742
2017,1,11620765,미성동,3099,1530,1569,5,295,532,833,813,621,0,95,229,394,428,384,5,200,303,439,385,237,1355300
2017,1,11620775,난곡동,1101,436,665,0,149,259,295,286,112,0,29,102,107,135,63,0,120,157,188,151,49,982294
2017,1,11650510,서초1동,38222,20824,17398,267,9749,11529,8796,5363,2518,115,3887,7065,5292,2715,1750,152,5862,4464,3504,2648,768,1383210
2017,1,11650520,서초2동,46176,28634,17542,212,8982,14184,12025,6860,3913,101,4135,8781,8206,4637,2774,111,4847,5403,3819,2223,1139,1229759
2017,1,11650530,서초3동,74501,43395,31106,365,13812,22665,20142,11579,5938,141,5384,12935,12981,7555,4399,224,8428,9730,7161,4024,1539,3027494
2017,1,11650531,서초4동,26200,13227,12973,140,7323,9266,5397,2536,1538,36,2214,5008,3399,1547,1023,104,5109,4258,1998,989,515,882770
2017,1,11650540,잠원동,20323,12284,8039,113,4283,6831,5060,2439,1597,25,1571,4283,3609,1638,1158,88,2712,2548,1451,801,439,1840832
2017,1,11650550,반포본동,1416,766,650,2,187,335,369,332,191,1,82,161,183,221,118,1,105,174,186,111,73,1491264
2017,1,11650560,반포1동,7305,4168,3137,25,1658,2478,1570,985,589,11,737,1452,1025,571,372,14,921,1026,545,414,217,1000549
2017,1,11650570,반포2동,1975,1030,945,35,344,535,520,349,192,15,115,260,290,209,141,20,229,275,230,140,51,1258050
2017,1,11650580,반포3동,8476,3876,4600,87,1647,2347,1833,1500,1062,31,803,1106,929,514,493,56,844,1241,904,986,569,1325140
2017,1,11650581,반포4동,35577,14746,20831,227,9731,11007,7816,4457,2339,98,2584,4869,3846,2059,1290,129,7147,6138,3970,2398,1049,1416005
2017,1,11650590,방배본동,7290,3797,3493,32,1188,1809,1646,1517,1098,13,503,1124,926,587,644,19,685,685,720,930,454,660469
2017,1,11650600,방배1동,11690,5999,5691,57,2878,3746,2626,1417,966,12,1047,2149,1461,697,633,45,1831,1597,1165,720,333,691215
2017,1,11650610,방배2동,22127,16013,6114,112,2703,4101,6757,6988,1466,76,1493,2856,5130,5436,1022,36,1210,1245,1627,1552,444,1901725
2017,1,11650620,방배3동,9308,5635,3673,46,1727,2534,2065,1622,1314,15,709,1493,1372,1050,996,31,1018,1041,693,572,318,2411856
2017,1,11650621,방배4동,11658,6261,5397,62,2165,3115,3060,2087,1169,17,812,1783,1644,1163,842,45,1353,1332,1416,924,327,954529
2017,1,11650651,양재1동,36941,21555,15386,199,6507,10445,8956,6620,4214,87,2824,6317,5452,4089,2786,112,3683,4128,3504,2531,1428,5711370
2017,1,11650652,양재2동,121460,99789,21671,688,15089,29332,36746,35727,3878,299,10072,23701,30965,31972,2780,389,5017,5631,5781,3755,1098,7516954
2017,1,11650660,내곡동,5989,3916,2073,20,736,1628,1608,1360,637,14,314,1033,1120,994,441,6,422,595,488,366,196,13190710
2017,1,11680510,신사동,23323,10769,12554,195,7251,7383,4556,2371,1567,55,2176,3736,2565,1221,1016,140,5075,3647,1991,1150,551,1736994
2017,1,11680521,논현1동,41378,22216,19162,226,10595,13609,8937,4892,3119,99,3614,7729,5777,2821,2176,127,6981,5880,3160,2071,943,1254345
2017,1,11680531,논현2동,64419,35042,29377,297,15521,21338,14054,7828,5381,79,5218,11753,9180,5189,3623,218,10303,9585,4874,2639,1758,1445565
2017,1,11680545,압구정동,32712,14327,18385,403,10509,10573,5768,3289,2170,132,3348,4972,3139,1597,1139,271,7161,5601,2629,1692,1031,2520945
2017,1,11680565,청담동,44665,21297,23368,330,12904,15336,9176,4240,2679,66,3766,7674,5518,2540,1733,264,9138,7662,3658,1700,946,2384707
2017,1,11680580,삼성1동,88689,53855,34834,519,22123,31173,18874,10214,5786,215,10196,19924,13426,6361,3733,304,11927,11249,5448,3853,2053,1926134
2017,1,11680590,삼성2동,55751,27027,28724,356,16491,16833,11443,7381,3247,160,6047,9653,5963,3243,1961,196,10444,7180,5480,4138,1286,1247821
2017,1,11680600,대치1동,3510,1514,1996,48,652,958,858,613,381,8,162,369,417,303,255,40,490,589,441,310,126,795761
2017,1,11680610,대치2동,61075,36798,24277,416,12708,19924,14529,8455,5043,135,5134,12780,10204,5303,3242,281,7574,7144,4325,3152,1801,2043875
2017,1,11680630,대치4동,28344,16380,11964,279,6155,9911,7270,3198,1531,45,2494,5962,4738,2122,1019,234,3661,3949,2532,1076,512,717795
2017,1,11680640,역삼1동,181730,105050,76680,1358,41180,59503,43277,24552,11860,675,16729,36387,29626,14479,7154,683,24451,23116,13651,10073,4706,2360116
2017,1,11680650,역삼2동,47357,26015,21342,436,11900,14010,10870,6501,3640,175,4420,8021,6990,4067,2342,261,7480,5989,3880,2434,1298,1127531
2017,1,11680655,도곡1동,21256,8325,12931,229,4360,5427,7016,3153,1071,111,1818,2607,1957,1111,721,118,2542,2820,5059,2042,350,1022697
2017,1,11680656,도곡2동,18740,10632,8108,70,3532,5504,4371,2619,2644,36,1368,3111,3000,1704,1413,34,2164,2393,1371,915,1231,1025651
2017,1,11680660,개포1동,1725,1094,631,3,186,346,362,425,403,0,78,201,203,290,322,3,108,145,159,135,81,973078
2017,1,11680670,개포2동,2681,1365,1316,16,262,475,700,788,440,8,88,205,365,420,279,8,174,270,335,368,161,2371826
2017,1,11680690,개포4동,10157,6286,3871,47,1384,2577,2690,2027,1432,21,633,1701,1689,1223,1019,26,751,876,1001,804,413,1561449
2017,1,11680700,세곡동,4014,1968,2046,10,519,905,998,971,611,7,166,395,409,523,468,3,353,510,589,448,143,5894759
2017,1,11680720,일원본동,7363,1930,5433,16,2211,2949,1372,642,173,0,328,730,438,306,128,16,1883,2219,934,336,45,2381558
2017,1,11680730,일원1동,3185,1742,1443,5,380,686,678,767,669,4,193,394,387,404,360,1,187,292,291,363,309,947888
2017,1,11680740,일원2동,12950,10080,2870,136,3767,4084,2543,1790,630,89,3036,3413,1925,1234,383,47,731,671,618,556,247,1043911
2017,1,11680750,수서동,17351,8515,8836,64,2855,5266,4726,2813,1627,32,1074,2632,2112,1419,1246,32,1781,2634,2614,1394,381,1648393
2017,1,11710510,풍납1동,1369,613,756,4,140,292,382,340,211,0,44,124,151,161,133,4,96,168,231,179,78,1057487
2017,1,11710520,풍납2동,13027,4280,8747,15,3344,4519,3196,1458,495,7,618,1242,1225,809,379,8,2726,3277,1971,649,116,1999222
2017,1,11710531,거여1동,3694,2637,1057,18,891,1033,882,537,333,14,752,790,600,281,200,4,139,243,282,256,133,512307
2017,1,11710532,거여2동,2203,831,1372,3,285,405,602,606,302,3,90,184,226,195,133,0,195,221,376,411,169,510046
2017,1,11710540,마천1동,1099,497,602,2,128,200,310,282,177,0,40,81,127,149,100,2,88,119,183,133,77,504704
2017,1,11710550,마천2동,3254,1808,1446,8,329,680,859,911,467,4,147,413,467,468,309,4,182,267,392,443,158,936181
2017,1,11710561,방이1동,6468,3925,2543,31,793,1392,1410,1260,1582,9,300,774,832,760,1250,22,493,618,578,500,332,581968
2017,1,11710562,방이2동,18633,10593,8040,93,2651,4743,4590,4044,2512,56,1339,3041,2626,1970,1561,37,1312,1702,1964,2074,951,763928
2017,1,11710566,오륜동,3139,1847,1292,8,405,888,829,795,214,4,174,497,499,508,165,4,231,391,330,287,49,3150411
2017,1,11710570,오금동,13005,7749,5256,33,1201,2555,2631,2644,3941,11,539,1591,1599,1444,2565,22,662,964,1032,1200,1376,1691111
2017,1,11710580,송파1동,6974,4149,2825,30,1025,1625,1692,1488,1114,10,541,1024,1020,829,725,20,484,601,672,659,389,683881
2017,1,11710590,송파2동,5544,2724,2820,37,1198,1592,1255,1029,433,17,416,875,716,423,277,20,782,717,539,606,156,636016
2017,1,11710600,석촌동,9540,5207,4333,73,1904,2299,2270,1776,1218,32,676,1333,1376,998,792,41,1228,966,894,778,426,943819
2017,1,11710610,삼전동,7924,4864,3060,33,986,1689,1775,1687,1754,14,429,1088,1036,901,1396,19,557,601,739,786,358,992437
2017,1,11710620,가락본동,27122,16093,11029,103,4315,7069,6713,5420,3502,39,1962,4241,4303,3147,2401,64,2353,2828,2410,2273,1101,1024764
2017,1,11710631,가락1동,9615,6865,2750,15,602,1810,2875,2787,1526,4,443,1444,2127,1782,1065,11,159,366,748,1005,461,1357317
2017,1,11710632,가락2동,7969,4420,3549,52,1137,1952,2142,1716,970,25,530,1158,1113,881,713,27,607,794,1029,835,257,934057
2017,1,11710641,문정1동,5443,3402,2041,26,731,1230,1406,1081,969,12,367,769,893,646,715,14,364,461,513,435,254,604321
2017,1,11710642,문정2동,17434,11863,5571,85,2906,5543,4623,2749,1528,40,1558,3934,3253,1854,1224,45,1348,1609,1370,895,304,2387651
2017,1,11710646,장지동,8818,5803,3015,28,818,1530,2310,2379,1753,8,370,943,1480,1665,1337,20,448,587,830,714,416,1295680
2017,1,11710647,위례동,1721,1164,557,7,100,294,538,636,146,0,31,152,360,501,120,7,69,142,178,135,26,2626871
2017,1,11710650,잠실본동,14623,8248,6375,84,2551,3402,3450,2931,2205,46,988,1914,2052,1783,1465,38,1563,1488,1398,1148,740,1136161
2017,1,11710670,잠실2동,3194,1796,1398,7,547,926,876,610,228,2,285,518,491,323,177,5,262,408,385,287,51,2886358
2017,1,11710680,잠실3동,4564,2023,2541,183,1535,901,951,742,252,65,630,412,410,393,113,118,905,489,541,349,139,1506573
2017,1,11710690,잠실4동,1059,423,636,1,142,219,321,236,140,0,29,78,103,106,107,1,113,141,218,130,33,838370
2017,1,11710710,잠실6동,63352,34354,28998,397,11558,19270,19544,10678,1905,182,5761,13076,10286,3741,1308,215,5797,6194,9258,6937,597,1403041
2017,1,11710720,잠실7동,649,296,353,1,49,153,165,188,93,0,14,70,67,86,59,1,35,83,98,102,34,675008
2017,1,11740515,강일동,13133,10333,2800,10,2134,5133,3064,2040,752,9,1381,4158,2466,1680,639,1,753,975,598,360,113,3722759
2017,1,11740520,상일동,3360,1393,1967,2,597,974,753,738,296,1,126,323,340,408,195,1,471,651,413,330,101,1801282
2017,1,11740530,명일1동,3042,1207,1835,10,362,488,722,802,658,3,118,215,277,266,328,7,244,273,445,536,330,630284
2017,1,11740540,명일2동,2268,1031,1237,4,305,485,583,612,279,1,80,226,251,295,178,3,225,259,332,317,101,920946
2017,1,11740550,고덕1동,1248,523,725,2,150,262,332,306,196,1,41,108,143,129,101,1,109,154,189,177,95,1906565
2017,1,11740560,고덕2동,1312,628,684,0,99,235,337,463,178,0,37,108,133,239,111,0,62,127,204,224,67,2408099
2017,1,11740570,암사1동,2273,1103,1170,7,264,494,585,556,367,4,97,236,286,266,214,3,167,258,299,290,153,738366
2017,1,11740580,암사2동,2857,1121,1736,13,405,566,740,775,358,4,145,237,269,245,221,9,260,329,471,530,137,2337773
2017,1,11740590,암사3동,1205,558,647,3,166,293,319,334,90,1,55,134,132,170,66,2,111,159,187,164,24,1843902
2017,1,11740600,천호1동,2764,1273,1491,16,320,575,684,697,472,9,95,282,313,307,267,7,225,293,371,390,205,669571
2017,1,11740610,천호2동,7586,3853,3733,39,1208,1797,1854,1571,1117,13,466,952,962,730,730,26,742,845,892,841,387,1828343
2017,1,11740620,천호3동,3423,1808,1615,15,384,702,838,829,655,4,118,378,463,441,404,11,266,324,375,388,251,569450
2017,1,11740640,성내1동,13529,8282,5247,32,1671,3472,3615,2996,1743,19,753,2012,2163,2073,1262,13,918,1460,1452,923,481,658437
2017,1,11740650,성내2동,3496,1786,1710,19,592,794,803,759,529,3,240,401,418,360,364,16,352,393,385,399,165,624632
2017,1,11740660,성내3동,6034,3398,2636,28,913,1593,1459,1190,851,14,423,950,857,641,513,14,490,643,602,549,338,641973
2017,1,11740685,길동,9758,4938,4820,20,1606,2455,2255,2002,1420,8,570,1284,1213,952,911,12,1036,1171,1042,1050,509,1590598
2017,1,11740690,둔촌1동,915,538,377,1,85,154,205,238,232,0,43,69,92,128,206,1,42,85,113,110,26,897261
2017,1,11740700,둔촌2동,6417,3146,3271,13,1223,1769,1527,1295,590,6,372,864,755,736,413,7,851,905,772,559,177,1592001
2017,2,11110515,청운효자동,7371,4738,2633,3,1463,2388,1662,1466,389,2,825,1547,1100,1014,250,1,638,841,562,452,139,2429899
2017,2,11110530,사직동,69672,40967,28705,96,10466,21105,19372,11898,6735,32,3791,11865,13368,7974,3937,64,6675,9240,6004,3924,2798,1161995
2017,2,11110540,삼청동,3918,2078,1840,33,692,1206,1004,729,254,18,217,652,629,431,131,15,475,554,375,298,123,1391632
2017,2,11110550,부암동,3088,1572,1516,1,625,818,823,552,269,1,194,406,509,305,157,0,431,412,314,247,112,2221363
2017,2,11110560,평창동,2556,1209,1347,2,303,598,597,633,423,2,96,279,317,273,242,0,207,319,280,360,181,8346900
2017,2,11110570,무악동,768,217,551,0,159,182,197,142,88,0,20,35,57,46,59,0,139,147,140,96,29,453220
2017,2,11110580,교남동,4007,1386,2621,0,1098,1313,850,507,239,0,191,381,372,275,167,0,907,932,478,232,72,355267
2017,2,11110600,가회동,22288,18907,3381,25,2878,8465,6189,4007,724,16,1941,7092,5550,3704,604,9,937,1373,639,303,120,565302
2017,2,11110615,종로1.2.3.4가동,150434,89342,61092,2069,29119,46122,40621,24069,8434,925,12408,25889,27042,17382,5696,1144,16711,20233,13579,6687,2738,2430999
2017,2,11110630,종로5.6가동,19357,12159,7198,413,3313,5654,5168,3385,1424,129,1534,3661,3526,2345,964,284,1779,1993,1642,1040,460,599631
2017,2,11110640,이화동,16492,6110,10382,29,3951,5802,3535,2371,804,7,962,1837,1565,1218,521,22,2989,3965,1970,1153,283,747067
2017,2,11110650,혜화동,4886,2570,2316,4,748,1239,1209,1028,658,1,260,584,689,589,447,3,488,655,520,439,211,1161303
2017,2,11110670,창신1동,2881,1276,1605,14,419,780,779,544,345,4,141,345,314,252,220,10,278,435,465,292,125,297271
2017,2,11110680,창신2동,631,242,389,0,74,121,150,180,106,0,8,55,66,73,40,0,66,66,84,107,66,257188
2017,2,11110690,창신3동,432,206,226,1,53,82,110,125,61,0,19,26,53,61,47,1,34,56,57,64,14,216230
2017,2,11110700,숭인1동,626,283,343,0,82,128,165,161,90,0,27,58,75,72,51,0,55,70,90,89,39,236777
2017,2,11110710,숭인2동,2949,1548,1401,12,416,620,716,653,532,3,161,339,401,318,326,9,255,281,315,335,206,359384
2017,2,11140520,소공동,129410,73867,55543,451,29147,42872,35122,18415,3403,130,9965,22464,23986,14769,2553,321,19182,20408,11136,3646,850,918284
2017,2,11140540,회현동,66389,40256,26133,237,11129,23547,19169,9886,2421,81,5245,13833,12310,7054,1733,156,5884,9714,6859,2832,688,909465
2017,2,11140550,명동,162179,84073,78106,535,30715,56656,45463,23163,5647,161,10059,25150,27251,17599,3853,374,20656,31506,18212,5564,1794,993909
2017,2,11140570,필동,22839,11156,11683,130,3763,6215,6307,4559,1865,50,1174,3256,3376,2152,1148,80,2589,2959,2931,2407,717,1458582
2017,2,11140580,장충동,9667,5480,4187,27,2567,3094,2298,1193,488,16,964,1715,1590,859,336,11,1603,1379,708,334,152,1013897
2017,2,11140590,광희동,44437,22579,21858,987,11685,11705,10022,7213,2825,435,5081,6639,5484,3226,1714,552,6604,5066,4538,3987,1111,745387
2017,2,11140605,을지로동,20321,12781,7540,48,2484,4957,5759,4404,2669,15,1004,2947,3804,3022,1989,33,1480,2010,1955,1382,680,612013
2017,2,11140615,신당동,13185,7164,6021,20,2692,4490,3109,1913,961,12,1372,2368,1772,1085,555,8,1320,2122,1337,828,406,536647
2017,2,11140625,다산동,8656,3828,4828,57,2563,2029,1557,1461,989,24,912,1032,828,600,432,33,1651,997,729,861,557,532721
2017,2,11140635,약수동,2692,1247,1445,6,419,684,681,504,398,0,132,323,311,239,242,6,287,361,370,265,156,509395
2017,2,11140645,청구동,3210,1981,1229,5,605,966,771,462,401,2,291,658,503,266,261,3,314,308,268,196,140,345114
2017,2,11140650,신당5동,1810,804,1006,7,211,427,457,430,278,5,70,178,229,177,145,2,141,249,228,253,133,310367
2017,2,11140665,동화동,2715,1303,1412,11,754,709,565,488,188,2,266,387,308,225,115,9,488,322,257,263,73,330049
2017,2,11140670,황학동,4165,2667,1498,9,593,888,975,881,819,1,291,597,704,543,531,8,302,291,271,338,288,327694
2017,2,11140680,중림동,7363,3961,3402,8,1381,2071,1901,1287,715,2,463,1010,1151,874,461,6,918,1061,750,413,254,487576
2017,2,11170510,후암동,4161,1607,2554,3,435,706,922,1397,698,3,135,377,460,409,223,0,300,329,462,988,475,868399
2017,2,11170520,용산2가동,1319,723,596,3,128,287,409,342,150,2,50,131,263,193,84,1,78,156,146,149,66,2047347
2017,2,11170530,남영동,34021,16623,17398,847,13542,8610,6023,3430,1569,292,4095,5149,4059,2101,927,555,9447,3461,1964,1329,642,735947
2017,2,11170555,청파동,8127,4237,3890,15,1111,1949,1795,1699,1558,12,305,877,959,886,1198,3,806,1072,836,813,360,867676
2017,2,11170560,원효로1동,15349,8214,7135,90,3356,5564,3938,1593,808,54,1480,3067,2136,973,504,36,1876,2497,1802,620,304,589294
2017,2,11170570,원효로2동,5394,3598,1796,38,606,1483,1366,872,1029,28,346,1039,969,537,679,10,260,444,397,335,350,915567
2017,2,11170580,효창동,2116,1131,985,3,224,509,560,535,285,0,54,267,333,291,186,3,170,242,227,244,99,470670
2017,2,11170590,용문동,948,494,454,1,110,240,275,206,116,1,46,134,153,99,61,0,64,106,122,107,55,289284
2017,2,11170625,한강로동,58406,35344,23062,202,11526,18672,15864,8440,3702,84,5284,11057,10499,5808,2612,118,6242,7615,5365,2632,1090,3358956
2017,2,11170630,이촌1동,2068,950,1118,2,282,510,494,408,372,0,97,191,211,184,267,2,185,319,283,224,105,2143668
2017,2,11170640,이촌2동,402,240,162,1,48,99,91,81,82,1,24,67,60,43,45,0,24,32,31,38,37,1191110
2017,2,11170650,이태원1동,5701,3273,2428,23,1221,1603,1106,1042,706,10,625,945,595,655,443,13,596,658,511,387,263,579369
2017,2,11170660,이태원2동,2562,1429,1133,4,514,668,519,401,456,0,250,385,287,212,295,4,264,283,232,189,161,879018
2017,2,11170685,한남동,15549,8220,7329,75,3830,5345,3399,1767,1133,42,1465,2913,2121,1023,656,33,2365,2432,1278,744,477,3198883
2017,2,11170690,서빙고동,4560,2492,2068,21,816,1369,1230,703,421,0,277,678,712,480,345,21,539,691,518,223,76,2198117
2017,2,11170700,보광동,888,508,380,3,87,176,231,222,169,0,23,81,133,143,128,3,64,95,98,79,41,890496
2017,2,11200520,왕십리2동,1207,559,648,4,142,264,327,273,197,1,35,94,148,145,136,3,107,170,179,128,61,385254
2017,2,11200535,왕십리도선동,7845,4063,3782,14,1632,1831,1888,1530,950,7,611,960,1062,846,577,7,1021,871,826,684,373,718816
2017,2,11200540,마장동,11010,7499,3511,17,1052,2327,2869,3215,1530,15,608,1580,2024,2167,1105,2,444,747,845,1048,425,1082999
2017,2,11200550,사근동,7543,3617,3926,6,1446,1915,2096,1517,563,4,382,837,1049,913,432,2,1064,1078,1047,604,131,1182945
2017,2,11200560,행당1동,5739,3174,2565,29,818,1297,1444,1442,709,16,293,586,788,994,497,13,525,711,656,448,212,552563
2017,2,11200570,행당2동,920,294,626,1,95,219,271,215,119,1,20,47,83,75,68,0,75,172,188,140,51,457197
2017,2,11200580,응봉동,425,162,263,0,42,86,108,108,81,0,8,27,29,35,63,0,34,59,79,73,18,547736
2017,2,11200590,금호1가동,1024,476,548,1,151,253,250,216,153,0,32,102,116,108,118,1,119,151,134,108,35,441318
2017,2,11200615,금호2.3가동,1176,468,708,2,177,259,258,281,199,1,38,110,98,108,113,1,139,149,160,173,86,638261
2017,2,11200620,금호4가동,852,317,535,3,103,228,197,199,122,0,23,84,69,75,66,3,80,144,128,124,56,935263
2017,2,11200645,옥수동,2020,864,1156,6,378,464,538,404,230,2,120,172,240,182,148,4,258,292,298,222,82,1239152
2017,2,11200650,성수1가1동,6418,3863,2555,60,949,1802,1669,1380,558,18,378,1061,1043,922,441,42,571,741,626,458,117,2248463
2017,2,11200660,성수1가2동,16542,9999,6543,60,3674,5294,3565,2419,1530,19,1452,3286,2410,1664,1168,41,2222,2008,1155,755,362,984783
2017,2,11200670,성수2가1동,47266,21271,25995,171,7471,12381,15348,10631,1264,90,4329,8260,5681,2073,838,81,3142,4121,9667,8558,426,1126355
2017,2,11200690,성수2가3동,47592,27530,20062,309,10185,13361,11706,8044,3987,177,4396,8425,7119,4463,2950,132,5789,4936,4587,3581,1037,1050781
2017,2,11200720,송정동,1825,1091,734,5,284,491,481,331,233,1,155,288,254,221,172,4,129,203,227,110,61,584812
2017,2,11200790,용답동,19384,13818,5566,61,2057,3942,6577,4477,2270,25,1095,2875,5436,3105,1282,36,962,1067,1141,1372,988,2379362
2017,2,11215710,화양동,6073,2554,3519,21,1511,1753,1191,929,668,9,456,734,577,387,391,12,1055,1019,614,542,277,1124376
2017,2,11215730,군자동,6608,3415,3193,20,1196,1592,1785,1455,560,13,442,921,992,694,353,7,754,671,793,761,207,733236
2017,2,11215740,중곡1동,4226,2532,1694,14,466,887,1009,904,946,4,172,499,589,523,745,10,294,388,420,381,201,602769
2017,2,11215750,중곡2동,3982,2035,1947,3,478,829,1051,992,629,1,201,422,523,516,372,2,277,407,528,476,257,544807
2017,2,11215760,중곡3동,2651,1279,1372,8,353,672,638,605,375,1,129,310,293,318,228,7,224,362,345,287,147,600824
2017,2,11215770,중곡4동,2495,1401,1094,2,256,527,637,688,385,0,88,260,349,415,289,2,168,267,288,273,96,2295463
2017,2,11215780,능동,3295,1631,1664,6,535,916,831,652,355,2,171,455,458,298,247,4,364,461,373,354,108,1094134
2017,2,11215810,광장동,7988,4177,3811,43,1321,2350,2060,1498,716,21,465,1169,1221,785,516,22,856,1181,839,713,200,2889609
2017,2,11215820,자양1동,9695,5761,3934,16,1264,2069,2381,2415,1550,6,412,1003,1447,1710,1183,10,852,1066,934,705,367,621606
2017,2,11215830,자양2동,6936,4847,2089,11,636,1515,2271,1858,645,9,396,1054,1701,1238,449,2,240,461,570,620,196,1630926
2017,2,11215840,자양3동,3353,1583,1770,10,497,794,800,731,521,4,186,386,390,305,312,6,311,408,410,426,209,1145609
2017,2,11215847,자양4동,2823,1594,1229,11,474,656,729,554,399,5,213,385,407,292,292,6,261,271,322,262,107,1148618
2017,2,11215850,구의1동,4778,2905,1873,8,544,1270,1292,1091,573,5,247,775,831,688,359,3,297,495,461,403,214,553095
2017,2,11215860,구의2동,3370,1890,1480,27,423,669,834,869,548,9,178,342,465,510,386,18,245,327,369,359,162,1363952
2017,2,11215870,구의3동,13830,7932,5898,57,1503,2952,3495,3400,2423,28,720,1855,2089,1757,1483,29,783,1097,1406,1643,940,1453971
2017,2,11230536,용신동,28310,15069,13241,114,4253,6982,7365,5627,3969,58,1677,3959,3905,3112,2358,56,2576,3023,3460,2515,1611,1590771
2017,2,11230545,제기동,5811,3296,2515,16,684,1208,1503,1391,1009,8,296,684,875,786,647,8,388,524,628,605,362,1184853
2017,2,11230560,전농1동,2773,1379,1394,21,396,553,750,644,409,9,160,290,392,303,225,12,236,263,358,341,184,1140490
2017,2,11230570,전농2동,3400,1753,1647,3,374,894,899,844,386,1,115,372,461,513,291,2,259,522,438,331,95,983768
2017,2,11230600,답십리1동,5877,3297,2580,13,1034,1383,1489,1111,847,7,587,910,755,499,539,6,447,473,734,612,308,838156
2017,2,11230610,답십리2동,3629,2154,1475,9,382,752,1020,819,647,8,178,461,628,478,401,1,204,291,392,341,246,814945
2017,2,11230650,장안1동,13703,8019,5684,55,1756,3039,3293,2960,2600,22,785,1656,1972,1745,1839,33,971,1383,1321,1215,761,1360347
2017,2,11230660,장안2동,6531,3263,3268,23,984,1401,1747,1558,818,8,399,728,861,776,491,15,585,673,886,782,327,1119438
2017,2,11230705,청량리동,5770,3248,2522,11,864,1476,1293,1306,820,5,363,865,786,734,495,6,501,611,507,572,325,1197287
2017,2,11230710,회기동,3893,1411,2482,13,876,1247,889,681,187,7,242,504,328,239,91,6,634,743,561,442,96,829432
2017,2,11230720,휘경1동,1639,878,761,5,214,322,377,344,377,1,83,180,205,172,237,4,131,142,172,172,140,519932
2017,2,11230730,휘경2동,4055,1619,2436,10,725,994,1020,882,424,3,183,412,439,367,215,7,542,582,581,515,209,1207585
2017,2,11230740,이문1동,5464,2970,2494,10,634,1408,1618,1220,574,6,170,585,933,830,446,4,464,823,685,390,128,986690
2017,2,11230750,이문2동,961,478,483,1,121,171,248,258,162,0,24,65,117,153,119,1,97,106,131,105,43,698476
2017,2,11260520,면목2동,2510,1234,1276,6,264,468,646,717,409,2,73,210,318,362,269,4,191,258,328,355,140,743106
2017,2,11260540,면목4동,1759,1049,710,1,164,289,468,604,233,0,55,131,274,427,162,1,109,158,194,177,71,821882
2017,2,11260550,면목5동,1013,694,319,0,76,143,245,322,227,0,38,82,150,237,187,0,38,61,95,85,40,591696
2017,2,11260565,면목본동,2268,911,1357,1,262,395,621,627,362,1,58,168,274,227,183,0,204,227,347,400,179,840931
2017,2,11260570,면목7동,1402,665,737,1,187,238,333,383,260,0,39,97,154,203,172,1,148,141,179,180,88,1202721
2017,2,11260575,면목3.8동,3822,2104,1718,6,510,728,1001,1048,529,3,137,320,543,687,414,3,373,408,458,361,115,1591050
2017,2,11260580,상봉1동,3187,1787,1400,14,318,502,752,934,667,10,91,209,372,591,514,4,227,293,380,343,153,917193
2017,2,11260590,상봉2동,7375,4774,2601,33,971,1769,2148,1610,844,22,488,1237,1350,1083,594,11,483,532,798,527,250,658991
2017,2,11260600,중화1동,1724,666,1058,1,219,366,528,424,186,0,55,140,211,160,100,1,164,226,317,264,86,637209
2017,2,11260610,중화2동,4224,2811,1413,7,263,521,748,724,1961,5,99,288,404,356,1659,2,164,233,344,368,302,960402
2017,2,11260620,묵1동,3047,1393,1654,5,338,727,859,749,369,0,107,354,368,332,232,5,231,373,491,417,137,1184393
2017,2,11260630,묵2동,1742,874,868,4,212,370,506,439,211,3,68,194,254,224,131,1,144,176,252,215,80,682005
2017,2,11260655,망우본동,5638,2822,2816,13,766,1146,1376,1366,971,3,227,491,660,731,710,10,539,655,716,635,261,3074745
2017,2,11260660,망우3동,1633,765,868,4,150,302,419,466,292,3,45,128,186,222,181,1,105,174,233,244,111,967313
2017,2,11260680,신내1동,6308,3257,3051,9,942,1447,1517,1628,765,6,271,754,798,915,513,3,671,693,719,713,252,2361684
2017,2,11260690,신내2동,4010,1980,2030,1,385,903,1060,1114,547,1,110,400,460,679,330,0,275,503,600,435,217,939758
2017,2,11290525,성북동,2994,1392,1602,6,455,910,823,522,278,3,154,419,384,273,159,3,301,491,439,249,119,3067396
2017,2,11290555,삼선동,9022,4557,4465,17,1148,1919,2241,2434,1263,6,385,888,1192,1380,706,11,763,1031,1049,1054,557,1177823
2017,2,11290575,동선동,6112,2614,3498,21,1097,1176,1315,1139,1364,14,289,564,648,520,579,7,808,612,667,619,785,729672
2017,2,11290580,돈암1동,931,322,609,4,110,196,267,234,120,3,20,62,93,80,64,1,90,134,174,154,56,461503
2017,2,11290590,돈암2동,643,192,451,0,110,214,160,105,54,0,15,77,48,24,28,0,95,137,112,81,26,414465
2017,2,11290600,안암동,7759,3887,3872,7,1553,2180,2037,1415,567,2,437,942,1196,920,390,5,1116,1238,841,495,177,1295307
2017,2,11290610,보문동,3460,1884,1576,11,350,642,698,752,1007,4,120,331,384,372,673,7,230,311,314,380,334,551172
2017,2,11290620,정릉1동,1148,486,662,4,127,245,343,271,158,2,26,99,141,118,100,2,101,146,202,153,58,475568
2017,2,11290630,정릉2동,1471,686,785,1,177,306,408,364,215,0,51,122,176,194,143,1,126,184,232,170,72,1165255
2017,2,11290640,정릉3동,2932,1744,1188,4,369,571,892,745,351,3,121,271,551,529,269,1,248,300,341,216,82,3182234
2017,2,11290650,정릉4동,2724,1709,1015,1,261,412,697,865,488,0,56,211,447,619,376,1,205,201,250,246,112,3714207
2017,2,11290660,길음1동,2168,759,1409,17,298,435,601,428,389,4,50,134,196,169,206,13,248,301,405,259,183,753885
2017,2,11290685,길음2동,1163,446,717,7,210,288,292,223,143,5,60,104,124,79,74,2,150,184,168,144,69,423663
2017,2,11290705,종암동,3731,1775,1956,7,521,859,1004,945,395,2,176,437,502,460,198,5,345,422,502,485,197,1494677
2017,2,11290715,월곡1동,3669,1707,1962,8,460,815,1007,899,480,0,167,395,457,424,264,8,293,420,550,475,216,974658
2017,2,11290725,월곡2동,4936,2690,2246,5,790,1266,1266,1019,590,2,279,739,723,581,366,3,511,527,543,438,224,1330228
2017,2,11290760,장위1동,913,336,577,3,74,163,264,284,125,2,15,61,98,107,53,1,59,102,166,177,72,714821
2017,2,11290770,장위2동,2087,1043,1044,2,162,354,532,526,511,1,56,178,244,241,323,1,106,176,288,285,188,682224
2017,2,11290780,장위3동,1699,948,751,1,166,285,425,518,304,0,54,128,222,312,232,1,112,157,203,206,72,663549
2017,2,11290810,석관동,4745,2786,1959,4,393,857,1073,1091,1327,2,123,386,594,678,1003,2,270,471,479,413,324,1773773
2017,2,11305534,삼양동,1473,575,898,4,181,273,377,386,252,1,36,94,116,162,166,3,145,179,261,224,86,959451
2017,2,11305535,미아동,2507,1086,1421,8,347,534,662,593,363,2,111,215,306,248,204,6,236,319,356,345,159,835492
2017,2,11305545,송중동,3336,1455,1881,16,485,738,923,688,486,7,194,306,385,276,287,9,291,432,538,412,199,1085065
2017,2,11305555,송천동,2908,1422,1486,8,322,590,754,748,486,5,88,268,372,370,319,3,234,322,382,378,167,928301
2017,2,11305575,삼각산동,1238,403,835,1,153,298,425,257,104,1,33,101,120,85,63,0,120,197,305,172,41,603256
2017,2,11305590,번1동,4181,2315,1866,9,539,848,978,1056,751,2,188,498,560,628,439,7,351,350,418,428,312,619363
2017,2,11305600,번2동,2125,1358,767,1,215,296,607,715,291,1,106,171,349,517,214,0,109,125,258,198,77,992960
2017,2,11305606,번3동,1543,699,844,12,226,263,355,374,313,6,85,117,154,178,159,6,141,146,201,196,154,1075371
2017,2,11305610,수유1동,3082,1584,1498,8,268,512,808,948,538,3,86,252,421,508,314,5,182,260,387,440,224,1748455
2017,2,11305620,수유2동,2145,940,1205,4,209,300,440,504,688,0,63,158,194,218,307,4,146,142,246,286,381,593685
2017,2,11305630,수유3동,4572,2349,2223,8,544,1112,1188,1133,587,4,222,530,593,661,339,4,322,582,595,472,248,725084
2017,2,11305645,우이동,2250,1385,865,2,191,285,463,758,551,1,81,160,274,510,359,1,110,125,189,248,192,10680138
2017,2,11305660,인수동,3471,1530,1941,8,416,711,892,855,589,5,136,301,385,340,363,3,280,410,507,515,226,2869695
2017,2,11320511,창1동,1729,650,1079,7,224,336,496,465,201,1,46,116,197,181,109,6,178,220,299,284,92,1104916
2017,2,11320512,창2동,2383,1194,1189,17,265,418,655,649,379,4,71,211,295,346,267,13,194,207,360,303,112,654615
2017,2,11320513,창3동,899,340,559,1,88,163,274,230,143,1,16,62,100,83,78,0,72,101,174,147,65,635079
2017,2,11320514,창4동,3728,2274,1454,3,354,587,982,1072,730,1,108,292,563,743,567,2,246,295,419,329,163,1155759
2017,2,11320515,창5동,4971,2464,2507,10,588,1229,1349,1306,489,3,200,570,676,715,300,7,388,659,673,591,189,676820
2017,2,11320521,도봉1동,3233,1967,1266,9,232,421,818,1085,668,6,99,220,479,715,448,3,133,201,339,370,220,8547209
2017,2,11320522,도봉2동,5206,2925,2281,2,348,738,1115,1140,1863,2,134,342,545,608,1294,0,214,396,570,532,569,1204332
2017,2,11320660,쌍문1동,2420,959,1461,1,367,419,613,665,355,0,68,173,227,269,222,1,299,246,386,396,133,1177010
2017,2,11320670,쌍문2동,3314,1610,1704,8,283,494,685,774,1070,4,106,251,324,384,541,4,177,243,361,390,529,539384
2017,2,11320680,쌍문3동,2006,909,1097,4,418,495,481,444,164,2,112,234,207,239,115,2,306,261,274,205,49,504867
2017,2,11320681,쌍문4동,1140,443,697,1,130,286,287,294,142,0,30,107,103,115,88,1,100,179,184,179,54,543784
2017,2,11320690,방학1동,5166,2842,2324,15,561,848,1199,1495,1048,12,212,438,593,857,730,3,349,410,606,638,318,1041785
2017,2,11320700,방학2동,1206,525,681,1,124,257,312,319,193,1,50,134,122,122,96,0,74,123,190,197,97,1102018
2017,2,11320710,방학3동,1779,768,1011,2,127,238,478,582,352,2,26,79,185,230,246,0,101,159,293,352,106,1856777
2017,2,11350560,월계1동,2948,1653,1295,7,317,549,717,802,556,5,98,282,387,504,377,2,219,267,330,298,179,1218934
2017,2,11350570,월계2동,2184,1100,1084,6,240,415,614,601,308,6,86,154,305,336,213,0,154,261,309,265,95,1991095
2017,2,11350580,월계3동,1669,691,978,1,149,256,476,520,267,0,34,105,167,229,156,1,115,151,309,291,111,1133881
2017,2,11350595,공릉1동,8823,4503,4320,22,932,1505,2098,2342,1924,12,373,848,1021,1147,1102,10,559,657,1077,1195,822,1217193
2017,2,11350600,공릉2동,6548,3058,3490,5,933,1388,1657,1592,973,3,239,553,721,829,713,2,694,835,936,763,260,7207339
2017,2,11350611,하계1동,7563,4128,3435,15,1131,1901,1863,1884,769,4,414,982,1059,1165,504,11,717,919,804,719,265,1467562
2017,2,11350612,하계2동,602,187,415,0,51,96,189,196,70,0,9,26,40,50,62,0,42,70,149,146,8,513857
2017,2,11350619,중계본동,2342,1106,1236,1,215,396,576,551,603,0,77,180,239,238,372,1,138,216,337,313,231,2094464
2017,2,11350621,중계1동,1497,633,864,7,193,279,425,387,206,2,69,107,152,157,146,5,124,172,273,230,60,624508
2017,2,11350624,중계4동,1988,873,1115,6,198,400,549,545,290,3,65,178,234,231,162,3,133,222,315,314,128,1540528
2017,2,11350625,중계2.3동,2676,1079,1597,6,309,528,742,768,323,3,97,229,278,275,197,3,212,299,464,493,126,912217
2017,2,11350630,상계1동,5803,3103,2700,7,458,925,1458,1422,1533,4,187,509,729,733,941,3,271,416,729,689,592,4997346
2017,2,11350640,상계2동,4520,1744,2776,29,821,883,1085,1077,625,18,273,376,417,362,298,11,548,507,668,715,327,629194
2017,2,11350665,상계3.4동,3355,1856,1499,2,200,304,741,1048,1060,2,53,133,388,664,616,0,147,171,353,384,444,5751720
2017,2,11350670,상계5동,2143,954,1189,3,140,244,429,536,791,1,62,137,176,193,385,2,78,107,253,343,406,473604
2017,2,11350695,상계6.7동,8849,3476,5373,10,1531,2221,2306,1878,903,4,317,767,927,976,485,6,1214,1454,1379,902,418,1434043
2017,2,11350700,상계8동,1059,323,736,0,111,200,349,274,125,0,21,46,74,88,94,0,90,154,275,186,31,668937
2017,2,11350710,상계9동,1248,463,785,2,113,262,385,333,153,0,28,71,110,151,103,2,85,191,275,182,50,833448
2017,2,11350720,상계10동,979,347,632,1,97,196,271,291,123,0,15,62,86,101,83,1,82,134,185,190,40,802642
2017,2,11380510,녹번동,7342,3616,3726,14,852,1750,1954,1820,952,8,288,768,969,1026,557,6,564,982,985,794,395,1923020
2017,2,11380520,불광1동,2553,1045,1508,7,325,743,711,498,269,3,95,313,321,174,139,4,230,430,390,324,130,2948578
2017,2,11380530,불광2동,3511,1691,1820,7,462,776,981,843,442,4,166,400,492,416,213,3,296,376,489,427,229,1756596
2017,2,11380551,갈현1동,2123,941,1182,9,369,436,577,462,270,6,139,200,233,211,152,3,230,236,344,251,118,909869
2017,2,11380552,갈현2동,3305,1342,1963,14,384,704,852,867,484,1,108,316,348,314,255,13,276,388,504,553,229,1018512
2017,2,11380560,구산동,4119,1889,2230,7,415,729,991,1277,700,2,122,283,397,687,398,5,293,446,594,590,302,1316383
2017,2,11380570,대조동,3412,1384,2028,5,425,672,951,799,560,4,129,271,396,295,289,1,296,401,555,504,271,867572
2017,2,11380580,응암1동,4023,1819,2204,9,472,855,1069,973,645,4,162,381,484,406,382,5,310,474,585,567,263,1126418
2017,2,11380590,응암2동,1030,492,538,2,110,218,237,275,188,0,27,66,106,155,138,2,83,152,131,120,50,554079
2017,2,11380600,응암3동,2859,1203,1656,7,346,611,808,713,374,3,127,266,333,277,197,4,219,345,475,436,177,933101
2017,2,11380625,역촌동,3887,1737,2150,13,408,789,1040,970,667,5,139,349,456,430,358,8,269,440,584,540,309,1138805
2017,2,11380631,신사1동,1962,931,1031,5,266,379,505,469,338,1,83,205,239,212,191,4,183,174,266,257,147,823498
2017,2,11380632,신사2동,1715,856,859,2,121,249,391,444,508,2,41,98,185,246,284,0,80,151,206,198,224,1050676
2017,2,11380640,증산동,2518,1344,1174,12,284,468,632,642,480,4,85,201,304,379,371,8,199,267,328,263,109,929526
2017,2,11380650,수색동,1298,609,689,2,212,271,314,309,190,1,39,96,161,192,120,1,173,175,153,117,70,1169504
2017,2,11380690,진관동,4330,2004,2326,43,546,773,1221,1236,511,15,149,331,528,644,337,28,397,442,693,592,174,12836383
2017,2,11410520,천연동,1418,577,841,1,148,281,377,384,227,0,40,96,158,151,132,1,108,185,219,233,95,866603
2017,2,11410555,북아현동,1071,420,651,3,100,165,272,319,212,1,26,54,112,124,103,2,74,111,160,195,109,461555
2017,2,11410565,충현동,26636,15410,11226,47,4108,8975,7254,4320,1932,24,1704,4928,4564,2850,1340,23,2404,4047,2690,1470,592,1139343
2017,2,11410585,신촌동,19569,7742,11827,44,4819,6005,4638,2930,1133,18,1328,2180,1980,1538,698,26,3491,3825,2658,1392,435,2504686
2017,2,11410615,연희동,8364,4505,3859,31,1153,2125,2025,1950,1080,10,473,1105,1047,1172,698,21,680,1020,978,778,382,2965760
2017,2,11410620,홍제1동,1741,735,1006,5,239,378,476,388,255,4,52,160,198,156,165,1,187,218,278,232,90,1492096
2017,2,11410640,홍제3동,1602,649,953,2,202,289,408,335,366,1,53,97,141,135,222,1,149,192,267,200,144,1093373
2017,2,11410655,홍제2동,1103,512,591,2,100,166,269,353,213,1,39,71,97,180,124,1,61,95,172,173,89,705399
2017,2,11410660,홍은1동,1255,528,727,2,150,233,347,316,207,0,51,97,132,115,133,2,99,136,215,201,74,1538023
2017,2,11410685,홍은2동,3530,1905,1625,4,466,745,872,902,541,2,169,345,463,539,387,2,297,400,409,363,154,2049745
2017,2,11410690,남가좌1동,1217,604,613,1,219,260,311,281,145,0,50,99,177,180,98,1,169,161,134,101,47,484765
2017,2,11410700,남가좌2동,1615,773,842,4,221,320,441,387,242,3,65,129,195,202,179,1,156,191,246,185,63,787125
2017,2,11410710,북가좌1동,1652,1024,628,5,165,276,387,452,367,4,49,123,205,328,315,1,116,153,182,124,52,562752
2017,2,11410720,북가좌2동,2518,1292,1226,2,251,436,623,702,504,1,91,219,301,373,307,1,160,217,322,329,197,806705
2017,2,11440555,아현동,23377,12848,10529,69,4023,7263,6130,4355,1537,21,1407,4118,3910,2442,950,48,2616,3145,2220,1913,587,870645
2017,2,11440565,공덕동,10763,6915,3848,35,2007,2738,3200,2011,772,19,1095,1661,2216,1492,432,16,912,1077,984,519,340,891209
2017,2,11440585,도화동,14039,7448,6591,43,2558,3815,3463,2644,1516,27,1038,2170,1919,1252,1042,16,1520,1645,1544,1392,474,863516
2017,2,11440590,용강동,17284,9632,7652,80,2580,4602,4371,3314,2337,36,979,2756,2689,1682,1490,44,1601,1846,1682,1632,847,910388
2017,2,11440600,대흥동,8086,4084,4002,61,2159,2288,1669,1180,729,33,766,1166,980,708,431,28,1393,1122,689,472,298,854083
2017,2,11440610,염리동,5673,3407,2266,83,925,1642,1340,1041,642,43,438,1043,915,548,420,40,487,599,425,493,222,549601
2017,2,11440630,신수동,4392,2471,1921,13,627,1331,1264,785,372,4,244,752,755,461,255,9,383,579,509,324,117,914314
2017,2,11440655,서강동,9760,5443,4317,41,1910,2415,2142,1569,1683,11,743,1399,1445,959,886,30,1167,1016,697,610,797,1890596
2017,2,11440660,서교동,48510,24772,23738,286,12001,13551,10444,6992,5236,147,4622,7560,6326,3486,2631,139,7379,5991,4118,3506,2605,1641475
2017,2,11440680,합정동,10456,5455,5001,64,2250,3468,2701,1323,650,15,708,1755,1679,861,437,49,1542,1713,1022,462,213,1792621
2017,2,11440690,망원1동,2914,1582,1332,15,570,797,713,505,314,11,261,497,387,245,181,4,309,300,326,260,133,1111518
2017,2,11440700,망원2동,2629,1434,1195,8,364,671,743,519,324,6,145,381,428,272,202,2,219,290,315,247,122,1209563
2017,2,11440710,연남동,4578,2487,2091,8,1033,1486,1090,622,339,1,444,821,633,365,223,7,589,665,457,257,116,641653
2017,2,11440720,성산1동,10129,6802,3327,29,1087,1848,1974,1740,3451,21,430,1073,1242,1111,2925,8,657,775,732,629,526,855779
2017,2,11440730,성산2동,9191,4267,4924,7,578,1386,1892,2768,2560,6,202,581,945,1163,1370,1,376,805,947,1605,1190,1990923
2017,2,11440740,상암동,40296,23839,16457,110,11134,13447,9855,4088,1662,38,4181,7972,7349,3002,1297,72,6953,5475,2506,1086,365,7646126
2017,2,11470510,목1동,13737,8283,5454,56,2144,3739,3929,2725,1144,21,821,2129,2664,1917,731,35,1323,1610,1265,808,413,1572490
2017,2,11470520,목2동,2457,1266,1191,6,314,723,634,526,254,2,118,408,335,255,148,4,196,315,299,271,106,1021500
2017,2,11470530,목3동,2392,1165,1227,8,297,566,597,533,391,4,92,294,317,241,217,4,205,272,280,292,174,533074
2017,2,11470540,목4동,1870,801,1069,3,182,378,517,495,295,1,53,167,195,213,172,2,129,211,322,282,123,578170
2017,2,11470550,목5동,6246,2196,4050,12,1091,1664,1536,1175,768,2,188,494,523,509,480,10,903,1170,1013,666,288,2055129
2017,2,11470560,신월1동,2522,1477,1045,6,170,431,686,804,425,6,61,233,397,499,281,0,109,198,289,305,144,625887
2017,2,11470570,신월2동,2157,1065,1092,3,182,367,602,638,365,1,64,161,260,340,239,2,118,206,342,298,126,608140
2017,2,11470580,신월3동,2563,1411,1152,4,203,448,650,815,443,4,69,228,306,460,344,0,134,220,344,355,99,932122
2017,2,11470590,신월4동,1980,1143,837,7,171,332,469,576,425,2,62,177,240,338,324,5,109,155,229,238,101,470224
2017,2,11470600,신월5동,2724,1586,1138,5,216,399,553,601,950,4,60,151,213,298,860,1,156,248,340,303,90,523363
2017,2,11470610,신월6동,1212,626,586,1,119,197,299,360,236,0,46,94,119,200,167,1,73,103,180,160,69,437027
2017,2,11470611,신월7동,3805,2485,1320,3,310,580,984,1142,786,2,199,373,579,717,615,1,111,207,405,425,171,1403954
2017,2,11470620,신정1동,2685,1246,1439,3,259,582,718,664,459,2,95,281,336,289,243,1,164,301,382,375,216,722680
2017,2,11470630,신정2동,1839,767,1072,3,223,332,530,466,285,1,59,150,206,175,176,2,164,182,324,291,109,594999
2017,2,11470640,신정3동,5729,3229,2500,2,530,1065,1403,1489,1240,0,156,464,705,885,1019,2,374,601,698,604,221,2650845
2017,2,11470650,신정4동,7551,3538,4013,18,890,1573,1960,1727,1383,12,266,769,938,744,809,6,624,804,1022,983,574,996406
2017,2,11470670,신정6동,5491,2888,2603,14,648,1386,1439,1485,519,12,285,654,691,932,314,2,363,732,748,553,205,972556
2017,2,11470680,신정7동,1880,818,1062,4,214,354,565,505,238,2,72,160,219,204,161,2,142,194,346,301,77,1144112
2017,2,11500510,염창동,11998,7223,4775,46,1842,3423,3195,2227,1265,23,742,2041,2089,1393,935,23,1100,1382,1106,834,330,1957926
2017,2,11500520,등촌1동,30105,12334,17771,212,3817,7313,10116,7538,1109,139,2122,4699,3374,1326,674,73,1695,2614,6742,6212,435,649434
2017,2,11500530,등촌2동,2290,1202,1088,4,259,514,595,573,345,1,73,231,307,340,250,3,186,283,288,233,95,908847
2017,2,11500535,등촌3동,19444,9656,9788,58,3446,3732,3917,5307,2984,45,1440,2185,2185,2130,1671,13,2006,1547,1732,3177,1313,1049363
2017,2,11500540,화곡1동,4620,2151,2469,13,570,992,1212,1152,681,3,218,509,565,473,383,10,352,483,647,679,298,1194778
2017,2,11500550,화곡2동,1707,792,915,3,219,415,492,423,155,1,106,221,217,167,80,2,113,194,275,256,75,456061
2017,2,11500560,화곡3동,2517,1127,1390,13,283,431,610,808,372,6,99,244,308,275,195,7,184,187,302,533,177,515596
2017,2,11500570,화곡4동,1902,890,1012,4,224,414,520,492,248,2,81,212,217,233,145,2,143,202,303,259,103,853460
2017,2,11500590,화곡본동,2359,905,1454,4,287,522,661,520,365,2,58,215,275,180,175,2,229,307,386,340,190,1007050
2017,2,11500591,화곡6동,9789,5919,3870,12,1035,2283,2486,2483,1490,6,452,1298,1545,1627,991,6,583,985,941,856,499,1034624
2017,2,11500593,화곡8동,1432,535,897,5,175,284,375,353,240,2,54,134,141,89,115,3,121,150,234,264,125,567208
2017,2,11500603,가양1동,12602,8202,4400,59,1759,3334,3360,2607,1483,26,946,2104,2219,1775,1132,33,813,1230,1141,832,351,5908521
2017,2,11500604,가양2동,2216,1116,1100,8,339,516,452,401,500,4,113,249,219,168,363,4,226,267,233,233,137,996881
2017,2,11500605,가양3동,5226,3102,2124,21,930,1524,1493,865,393,9,452,958,933,497,253,12,478,566,560,368,140,691403
2017,2,11500611,발산1동,7137,3800,3337,14,722,1572,1902,1908,1019,7,207,776,976,1083,751,7,515,796,926,825,268,3032326
2017,2,11500615,우장산동,4387,1963,2424,51,772,915,1114,920,615,23,249,469,514,380,328,28,523,446,600,540,287,1268459
2017,2,11500620,공항동,40733,24005,16728,45,7122,12708,12312,7135,1411,26,2033,5837,8592,6303,1214,19,5089,6871,3720,832,197,11377979
2017,2,11500630,방화1동,8056,5299,2757,10,951,2021,2142,2122,810,6,507,1414,1436,1432,504,4,444,607,706,690,306,1125789
2017,2,11500640,방화2동,4952,2963,1989,30,834,917,1083,1287,801,19,333,520,641,854,596,11,501,397,442,433,205,5564098
2017,2,11500641,방화3동,3209,1728,1481,5,238,567,775,882,742,3,67,219,426,577,436,2,171,348,349,305,306,1964100
2017,2,11530510,신도림동,9223,5263,3960,23,1478,2571,2477,1787,887,15,629,1443,1413,1104,659,8,849,1128,1064,683,228,1312211
2017,2,11530520,구로1동,2386,1064,1322,13,222,542,527,416,666,0,99,310,265,196,194,13,123,232,262,220,472,1004193
2017,2,11530530,구로2동,26934,14688,12246,61,3880,8167,6936,5302,2588,29,1408,3990,3915,3452,1894,32,2472,4177,3021,1850,694,1807452
2017,2,11530540,구로3동,80064,48938,31126,363,17371,28149,19246,9809,5126,199,7836,18759,13073,5616,3455,164,9535,9390,6173,4193,1671,1033159
2017,2,11530550,구로4동,2831,1172,1659,2,319,548,827,665,470,1,94,214,326,264,273,1,225,334,501,401,197,538215
2017,2,11530560,구로5동,21319,12297,9022,85,4019,6250,4748,3701,2516,50,1774,3652,3166,2156,1499,35,2245,2598,1582,1545,1017,1075552
2017,2,11530595,가리봉동,1565,646,919,0,190,258,359,400,358,0,75,134,147,125,165,0,115,124,212,275,193,415751
2017,2,11530720,고척1동,5936,3540,2396,18,652,1133,1538,1471,1124,6,284,645,869,886,850,12,368,488,669,585,274,1100132
2017,2,11530730,고척2동,1834,799,1035,1,202,346,557,484,244,1,74,150,204,218,152,0,128,196,353,266,92,1013917
2017,2,11530740,개봉1동,3111,1467,1644,5,361,587,839,834,485,2,126,295,391,370,283,3,235,292,448,464,202,1168155
2017,2,11530750,개봉2동,1435,573,862,5,194,274,446,303,213,1,48,106,169,132,117,4,146,168,277,171,96,825368
2017,2,11530760,개봉3동,4608,2338,2270,2,132,324,511,738,2901,2,55,128,179,303,1671,0,77,196,332,435,1230,831642
2017,2,11530770,오류1동,3672,1487,2185,22,387,688,1057,941,577,7,129,295,394,303,359,15,258,393,663,638,218,707130
2017,2,11530780,오류2동,4165,2115,2050,4,450,899,1060,1107,645,4,124,450,502,570,465,0,326,449,558,537,180,4314692
2017,2,11530790,수궁동,4205,2607,1598,6,411,935,1096,1124,633,4,211,534,648,708,502,2,200,401,448,416,131,2684146
2017,2,11545510,가산동,137235,86053,51182,2579,31842,42522,33081,17617,9594,1184,15121,28359,23113,11184,7092,1395,16721,14163,9968,6433,2502,2245346
2017,2,11545610,독산1동,16813,10966,5847,55,2033,3958,4525,4201,2041,35,1195,2729,2887,2591,1529,20,838,1229,1638,1610,512,1956086
2017,2,11545620,독산2동,1593,731,862,0,160,286,416,426,305,0,53,111,182,202,183,0,107,175,234,224,122,596742
2017,2,11545630,독산3동,4809,2850,1959,10,436,737,907,1050,1669,2,155,310,422,523,1438,8,281,427,485,527,231,982894
2017,2,11545640,독산4동,1881,1027,854,3,261,354,545,439,279,2,122,201,296,227,179,1,139,153,249,212,100,605029
2017,2,11545670,시흥1동,9158,4318,4840,40,1437,2255,2032,2004,1390,25,633,1077,910,991,682,15,804,1178,1122,1013,708,1437595
2017,2,11545680,시흥2동,1304,405,899,4,143,292,360,343,162,0,31,74,106,110,84,4,112,218,254,233,78,1170211
2017,2,11545690,시흥3동,8858,5424,3434,16,684,1636,2877,2496,1149,2,366,1016,1654,1515,871,14,318,620,1223,981,278,1328458
2017,2,11545700,시흥4동,909,318,591,0,82,172,295,265,95,0,27,62,79,98,52,0,55,110,216,167,43,873884
2017,2,11545710,시흥5동,2041,1093,948,2,151,271,555,674,388,0,38,113,298,394,250,2,113,158,257,280,138,1368598
2017,2,11560515,영등포본동,2626,1225,1401,29,410,582,692,567,346,15,153,274,293,267,223,14,257,308,399,300,123,843586
2017,2,11560535,영등포동,23373,13970,9403,100,3561,5932,5781,4542,3457,32,1428,3552,3807,2863,2288,68,2133,2380,1974,1679,1169,1390482
2017,2,11560540,여의동,270034,180566,89468,548,47165,103112,73674,35048,10487,168,20779,69629,56816,26743,6431,380,26386,33483,16858,8305,4056,6703511
2017,2,11560550,당산1동,15336,8624,6712,61,2376,3710,3311,3183,2695,28,903,2037,1962,1986,1708,33,1473,1673,1349,1197,987,746447
2017,2,11560560,당산2동,29502,16166,13336,153,6111,7240,6649,4940,4409,56,2288,4094,3815,2949,2964,97,3823,3146,2834,1991,1445,1526636
2017,2,11560585,도림동,2148,1315,833,7,199,420,532,496,494,2,70,248,346,295,354,5,129,172,186,201,140,539427
2017,2,11560605,문래동,45115,27492,17623,127,8652,13211,11400,7045,4680,50,4202,8257,7015,4448,3520,77,4450,4954,4385,2597,1160,1738475
2017,2,11560610,양평1동,18805,10437,8368,111,4013,4510,4026,3594,2551,58,1825,2815,2318,1797,1624,53,2188,1695,1708,1797,927,869573
2017,2,11560620,양평2동,34373,18413,15960,134,5883,12134,10354,4431,1437,71,2444,6701,5505,2621,1071,63,3439,5433,4849,1810,366,2573400
2017,2,11560630,신길1동,4212,2189,2023,7,530,683,856,1050,1086,1,140,347,460,557,684,6,390,336,396,493,402,762886
2017,2,11560650,신길3동,1629,748,881,1,155,291,422,422,338,0,45,134,192,197,180,1,110,157,230,225,158,510335
2017,2,11560660,신길4동,1106,549,557,2,124,305,314,228,133,1,34,154,179,110,71,1,90,151,135,118,62,298738
2017,2,11560670,신길5동,1151,570,581,2,117,287,278,285,182,2,52,130,115,145,126,0,65,157,163,140,56,498387
2017,2,11560680,신길6동,2550,1203,1347,8,312,540,624,582,484,1,97,262,278,262,303,7,215,278,346,320,181,676005
2017,2,11560690,신길7동,2944,1794,1150,9,467,655,710,761,342,5,280,450,454,387,218,4,187,205,256,374,124,599547
2017,2,11560700,대림1동,2618,976,1642,2,664,640,578,493,241,2,123,254,246,220,131,0,541,386,332,273,110,493503
2017,2,11560710,대림2동,2255,1008,1247,3,224,485,719,479,345,0,56,224,254,235,239,3,168,261,465,244,106,574495
2017,2,11560720,대림3동,7972,4648,3324,19,971,1726,2088,1919,1249,7,496,1085,1331,1041,688,12,475,641,757,878,561,933892
2017,2,11590510,노량진1동,4275,2423,1852,10,490,1022,1135,1062,556,3,191,589,723,615,302,7,299,433,412,447,254,1876800
2017,2,11590520,노량진2동,6280,3442,2838,13,734,1401,1385,1528,1219,5,387,646,726,897,781,8,347,755,659,631,438,619921
2017,2,11590530,상도1동,4748,2303,2445,11,658,1146,1302,1022,609,5,215,520,675,537,351,6,443,626,627,485,258,1492421
2017,2,11590540,상도2동,2878,1172,1706,5,328,546,837,765,397,2,101,210,357,314,188,3,227,336,480,451,209,771971
2017,2,11590550,상도3동,1256,504,752,4,149,278,333,337,155,1,42,115,136,125,85,3,107,163,197,212,70,662403
2017,2,11590560,상도4동,1745,625,1120,5,254,353,472,395,266,1,69,139,175,125,116,4,185,214,297,270,150,947172
2017,2,11590605,흑석동,5689,2589,3100,8,1081,1542,1431,1115,512,0,298,572,714,643,362,8,783,970,717,472,150,2062251
2017,2,11590620,사당1동,5058,2552,2506,20,941,1253,1359,928,557,7,272,653,788,466,366,13,669,600,571,462,191,630335
2017,2,11590630,사당2동,3689,1447,2242,12,498,719,945,1023,492,5,168,337,379,311,247,7,330,382,566,712,245,3064442
2017,2,11590640,사당3동,2755,1403,1352,9,284,468,585,601,808,3,86,226,275,316,497,6,198,242,310,285,311,898029
2017,2,11590650,사당4동,1040,474,566,0,117,209,260,237,217,0,24,79,108,110,153,0,93,130,152,127,64,431219
2017,2,11590651,사당5동,952,445,507,5,181,214,244,226,82,2,85,88,106,107,57,3,96,126,138,119,25,658780
2017,2,11590660,대방동,9906,5615,4291,37,1338,2741,2390,2023,1377,6,581,1685,1435,1091,817,31,757,1056,955,932,560,1591876
2017,2,11590670,신대방1동,3182,2066,1116,9,499,887,879,572,336,8,295,610,579,339,235,1,204,277,300,233,101,685547
2017,2,11590680,신대방2동,27975,15102,12873,105,4617,7063,6521,6140,3529,50,2527,4299,3443,2965,1818,55,2090,2764,3078,3175,1711,1024271
2017,2,11620525,보라매동,5376,2337,3039,9,726,1612,1879,792,358,2,267,600,806,443,219,7,459,1012,1073,349,139,758003
2017,2,11620545,청림동,700,286,414,5,108,170,176,120,121,2,26,58,72,41,87,3,82,112,104,79,34,305629
2017,2,11620565,성현동,1703,779,924,3,208,376,475,379,262,1,96,187,187,162,146,2,112,189,288,217,116,695625
2017,2,11620575,행운동,3578,1825,1753,31,740,884,815,666,442,25,335,461,431,315,258,6,405,423,384,351,184,739229
2017,2,11620585,낙성대동,11619,6384,5235,19,1561,3471,2780,2385,1403,11,621,1599,1554,1486,1113,8,940,1872,1226,899,290,2341406
2017,2,11620595,청룡동,7579,4258,3321,8,922,1907,1946,1784,1012,0,386,1032,1052,1126,662,8,536,875,894,658,350,1186204
2017,2,11620605,은천동,3736,1698,2038,7,479,701,844,978,727,3,144,346,372,421,412,4,335,355,472,557,315,738181
2017,2,11620615,중앙동,1954,937,1017,3,264,440,520,401,326,0,79,203,271,201,183,3,185,237,249,200,143,385136
2017,2,11620625,인헌동,2504,1222,1282,2,346,583,639,526,408,1,104,305,300,244,268,1,242,278,339,282,140,709688
2017,2,11620630,남현동,4154,2332,1822,12,842,975,1055,848,422,5,403,576,635,420,293,7,439,399,420,428,129,4218667
2017,2,11620645,서원동,4026,1816,2210,15,799,837,777,777,821,4,275,378,352,333,474,11,524,459,425,444,347,642690
2017,2,11620655,신원동,1024,395,629,2,109,195,251,259,208,1,29,70,109,93,93,1,80,125,142,166,115,549115
2017,2,11620665,서림동,1579,889,690,1,116,255,386,455,366,1,42,141,198,251,256,0,74,114,188,204,110,981577
2017,2,11620685,신사동,2185,1130,1055,3,286,436,546,585,329,3,97,234,280,308,208,0,189,202,266,277,121,609167
2017,2,11620695,신림동,2572,1269,1303,3,433,525,621,557,433,2,159,289,319,242,258,1,274,236,302,315,175,507666
2017,2,11620715,난향동,1377,517,860,2,106,168,287,369,445,0,15,45,106,103,248,2,91,123,181,266,197,786985
2017,2,11620725,조원동,3941,2384,1557,6,456,900,1062,986,531,2,227,602,625,571,357,4,229,298,437,415,174,652569
2017,2,11620735,대학동,2193,1207,986,4,258,482,560,583,306,0,90,250,303,354,210,4,168,232,257,229,96,8107585
2017,2,11620745,삼성동,1086,474,612,4,143,218,255,287,179,4,35,86,103,128,118,0,108,132,152,159,61,2591742
2017,2,11620765,미성동,3034,1495,1539,4,271,530,765,801,663,0,87,216,358,413,421,4,184,314,407,388,242,1355300
2017,2,11620775,난곡동,1143,454,689,0,158,282,307,281,115,0,29,106,120,136,63,0,129,176,187,145,52,982294
2017,2,11650510,서초1동,38628,20444,18184,186,9319,11387,9024,5869,2843,94,3619,6733,5329,2778,1891,92,5700,4654,3695,3091,952,1383210
2017,2,11650520,서초2동,58569,35485,23084,293,10454,19137,16152,8043,4490,46,4350,11319,10987,5663,3120,247,6104,7818,5165,2380,1370,1229759
2017,2,11650530,서초3동,75405,43440,31965,217,13310,22826,20502,11854,6696,82,4985,12625,13102,7763,4883,135,8325,10201,7400,4091,1813,3027494
2017,2,11650531,서초4동,26087,13174,12913,73,6796,9192,5629,2674,1723,14,2005,4834,3554,1636,1131,59,4791,4358,2075,1038,592,882770
2017,2,11650540,잠원동,20102,12112,7990,72,3869,6678,5210,2530,1743,24,1375,4141,3631,1713,1228,48,2494,2537,1579,817,515,1840832
2017,2,11650550,반포본동,1505,806,699,2,181,334,394,347,247,1,69,156,198,224,158,1,112,178,196,123,89,1491264
2017,2,11650560,반포1동,7657,4357,3300,19,1638,2654,1677,1018,651,6,696,1577,1072,580,426,13,942,1077,605,438,225,1000549
2017,2,11650570,반포2동,2107,1079,1028,19,377,555,546,384,226,7,113,274,297,221,167,12,264,281,249,163,59,1258050
2017,2,11650580,반포3동,8560,3918,4642,40,1673,2285,1861,1504,1197,17,824,1095,946,502,534,23,849,1190,915,1002,663,1325140
2017,2,11650581,반포4동,31596,12892,18704,91,7737,9767,7243,4204,2554,40,1809,3960,3512,2152,1419,51,5928,5807,3731,2052,1135,1416005
2017,2,11650590,방배본동,6406,3716,2690,33,1125,1675,1444,1049,1080,27,498,1065,881,564,681,6,627,610,563,485,399,660469
2017,2,11650600,방배1동,11549,5897,5652,54,2549,3594,2870,1545,937,21,918,2065,1578,713,602,33,1631,1529,1292,832,335,691215
2017,2,11650610,방배2동,22065,15975,6090,41,2467,4111,6240,7132,2074,24,1366,2830,4700,5500,1555,17,1101,1281,1540,1632,519,1901725
2017,2,11650620,방배3동,9485,5749,3736,44,1622,2630,2139,1596,1454,13,678,1522,1413,1022,1101,31,944,1108,726,574,353,2411856
2017,2,11650621,방배4동,12071,6551,5520,74,2108,3232,3135,2142,1380,27,804,1823,1727,1157,1013,47,1304,1409,1408,985,367,954529
2017,2,11650651,양재1동,35337,21494,13843,135,6023,9863,8307,6212,4797,61,2583,6064,5500,4072,3214,74,3440,3799,2807,2140,1583,5711370
2017,2,11650652,양재2동,121498,99857,21641,389,13785,27893,35992,38702,4737,161,9191,22377,30089,34626,3413,228,4594,5516,5903,4076,1324,7516954
2017,2,11650660,내곡동,6169,4029,2140,5,769,1666,1618,1428,683,2,321,1044,1127,1047,488,3,448,622,491,381,195,13190710
2017,2,11680510,신사동,24260,11128,13132,127,7303,7738,4754,2532,1806,36,2144,3804,2665,1325,1154,91,5159,3934,2089,1207,652,1736994
2017,2,11680521,논현1동,41822,22218,19604,107,9980,14169,9423,4943,3200,31,3194,7805,6116,2883,2189,76,6786,6364,3307,2060,1011,1254345
2017,2,11680531,논현2동,64737,35290,29447,216,14476,21343,14714,7897,6091,68,4886,11704,9517,4998,4117,148,9590,9639,5197,2899,1974,1445565
2017,2,11680545,압구정동,32927,14232,18695,214,10303,10817,5911,3244,2438,64,3199,4966,3160,1577,1266,150,7104,5851,2751,1667,1172,2520945
2017,2,11680565,청담동,44263,20484,23779,253,12259,15005,9460,4375,2911,64,3443,7136,5509,2449,1883,189,8816,7869,3951,1926,1028,2384707
2017,2,11680580,삼성1동,86603,51599,35004,316,19395,29108,19859,11334,6591,123,8210,17958,14173,6978,4157,193,11185,11150,5686,4356,2434,1926134
2017,2,11680590,삼성2동,58146,27324,30822,212,16039,17417,12411,8355,3712,104,5785,9522,6311,3425,2177,108,10254,7895,6100,4930,1535,1247821
2017,2,11680600,대치1동,3492,1488,2004,15,646,934,866,611,420,1,157,370,407,281,272,14,489,564,459,330,148,795761
2017,2,11680610,대치2동,62441,37345,25096,251,12286,19959,15320,9087,5538,77,4911,12505,10730,5616,3506,174,7375,7454,4590,3471,2032,2043875
2017,2,11680630,대치4동,28406,16394,12012,183,5559,10051,7466,3446,1701,34,2192,5954,4840,2248,1126,149,3367,4097,2626,1198,575,717795
2017,2,11680640,역삼1동,184370,105443,78927,953,39541,59979,44532,25887,13478,445,15745,35843,30353,15037,8020,508,23796,24136,14179,10850,5458,2360116
2017,2,11680650,역삼2동,47201,25943,21258,236,11501,13949,10870,6663,3982,79,4343,7860,6953,4135,2573,157,7158,6089,3917,2528,1409,1127531
2017,2,11680655,도곡1동,22408,8391,14017,174,4462,5504,7404,3661,1203,80,1807,2618,2033,1087,766,94,2655,2886,5371,2574,437,1022697
2017,2,11680656,도곡2동,19465,10987,8478,55,3438,5862,4482,2727,2901,23,1268,3344,3040,1773,1539,32,2170,2518,1442,954,1362,1025651
2017,2,11680660,개포1동,1518,979,539,3,112,256,294,418,435,1,44,145,176,271,342,2,68,111,118,147,93,973078
2017,2,11680670,개포2동,2696,1406,1290,13,259,465,657,798,504,9,88,200,348,433,328,4,171,265,309,365,176,2371826
2017,2,11680690,개포4동,10002,6151,3851,27,1282,2405,2656,2136,1496,16,572,1595,1669,1240,1059,11,710,810,987,896,437,1561449
2017,2,11680700,세곡동,4244,2045,2199,8,566,895,1074,985,716,4,166,375,452,514,534,4,400,520,622,471,182,5894759
2017,2,11680720,일원본동,7384,1871,5513,2,2102,2927,1465,691,197,0,285,679,451,310,146,2,1817,2248,1014,381,51,2381558
2017,2,11680730,일원1동,3689,1795,1894,5,393,662,893,969,767,3,214,342,430,409,397,2,179,320,463,560,370,947888
2017,2,11680740,일원2동,13433,10398,3035,82,3798,4210,2613,1907,823,60,3023,3566,1991,1280,478,22,775,644,622,627,345,1043911
2017,2,11680750,수서동,17041,8105,8936,39,2549,5039,4651,2932,1831,24,914,2397,2034,1439,1297,15,1635,2642,2617,1493,534,1648393
2017,2,11710510,풍납1동,1358,601,757,5,120,274,369,360,230,1,42,115,141,158,144,4,78,159,228,202,86,1057487
2017,2,11710520,풍납2동,13135,4307,8828,7,3148,4530,3297,1551,602,4,566,1239,1218,833,447,3,2582,3291,2079,718,155,1999222
2017,2,11710531,거여1동,2322,1292,1030,7,242,580,593,512,388,5,123,368,339,227,230,2,119,212,254,285,158,512307
2017,2,11710532,거여2동,2229,863,1366,1,261,406,597,617,347,0,80,193,235,203,152,1,181,213,362,414,195,510046
2017,2,11710540,마천1동,1031,492,539,1,114,186,287,258,185,0,36,88,110,141,117,1,78,98,177,117,68,504704
2017,2,11710550,마천2동,3402,1956,1446,6,325,674,850,960,587,4,139,417,474,523,399,2,186,257,376,437,188,936181
2017,2,11710561,방이1동,6452,3928,2524,26,793,1378,1388,1277,1590,9,315,760,816,747,1281,17,478,618,572,530,309,581968
2017,2,11710562,방이2동,18808,10520,8288,74,2528,4610,4555,4225,2816,51,1300,2942,2598,1923,1706,23,1228,1668,1957,2302,1110,763928
2017,2,11710566,오륜동,3098,1824,1274,2,355,873,803,821,244,1,144,487,491,512,189,1,211,386,312,309,55,3150411
2017,2,11710570,오금동,12976,7756,5220,24,1143,2534,2633,2608,4034,9,536,1569,1624,1427,2591,15,607,965,1009,1181,1443,1691111
2017,2,11710580,송파1동,6836,3978,2858,8,938,1560,1680,1459,1191,4,453,971,995,814,741,4,485,589,685,645,450,683881
2017,2,11710590,송파2동,5682,2783,2899,20,1157,1587,1285,1086,547,6,389,861,747,443,337,14,768,726,538,643,210,636016
2017,2,11710600,석촌동,9600,5066,4534,55,1868,2323,2239,1745,1370,25,616,1296,1342,937,850,30,1252,1027,897,808,520,943819
2017,2,11710610,삼전동,7900,4966,2934,23,918,1594,1639,1680,2046,10,394,988,980,941,1653,13,524,606,659,739,393,992437
2017,2,11710620,가락본동,26470,15573,10897,63,4107,7004,6701,5471,3124,30,1821,4159,4330,3189,2044,33,2286,2845,2371,2282,1080,1024764
2017,2,11710631,가락1동,10208,7287,2921,9,591,1842,2919,2999,1848,2,414,1483,2161,1925,1302,7,177,359,758,1074,546,1357317
2017,2,11710632,가락2동,7915,4230,3685,36,1151,1883,2059,1748,1038,13,507,1085,1054,847,724,23,644,798,1005,901,314,934057
2017,2,11710641,문정1동,6451,3971,2480,11,706,1163,1387,1185,1999,7,337,720,845,665,1397,4,369,443,542,520,602,604321
2017,2,11710642,문정2동,28419,18800,9619,109,4753,8756,7258,4619,2924,57,2431,6031,4938,3032,2311,52,2322,2725,2320,1587,613,2387651
2017,2,11710646,장지동,8634,5667,2967,13,801,1413,2144,2340,1923,5,368,851,1345,1664,1434,8,433,562,799,676,489,1295680
2017,2,11710647,위례동,1918,1223,695,7,146,359,550,687,169,1,41,177,339,529,136,6,105,182,211,158,33,2626871
2017,2,11710650,잠실본동,14683,8224,6459,66,2565,3475,3463,2871,2243,39,954,1963,2041,1725,1502,27,1611,1512,1422,1146,741,1136161
2017,2,11710670,잠실2동,3284,1871,1413,4,569,883,903,673,252,2,312,484,514,365,194,2,257,399,389,308,58,2886358
2017,2,11710680,잠실3동,5328,2365,2963,154,1921,1001,1040,905,307,43,755,474,458,497,138,111,1166,527,582,408,169,1506573
2017,2,11710690,잠실4동,1017,389,628,2,128,212,306,224,145,0,34,67,87,94,107,2,94,145,219,130,38,838370
2017,2,11710710,잠실6동,73184,40605,32579,203,13169,23683,21069,12680,2380,101,6812,16055,11836,4329,1472,102,6357,7628,9233,8351,908,1403041
2017,2,11710720,잠실7동,665,318,347,0,47,149,170,193,106,0,12,68,74,93,71,0,35,81,96,100,35,675008
2017,2,11740515,강일동,13270,10371,2899,6,1806,5267,3118,2143,930,3,1165,4237,2456,1733,777,3,641,1030,662,410,153,3722759
2017,2,11740520,상일동,3454,1419,2035,3,546,948,756,765,436,0,127,317,330,416,229,3,419,631,426,349,207,1801282
2017,2,11740530,명일1동,3140,1273,1867,4,359,498,724,804,751,2,113,230,293,261,374,2,246,268,431,543,377,630284
2017,2,11740540,명일2동,2372,1095,1277,4,290,471,601,645,361,1,87,219,267,298,223,3,203,252,334,347,138,920946
2017,2,11740550,고덕1동,1380,552,828,3,148,290,388,337,214,2,42,133,153,120,102,1,106,157,235,217,112,1906565
2017,2,11740560,고덕2동,1284,611,673,0,95,234,329,427,199,0,34,110,139,208,120,0,61,124,190,219,79,2408099
2017,2,11740570,암사1동,2304,1105,1199,4,234,487,594,570,415,0,87,241,275,269,233,4,147,246,319,301,182,738366
2017,2,11740580,암사2동,2968,1317,1651,12,381,556,745,813,461,2,147,264,296,293,315,10,234,292,449,520,146,2337773
2017,2,11740590,암사3동,1206,544,662,1,142,295,326,327,115,0,41,131,131,158,83,1,101,164,195,169,32,1843902
2017,2,11740600,천호1동,2911,1360,1551,12,327,588,683,691,610,6,118,288,306,301,341,6,209,300,377,390,269,669571
2017,2,11740610,천호2동,7645,3837,3808,17,1158,1768,1943,1558,1201,9,428,933,1005,712,750,8,730,835,938,846,451,1828343
2017,2,11740620,천호3동,3256,1680,1576,11,355,640,816,783,651,3,110,334,445,403,385,8,245,306,371,380,266,569450
2017,2,11740640,성내1동,14060,8503,5557,13,1669,3728,3662,3067,1921,7,716,2114,2172,2092,1402,6,953,1614,1490,975,519,658437
2017,2,11740650,성내2동,3534,1767,1767,14,573,784,794,774,595,3,221,389,410,352,392,11,352,395,384,422,203,624632
2017,2,11740660,성내3동,6079,3322,2757,13,811,1533,1498,1250,974,5,354,898,839,652,574,8,457,635,659,598,400,641973
2017,2,11740685,길동,9904,4911,4993,15,1479,2460,2334,2100,1516,6,509,1260,1235,948,953,9,970,1200,1099,1152,563,1590598
2017,2,11740690,둔촌1동,869,513,356,2,71,134,200,212,250,1,35,61,92,109,215,1,36,73,108,103,35,897261
2017,2,11740700,둔촌2동,6566,3220,3346,9,1170,1865,1537,1316,669,2,365,906,774,725,448,7,805,959,763,591,221,1592001
2017,3,11110515,청운효자동,7371,4738,2633,3,1463,2388,1662,1466,389,2,825,1547,1100,1014,250,1,638,841,562,452,139,2429899
2017,3,11110530,사직동,69672,40967,28705,96,10466,21105,19372,11898,6735,32,3791,11865,13368,7974,3937,64,6675,9240,6004,3924,2798,1161995
2017,3,11110540,삼청동,3918,2078,1840,33,692,1206,1004,729,254,18,217,652,629,431,131,15,475,554,375,298,123,1391632
2017,3,11110550,부암동,3088,1572,1516,1,625,818,823,552,269,1,194,406,509,305,157,0,431,412,314,247,112,2221363
2017,3,11110560,평창동,2556,1209,1347,2,303,598,597,633,423,2,96,279,317,273,242,0,207,319,280,360,181,8346900
2017,3,11110570,무악동,768,217,551,0,159,182,197,142,88,0,20,35,57,46,59,0,139,147,140,96,29,453220
2017,3,11110580,교남동,4007,1386,2621,0,1098,1313,850,507,239,0,191,381,372,275,167,0,907,932,478,232,72,355267
2017,3,11110600,가회동,22288,18907,3381,25,2878,8465,6189,4007,724,16,1941,7092,5550,3704,604,9,937,1373,639,303,120,565302
2017,3,11110615,종로1.2.3.4가동,150434,89342,61092,2069,29119,46122,40621,24069,8434,925,12408,25889,27042,17382,5696,1144,16711,20233,13579,6687,2738,2430999
2017,3,11110630,종로5.6가동,19357,12159,7198,413,3313,5654,5168,3385,1424,129,1534,3661,3526,2345,964,284,1779,1993,1642,1040,460,599631
2017,3,11110640,이화동,16492,6110,10382,29,3951,5802,3535,2371,804,7,962,1837,1565,1218,521,22,2989,3965,1970,1153,283,747067
2017,3,11110650,혜화동,4886,2570,2316,4,748,1239,1209,1028,658,1,260,584,689,589,447,3,488,655,520,439,211,1161303
2017,3,11110670,창신1동,2881,1276,1605,14,419,780,779,544,345,4,141,345,314,252,220,10,278,435,465,292,125,297271
2017,3,11110680,창신2동,631,242,389,0,74,121,150,180,106,0,8,55,66,73,40,0,66,66,84,107,66,257188
2017,3,11110690,창신3동,432,206,226,1,53,82,110,125,61,0,19,26,53,61,47,1,34,56,57,64,14,216230
2017,3,11110700,숭인1동,626,283,343,0,82,128,165,161,90,0,27,58,75,72,51,0,55,70,90,89,39,236777
2017,3,11110710,숭인2동,2949,1548,1401,12,416,620,716,653,532,3,161,339,401,318,326,9,255,281,315,335,206,359384
2017,3,11140520,소공동,129410,73867,55543,451,29147,42872,35122,18415,3403,130,9965,22464,23986,14769,2553,321,19182,20408,11136,3646,850,918284
2017,3,11140540,회현동,66389,40256,26133,237,11129,23547,19169,9886,2421,81,5245,13833,12310,7054,1733,156,5884,9714,6859,2832,688,909465
2017,3,11140550,명동,162179,84073,78106,535,30715,56656,45463,23163,5647,161,10059,25150,27251,17599,3853,374,20656,31506,18212,5564,1794,993909
2017,3,11140570,필동,22839,11156,11683,130,3763,6215,6307,4559,1865,50,1174,3256,3376,2152,1148,80,2589,2959,2931,2407,717,1458582
2017,3,11140580,장충동,9667,5480,4187,27,2567,3094,2298,1193,488,16,964,1715,1590,859,336,11,1603,1379,708,334,152,1013897
2017,3,11140590,광희동,44437,22579,21858,987,11685,11705,10022,7213,2825,435,5081,6639,5484,3226,1714,552,6604,5066,4538,3987,1111,745387
2017,3,11140605,을지로동,20321,12781,7540,48,2484,4957,5759,4404,2669,15,1004,2947,3804,3022,1989,33,1480,2010,1955,1382,680,612013
2017,3,11140615,신당동,13185,7164,6021,20,2692,4490,3109,1913,961,12,1372,2368,1772,1085,555,8,1320,2122,1337,828,406,536647
2017,3,11140625,다산동,8656,3828,4828,57,2563,2029,1557,1461,989,24,912,1032,828,600,432,33,1651,997,729,861,557,532721
2017,3,11140635,약수동,2692,1247,1445,6,419,684,681,504,398,0,132,323,311,239,242,6,287,361,370,265,156,509395
2017,3,11140645,청구동,3210,1981,1229,5,605,966,771,462,401,2,291,658,503,266,261,3,314,308,268,196,140,345114
2017,3,11140650,신당5동,1810,804,1006,7,211,427,457,430,278,5,70,178,229,177,145,2,141,249,228,253,133,310367
2017,3,11140665,동화동,2715,1303,1412,11,754,709,565,488,188,2,266,387,308,225,115,9,488,322,257,263,73,330049
2017,3,11140670,황학동,4165,2667,1498,9,593,888,975,881,819,1,291,597,704,543,531,8,302,291,271,338,288,327694
2017,3,11140680,중림동,7363,3961,3402,8,1381,2071,1901,1287,715,2,463,1010,1151,874,461,6,918,1061,750,413,254,487576
2017,3,11170510,후암동,4161,1607,2554,3,435,706,922,1397,698,3,135,377,460,409,223,0,300,329,462,988,475,868399
2017,3,11170520,용산2가동,1319,723,596,3,128,287,409,342,150,2,50,131,263,193,84,1,78,156,146,149,66,2047347
2017,3,11170530,남영동,34021,16623,17398,847,13542,8610,6023,3430,1569,292,4095,5149,4059,2101,927,555,9447,3461,1964,1329,642,735947
2017,3,11170555,청파동,8127,4237,3890,15,1111,1949,1795,1699,1558,12,305,877,959,886,1198,3,806,1072,836,813,360,867676
2017,3,11170560,원효로1동,15349,8214,7135,90,3356,5564,3938,1593,808,54,1480,3067,2136,973,504,36,1876,2497,1802,620,304,589294
2017,3,11170570,원효로2동,5394,3598,1796,38,606,1483,1366,872,1029,28,346,1039,969,537,679,10,260,444,397,335,350,915567
2017,3,11170580,효창동,2116,1131,985,3,224,509,560,535,285,0,54,267,333,291,186,3,170,242,227,244,99,470670
2017,3,11170590,용문동,948,494,454,1,110,240,275,206,116,1,46,134,153,99,61,0,64,106,122,107,55,289284
2017,3,11170625,한강로동,58406,35344,23062,202,11526,18672,15864,8440,3702,84,5284,11057,10499,5808,2612,118,6242,7615,5365,2632,1090,3358956
2017,3,11170630,이촌1동,2068,950,1118,2,282,510,494,408,372,0,97,191,211,184,267,2,185,319,283,224,105,2143668
2017,3,11170640,이촌2동,402,240,162,1,48,99,91,81,82,1,24,67,60,43,45,0,24,32,31,38,37,1191110
2017,3,11170650,이태원1동,5701,3273,2428,23,1221,1603,1106,1042,706,10,625,945,595,655,443,13,596,658,511,387,263,579369
2017,3,11170660,이태원2동,2562,1429,1133,4,514,668,519,401,456,0,250,385,287,212,295,4,264,283,232,189,161,879018
2017,3,11170685,한남동,15549,8220,7329,75,3830,5345,3399,1767,1133,42,1465,2913,2121,1023,656,33,2365,2432,1278,744,477,3198883
2017,3,11170690,서빙고동,4560,2492,2068,21,816,1369,1230,703,421,0,277,678,712,480,345,21,539,691,518,223,76,2198117
2017,3,11170700,보광동,888,508,380,3,87,176,231,222,169,0,23,81,133,143,128,3,64,95,98,79,41,890496
2017,3,11200520,왕십리2동,1207,559,648,4,142,264,327,273,197,1,35,94,148,145,136,3,107,170,179,128,61,385254
2017,3,11200535,왕십리도선동,7845,4063,3782,14,1632,1831,1888,1530,950,7,611,960,1062,846,577,7,1021,871,826,684,373,718816
2017,3,11200540,마장동,11010,7499,3511,17,1052,2327,2869,3215,1530,15,608,1580,2024,2167,1105,2,444,747,845,1048,425,1082999
2017,3,11200550,사근동,7543,3617,3926,6,1446,1915,2096,1517,563,4,382,837,1049,913,432,2,1064,1078,1047,604,131,1182945
2017,3,11200560,행당1동,5739,3174,2565,29,818,1297,1444,1442,709,16,293,586,788,994,497,13,525,711,656,448,212,552563
2017,3,11200570,행당2동,920,294,626,1,95,219,271,215,119,1,20,47,83,75,68,0,75,172,188,140,51,457197
2017,3,11200580,응봉동,425,162,263,0,42,86,108,108,81,0,8,27,29,35,63,0,34,59,79,73,18,547736
2017,3,11200590,금호1가동,1024,476,548,1,151,253,250,216,153,0,32,102,116,108,118,1,119,151,134,108,35,441318
2017,3,11200615,금호2.3가동,1176,468,708,2,177,259,258,281,199,1,38,110,98,108,113,1,139,149,160,173,86,638261
2017,3,11200620,금호4가동,852,317,535,3,103,228,197,199,122,0,23,84,69,75,66,3,80,144,128,124,56,935263
2017,3,11200645,옥수동,2020,864,1156,6,378,464,538,404,230,2,120,172,240,182,148,4,258,292,298,222,82,1239152
2017,3,11200650,성수1가1동,6418,3863,2555,60,949,1802,1669,1380,558,18,378,1061,1043,922,441,42,571,741,626,458,117,2248463
2017,3,11200660,성수1가2동,16542,9999,6543,60,3674,5294,3565,2419,1530,19,1452,3286,2410,1664,1168,41,2222,2008,1155,755,362,984783
2017,3,11200670,성수2가1동,47266,21271,25995,171,7471,12381,15348,10631,1264,90,4329,8260,5681,2073,838,81,3142,4121,9667,8558,426,1126355
2017,3,11200690,성수2가3동,47592,27530,20062,309,10185,13361,11706,8044,3987,177,4396,8425,7119,4463,2950,132,5789,4936,4587,3581,1037,1050781
2017,3,11200720,송정동,1825,1091,734,5,284,491,481,331,233,1,155,288,254,221,172,4,129,203,227,110,61,584812
2017,3,11200790,용답동,19384,13818,5566,61,2057,3942,6577,4477,2270,25,1095,2875,5436,3105,1282,36,962,1067,1141,1372,988,2379362
2017,3,11215710,화양동,6073,2554,3519,21,1511,1753,1191,929,668,9,456,734,577,387,391,12,1055,1019,614,542,277,1124376
2017,3,11215730,군자동,6608,3415,3193,20,1196,1592,1785,1455,560,13,442,921,992,694,353,7,754,671,793,761,207,733236
2017,3,11215740,중곡1동,4226,2532,1694,14,466,887,1009,904,946,4,172,499,589,523,745,10,294,388,420,381,201,602769
2017,3,11215750,중곡2동,3982,2035,1947,3,478,829,1051,992,629,1,201,422,523,516,372,2,277,407,528,476,257,544807
2017,3,11215760,중곡3동,2651,1279,1372,8,353,672,638,605,375,1,129,310,293,318,228,7,224,362,345,287,147,600824
2017,3,11215770,중곡4동,2495,1401,1094,2,256,527,637,688,385,0,88,260,349,415,289,2,168,267,288,273,96,2295463
2017,3,11215780,능동,3295,1631,1664,6,535,916,831,652,355,2,171,455,458,298,247,4,364,461,373,354,108,1094134
2017,3,11215810,광장동,7988,4177,3811,43,1321,2350,2060,1498,716,21,465,1169,1221,785,516,22,856,1181,839,713,200,2889609
2017,3,11215820,자양1동,9695,5761,3934,16,1264,2069,2381,2415,1550,6,412,1003,1447,1710,1183,10,852,1066,934,705,367,621606
2017,3,11215830,자양2동,6936,4847,2089,11,636,1515,2271,1858,645,9,396,1054,1701,1238,449,2,240,461,570,620,196,1630926
2017,3,11215840,자양3동,3353,1583,1770,10,497,794,800,731,521,4,186,386,390,305,312,6,311,408,410,426,209,1145609
2017,3,11215847,자양4동,2823,1594,1229,11,474,656,729,554,399,5,213,385,407,292,292,6,261,271,322,262,107,1148618
2017,3,11215850,구의1동,4778,2905,1873,8,544,1270,1292,1091,573,5,247,775,831,688,359,3,297,495,461,403,214,553095
2017,3,11215860,구의2동,3370,1890,1480,27,423,669,834,869,548,9,178,342,465,510,386,18,245,327,369,359,162,1363952
2017,3,11215870,구의3동,13830,7932,5898,57,1503,2952,3495,3400,2423,28,720,1855,2089,1757,1483,29,783,1097,1406,1643,940,1453971
2017,3,11230536,용신동,28310,15069,13241,114,4253,6982,7365,5627,3969,58,1677,3959,3905,3112,2358,56,2576,3023,3460,2515,1611,1590771
2017,3,11230545,제기동,5811,3296,2515,16,684,1208,1503,1391,1009,8,296,684,875,786,647,8,388,524,628,605,362,1184853
2017,3,11230560,전농1동,2773,1379,1394,21,396,553,750,644,409,9,160,290,392,303,225,12,236,263,358,341,184,1140490
2017,3,11230570,전농2동,3400,1753,1647,3,374,894,899,844,386,1,115,372,461,513,291,2,259,522,438,331,95,983768
2017,3,11230600,답십리1동,5877,3297,2580,13,1034,1383,1489,1111,847,7,587,910,755,499,539,6,447,473,734,612,308,838156
2017,3,11230610,답십리2동,3629,2154,1475,9,382,752,1020,819,647,8,178,461,628,478,401,1,204,291,392,341,246,814945
2017,3,11230650,장안1동,13703,8019,5684,55,1756,3039,3293,2960,2600,22,785,1656,1972,1745,1839,33,971,1383,1321,1215,761,1360347
2017,3,11230660,장안2동,6531,3263,3268,23,984,1401,1747,1558,818,8,399,728,861,776,491,15,585,673,886,782,327,1119438
2017,3,11230705,청량리동,5770,3248,2522,11,864,1476,1293,1306,820,5,363,865,786,734,495,6,501,611,507,572,325,1197287
2017,3,11230710,회기동,3893,1411,2482,13,876,1247,889,681,187,7,242,504,328,239,91,6,634,743,561,442,96,829432
2017,3,11230720,휘경1동,1639,878,761,5,214,322,377,344,377,1,83,180,205,172,237,4,131,142,172,172,140,519932
2017,3,11230730,휘경2동,4055,1619,2436,10,725,994,1020,882,424,3,183,412,439,367,215,7,542,582,581,515,209,1207585
2017,3,11230740,이문1동,5464,2970,2494,10,634,1408,1618,1220,574,6,170,585,933,830,446,4,464,823,685,390,128,986690
2017,3,11230750,이문2동,961,478,483,1,121,171,248,258,162,0,24,65,117,153,119,1,97,106,131,105,43,698476
2017,3,11260520,면목2동,2510,1234,1276,6,264,468,646,717,409,2,73,210,318,362,269,4,191,258,328,355,140,743106
2017,3,11260540,면목4동,1759,1049,710,1,164,289,468,604,233,0,55,131,274,427,162,1,109,158,194,177,71,821882
2017,3,11260550,면목5동,1013,694,319,0,76,143,245,322,227,0,38,82,150,237,187,0,38,61,95,85,40,591696
2017,3,11260565,면목본동,2268,911,1357,1,262,395,621,627,362,1,58,168,274,227,183,0,204,227,347,400,179,840931
2017,3,11260570,면목7동,1402,665,737,1,187,238,333,383,260,0,39,97,154,203,172,1,148,141,179,180,88,1202721
2017,3,11260575,면목3.8동,3822,2104,1718,6,510,728,1001,1048,529,3,137,320,543,687,414,3,373,408,458,361,115,1591050
2017,3,11260580,상봉1동,3187,1787,1400,14,318,502,752,934,667,10,91,209,372,591,514,4,227,293,380,343,153,917193
2017,3,11260590,상봉2동,7375,4774,2601,33,971,1769,2148,1610,844,22,488,1237,1350,1083,594,11,483,532,798,527,250,658991
2017,3,11260600,중화1동,1724,666,1058,1,219,366,528,424,186,0,55,140,211,160,100,1,164,226,317,264,86,637209
2017,3,11260610,중화2동,4224,2811,1413,7,263,521,748,724,1961,5,99,288,404,356,1659,2,164,233,344,368,302,960402
2017,3,11260620,묵1동,3047,1393,1654,5,338,727,859,749,369,0,107,354,368,332,232,5,231,373,491,417,137,1184393
2017,3,11260630,묵2동,1742,874,868,4,212,370,506,439,211,3,68,194,254,224,131,1,144,176,252,215,80,682005
2017,3,11260655,망우본동,5638,2822,2816,13,766,1146,1376,1366,971,3,227,491,660,731,710,10,539,655,716,635,261,3074745
2017,3,11260660,망우3동,1633,765,868,4,150,302,419,466,292,3,45,128,186,222,181,1,105,174,233,244,111,967313
2017,3,11260680,신내1동,6308,3257,3051,9,942,1447,1517,1628,765,6,271,754,798,915,513,3,671,693,719,713,252,2361684
2017,3,11260690,신내2동,4010,1980,2030,1,385,903,1060,1114,547,1,110,400,460,679,330,0,275,503,600,435,217,939758
2017,3,11290525,성북동,2994,1392,1602,6,455,910,823,522,278,3,154,419,384,273,159,3,301,491,439,249,119,3067396
2017,3,11290555,삼선동,9022,4557,4465,17,1148,1919,2241,2434,1263,6,385,888,1192,1380,706,11,763,1031,1049,1054,557,1177823
2017,3,11290575,동선동,6112,2614,3498,21,1097,1176,1315,1139,1364,14,289,564,648,520,579,7,808,612,667,619,785,729672
2017,3,11290580,돈암1동,931,322,609,4,110,196,267,234,120,3,20,62,93,80,64,1,90,134,174,154,56,461503
2017,3,11290590,돈암2동,643,192,451,0,110,214,160,105,54,0,15,77,48,24,28,0,95,137,112,81,26,414465
2017,3,11290600,안암동,7759,3887,3872,7,1553,2180,2037,1415,567,2,437,942,1196,920,390,5,1116,1238,841,495,177,1295307
2017,3,11290610,보문동,3460,1884,1576,11,350,642,698,752,1007,4,120,331,384,372,673,7,230,311,314,380,334,551172
2017,3,11290620,정릉1동,1148,486,662,4,127,245,343,271,158,2,26,99,141,118,100,2,101,146,202,153,58,475568
2017,3,11290630,정릉2동,1471,686,785,1,177,306,408,364,215,0,51,122,176,194,143,1,126,184,232,170,72,1165255
2017,3,11290640,정릉3동,2932,1744,1188,4,369,571,892,745,351,3,121,271,551,529,269,1,248,300,341,216,82,3182234
2017,3,11290650,정릉4동,2724,1709,1015,1,261,412,697,865,488,0,56,211,447,619,376,1,205,201,250,246,112,3714207
2017,3,11290660,길음1동,2168,759,1409,17,298,435,601,428,389,4,50,134,196,169,206,13,248,301,405,259,183,753885
2017,3,11290685,길음2동,1163,446,717,7,210,288,292,223,143,5,60,104,124,79,74,2,150,184,168,144,69,423663
2017,3,11290705,종암동,3731,1775,1956,7,521,859,1004,945,395,2,176,437,502,460,198,5,345,422,502,485,197,1494677
2017,3,11290715,월곡1동,3669,1707,1962,8,460,815,1007,899,480,0,167,395,457,424,264,8,293,420,550,475,216,974658
2017,3,11290725,월곡2동,4936,2690,2246,5,790,1266,1266,1019,590,2,279,739,723,581,366,3,511,527,543,438,224,1330228
2017,3,11290760,장위1동,913,336,577,3,74,163,264,284,125,2,15,61,98,107,53,1,59,102,166,177,72,714821
2017,3,11290770,장위2동,2087,1043,1044,2,162,354,532,526,511,1,56,178,244,241,323,1,106,176,288,285,188,682224
2017,3,11290780,장위3동,1699,948,751,1,166,285,425,518,304,0,54,128,222,312,232,1,112,157,203,206,72,663549
2017,3,11290810,석관동,4745,2786,1959,4,393,857,1073,1091,1327,2,123,386,594,678,1003,2,270,471,479,413,324,1773773
2017,3,11305534,삼양동,1473,575,898,4,181,273,377,386,252,1,36,94,116,162,166,3,145,179,261,224,86,959451
2017,3,11305535,미아동,2507,1086,1421,8,347,534,662,593,363,2,111,215,306,248,204,6,236,319,356,345,159,835492
2017,3,11305545,송중동,3336,1455,1881,16,485,738,923,688,486,7,194,306,385,276,287,9,291,432,538,412,199,1085065
2017,3,11305555,송천동,2908,1422,1486,8,322,590,754,748,486,5,88,268,372,370,319,3,234,322,382,378,167,928301
2017,3,11305575,삼각산동,1238,403,835,1,153,298,425,257,104,1,33,101,120,85,63,0,120,197,305,172,41,603256
2017,3,11305590,번1동,4181,2315,1866,9,539,848,978,1056,751,2,188,498,560,628,439,7,351,350,418,428,312,619363
2017,3,11305600,번2동,2125,1358,767,1,215,296,607,715,291,1,106,171,349,517,214,0,109,125,258,198,77,992960
2017,3,11305606,번3동,1543,699,844,12,226,263,355,374,313,6,85,117,154,178,159,6,141,146,201,196,154,1075371
2017,3,11305610,수유1동,3082,1584,1498,8,268,512,808,948,538,3,86,252,421,508,314,5,182,260,387,440,224,1748455
2017,3,11305620,수유2동,2145,940,1205,4,209,300,440,504,688,0,63,158,194,218,307,4,146,142,246,286,381,593685
2017,3,11305630,수유3동,4572,2349,2223,8,544,1112,1188,1133,587,4,222,530,593,661,339,4,322,582,595,472,248,725084
2017,3,11305645,우이동,2250,1385,865,2,191,285,463,758,551,1,81,160,274,510,359,1,110,125,189,248,192,10680138
2017,3,11305660,인수동,3471,1530,1941,8,416,711,892,855,589,5,136,301,385,340,363,3,280,410,507,515,226,2869695
2017,3,11320511,창1동,1729,650,1079,7,224,336,496,465,201,1,46,116,197,181,109,6,178,220,299,284,92,1104916
2017,3,11320512,창2동,2383,1194,1189,17,265,418,655,649,379,4,71,211,295,346,267,13,194,207,360,303,112,654615
2017,3,11320513,창3동,899,340,559,1,88,163,274,230,143,1,16,62,100,83,78,0,72,101,174,147,65,635079
2017,3,11320514,창4동,3728,2274,1454,3,354,587,982,1072,730,1,108,292,563,743,567,2,246,295,419,329,163,1155759
2017,3,11320515,창5동,4971,2464,2507,10,588,1229,1349,1306,489,3,200,570,676,715,300,7,388,659,673,591,189,676820
2017,3,11320521,도봉1동,3233,1967,1266,9,232,421,818,1085,668,6,99,220,479,715,448,3,133,201,339,370,220,8547209
2017,3,11320522,도봉2동,5206,2925,2281,2,348,738,1115,1140,1863,2,134,342,545,608,1294,0,214,396,570,532,569,1204332
2017,3,11320660,쌍문1동,2420,959,1461,1,367,419,613,665,355,0,68,173,227,269,222,1,299,246,386,396,133,1177010
2017,3,11320670,쌍문2동,3314,1610,1704,8,283,494,685,774,1070,4,106,251,324,384,541,4,177,243,361,390,529,539384
2017,3,11320680,쌍문3동,2006,909,1097,4,418,495,481,444,164,2,112,234,207,239,115,2,306,261,274,205,49,504867
2017,3,11320681,쌍문4동,1140,443,697,1,130,286,287,294,142,0,30,107,103,115,88,1,100,179,184,179,54,543784
2017,3,11320690,방학1동,5166,2842,2324,15,561,848,1199,1495,1048,12,212,438,593,857,730,3,349,410,606,638,318,1041785
2017,3,11320700,방학2동,1206,525,681,1,124,257,312,319,193,1,50,134,122,122,96,0,74,123,190,197,97,1102018
2017,3,11320710,방학3동,1779,768,1011,2,127,238,478,582,352,2,26,79,185,230,246,0,101,159,293,352,106,1856777
2017,3,11350560,월계1동,2948,1653,1295,7,317,549,717,802,556,5,98,282,387,504,377,2,219,267,330,298,179,1218934
2017,3,11350570,월계2동,2184,1100,1084,6,240,415,614,601,308,6,86,154,305,336,213,0,154,261,309,265,95,1991095
2017,3,11350580,월계3동,1669,691,978,1,149,256,476,520,267,0,34,105,167,229,156,1,115,151,309,291,111,1133881
2017,3,11350595,공릉1동,8823,4503,4320,22,932,1505,2098,2342,1924,12,373,848,1021,1147,1102,10,559,657,1077,1195,822,1217193
2017,3,11350600,공릉2동,6548,3058,3490,5,933,1388,1657,1592,973,3,239,553,721,829,713,2,694,835,936,763,260,7207339
2017,3,11350611,하계1동,7563,4128,3435,15,1131,1901,1863,1884,769,4,414,982,1059,1165,504,11,717,919,804,719,265,1467562
2017,3,11350612,하계2동,602,187,415,0,51,96,189,196,70,0,9,26,40,50,62,0,42,70,149,146,8,513857
2017,3,11350619,중계본동,2342,1106,1236,1,215,396,576,551,603,0,77,180,239,238,372,1,138,216,337,313,231,2094464
2017,3,11350621,중계1동,1497,633,864,7,193,279,425,387,206,2,69,107,152,157,146,5,124,172,273,230,60,624508
2017,3,11350624,중계4동,1988,873,1115,6,198,400,549,545,290,3,65,178,234,231,162,3,133,222,315,314,128,1540528
2017,3,11350625,중계2.3동,2676,1079,1597,6,309,528,742,768,323,3,97,229,278,275,197,3,212,299,464,493,126,912217
2017,3,11350630,상계1동,5803,3103,2700,7,458,925,1458,1422,1533,4,187,509,729,733,941,3,271,416,729,689,592,4997346
2017,3,11350640,상계2동,4520,1744,2776,29,821,883,1085,1077,625,18,273,376,417,362,298,11,548,507,668,715,327,629194
2017,3,11350665,상계3.4동,3355,1856,1499,2,200,304,741,1048,1060,2,53,133,388,664,616,0,147,171,353,384,444,5751720
2017,3,11350670,상계5동,2143,954,1189,3,140,244,429,536,791,1,62,137,176,193,385,2,78,107,253,343,406,473604
2017,3,11350695,상계6.7동,8849,3476,5373,10,1531,2221,2306,1878,903,4,317,767,927,976,485,6,1214,1454,1379,902,418,1434043
2017,3,11350700,상계8동,1059,323,736,0,111,200,349,274,125,0,21,46,74,88,94,0,90,154,275,186,31,668937
2017,3,11350710,상계9동,1248,463,785,2,113,262,385,333,153,0,28,71,110,151,103,2,85,191,275,182,50,833448
2017,3,11350720,상계10동,979,347,632,1,97,196,271,291,123,0,15,62,86,101,83,1,82,134,185,190,40,802642
2017,3,11380510,녹번동,7342,3616,3726,14,852,1750,1954,1820,952,8,288,768,969,1026,557,6,564,982,985,794,395,1923020
2017,3,11380520,불광1동,2553,1045,1508,7,325,743,711,498,269,3,95,313,321,174,139,4,230,430,390,324,130,2948578
2017,3,11380530,불광2동,3511,1691,1820,7,462,776,981,843,442,4,166,400,492,416,213,3,296,376,489,427,229,1756596
2017,3,11380551,갈현1동,2123,941,1182,9,369,436,577,462,270,6,139,200,233,211,152,3,230,236,344,251,118,909869
2017,3,11380552,갈현2동,3305,1342,1963,14,384,704,852,867,484,1,108,316,348,314,255,13,276,388,504,553,229,1018512
2017,3,11380560,구산동,4119,1889,2230,7,415,729,991,1277,700,2,122,283,397,687,398,5,293,446,594,590,302,1316383
2017,3,11380570,대조동,3412,1384,2028,5,425,672,951,799,560,4,129,271,396,295,289,1,296,401,555,504,271,867572
2017,3,11380580,응암1동,4023,1819,2204,9,472,855,1069,973,645,4,162,381,484,406,382,5,310,474,585,567,263,1126418
2017,3,11380590,응암2동,1030,492,538,2,110,218,237,275,188,0,27,66,106,155,138,2,83,152,131,120,50,554079
2017,3,11380600,응암3동,2859,1203,1656,7,346,611,808,713,374,3,127,266,333,277,197,4,219,345,475,436,177,933101
2017,3,11380625,역촌동,3887,1737,2150,13,408,789,1040,970,667,5,139,349,456,430,358,8,269,440,584,540,309,1138805
2017,3,11380631,신사1동,1962,931,1031,5,266,379,505,469,338,1,83,205,239,212,191,4,183,174,266,257,147,823498
2017,3,11380632,신사2동,1715,856,859,2,121,249,391,444,508,2,41,98,185,246,284,0,80,151,206,198,224,1050676
2017,3,11380640,증산동,2518,1344,1174,12,284,468,632,642,480,4,85,201,304,379,371,8,199,267,328,263,109,929526
2017,3,11380650,수색동,1298,609,689,2,212,271,314,309,190,1,39,96,161,192,120,1,173,175,153,117,70,1169504
2017,3,11380690,진관동,4330,2004,2326,43,546,773,1221,1236,511,15,149,331,528,644,337,28,397,442,693,592,174,12836383
2017,3,11410520,천연동,1418,577,841,1,148,281,377,384,227,0,40,96,158,151,132,1,108,185,219,233,95,866603
2017,3,11410555,북아현동,1071,420,651,3,100,165,272,319,212,1,26,54,112,124,103,2,74,111,160,195,109,461555
2017,3,11410565,충현동,26636,15410,11226,47,4108,8975,7254,4320,1932,24,1704,4928,4564,2850,1340,23,2404,4047,2690,1470,592,1139343
2017,3,11410585,신촌동,19569,7742,11827,44,4819,6005,4638,2930,1133,18,1328,2180,1980,1538,698,26,3491,3825,2658,1392,435,2504686
2017,3,11410615,연희동,8364,4505,3859,31,1153,2125,2025,1950,1080,10,473,1105,1047,1172,698,21,680,1020,978,778,382,2965760
2017,3,11410620,홍제1동,1741,735,1006,5,239,378,476,388,255,4,52,160,198,156,165,1,187,218,278,232,90,1492096
2017,3,11410640,홍제3동,1602,649,953,2,202,289,408,335,366,1,53,97,141,135,222,1,149,192,267,200,144,1093373
2017,3,11410655,홍제2동,1103,512,591,2,100,166,269,353,213,1,39,71,97,180,124,1,61,95,172,173,89,705399
2017,3,11410660,홍은1동,1255,528,727,2,150,233,347,316,207,0,51,97,132,115,133,2,99,136,215,201,74,1538023
2017,3,11410685,홍은2동,3530,1905,1625,4,466,745,872,902,541,2,169,345,463,539,387,2,297,400,409,363,154,2049745
2017,3,11410690,남가좌1동,1217,604,613,1,219,260,311,281,145,0,50,99,177,180,98,1,169,161,134,101,47,484765
2017,3,11410700,남가좌2동,1615,773,842,4,221,320,441,387,242,3,65,129,195,202,179,1,156,191,246,185,63,787125
2017,3,11410710,북가좌1동,1652,1024,628,5,165,276,387,452,367,4,49,123,205,328,315,1,116,153,182,124,52,562752
2017,3,11410720,북가좌2동,2518,1292,1226,2,251,436,623,702,504,1,91,219,301,373,307,1,160,217,322,329,197,806705
2017,3,11440555,아현동,23377,12848,10529,69,4023,7263,6130,4355,1537,21,1407,4118,3910,2442,950,48,2616,3145,2220,1913,587,870645
2017,3,11440565,공덕동,10763,6915,3848,35,2007,2738,3200,2011,772,19,1095,1661,2216,1492,432,16,912,1077,984,519,340,891209
2017,3,11440585,도화동,14039,7448,6591,43,2558,3815,3463,2644,1516,27,1038,2170,1919,1252,1042,16,1520,1645,1544,1392,474,863516
2017,3,11440590,용강동,17284,9632,7652,80,2580,4602,4371,3314,2337,36,979,2756,2689,1682,1490,44,1601,1846,1682,1632,847,910388
2017,3,11440600,대흥동,8086,4084,4002,61,2159,2288,1669,1180,729,33,766,1166,980,708,431,28,1393,1122,689,472,298,854083
2017,3,11440610,염리동,5673,3407,2266,83,925,1642,1340,1041,642,43,438,1043,915,548,420,40,487,599,425,493,222,549601
2017,3,11440630,신수동,4392,2471,1921,13,627,1331,1264,785,372,4,244,752,755,461,255,9,383,579,509,324,117,914314
2017,3,11440655,서강동,9760,5443,4317,41,1910,2415,2142,1569,1683,11,743,1399,1445,959,886,30,1167,1016,697,610,797,1890596
2017,3,11440660,서교동,48510,24772,23738,286,12001,13551,10444,6992,5236,147,4622,7560,6326,3486,2631,139,7379,5991,4118,3506,2605,1641475
2017,3,11440680,합정동,10456,5455,5001,64,2250,3468,2701,1323,650,15,708,1755,1679,861,437,49,1542,1713,1022,462,213,1792621
2017,3,11440690,망원1동,2914,1582,1332,15,570,797,713,505,314,11,261,497,387,245,181,4,309,300,326,260,133,1111518
2017,3,11440700,망원2동,2629,1434,1195,8,364,671,743,519,324,6,145,381,428,272,202,2,219,290,315,247,122,1209563
2017,3,11440710,연남동,4578,2487,2091,8,1033,1486,1090,622,339,1,444,821,633,365,223,7,589,665,457,257,116,641653
2017,3,11440720,성산1동,10129,6802,3327,29,1087,1848,1974,1740,3451,21,430,1073,1242,1111,2925,8,657,775,732,629,526,855779
2017,3,11440730,성산2동,9191,4267,4924,7,578,1386,1892,2768,2560,6,202,581,945,1163,1370,1,376,805,947,1605,1190,1990923
2017,3,11440740,상암동,40296,23839,16457,110,11134,13447,9855,4088,1662,38,4181,7972,7349,3002,1297,72,6953,5475,2506,1086,365,7646126
2017,3,11470510,목1동,13737,8283,5454,56,2144,3739,3929,2725,1144,21,821,2129,2664,1917,731,35,1323,1610,1265,808,413,1572490
2017,3,11470520,목2동,2457,1266,1191,6,314,723,634,526,254,2,118,408,335,255,148,4,196,315,299,271,106,1021500
2017,3,11470530,목3동,2392,1165,1227,8,297,566,597,533,391,4,92,294,317,241,217,4,205,272,280,292,174,533074
2017,3,11470540,목4동,1870,801,1069,3,182,378,517,495,295,1,53,167,195,213,172,2,129,211,322,282,123,578170
2017,3,11470550,목5동,6246,2196,4050,12,1091,1664,1536,1175,768,2,188,494,523,509,480,10,903,1170,1013,666,288,2055129
2017,3,11470560,신월1동,2522,1477,1045,6,170,431,686,804,425,6,61,233,397,499,281,0,109,198,289,305,144,625887
2017,3,11470570,신월2동,2157,1065,1092,3,182,367,602,638,365,1,64,161,260,340,239,2,118,206,342,298,126,608140
2017,3,11470580,신월3동,2563,1411,1152,4,203,448,650,815,443,4,69,228,306,460,344,0,134,220,344,355,99,932122
2017,3,11470590,신월4동,1980,1143,837,7,171,332,469,576,425,2,62,177,240,338,324,5,109,155,229,238,101,470224
2017,3,11470600,신월5동,2724,1586,1138,5,216,399,553,601,950,4,60,151,213,298,860,1,156,248,340,303,90,523363
2017,3,11470610,신월6동,1212,626,586,1,119,197,299,360,236,0,46,94,119,200,167,1,73,103,180,160,69,437027
2017,3,11470611,신월7동,3805,2485,1320,3,310,580,984,1142,786,2,199,373,579,717,615,1,111,207,405,425,171,1403954
2017,3,11470620,신정1동,2685,1246,1439,3,259,582,718,664,459,2,95,281,336,289,243,1,164,301,382,375,216,722680
2017,3,11470630,신정2동,1839,767,1072,3,223,332,530,466,285,1,59,150,206,175,176,2,164,182,324,291,109,594999
2017,3,11470640,신정3동,5729,3229,2500,2,530,1065,1403,1489,1240,0,156,464,705,885,1019,2,374,601,698,604,221,2650845
2017,3,11470650,신정4동,7551,3538,4013,18,890,1573,1960,1727,1383,12,266,769,938,744,809,6,624,804,1022,983,574,996406
2017,3,11470670,신정6동,5491,2888,2603,14,648,1386,1439,1485,519,12,285,654,691,932,314,2,363,732,748,553,205,972556
2017,3,11470680,신정7동,1880,818,1062,4,214,354,565,505,238,2,72,160,219,204,161,2,142,194,346,301,77,1144112
2017,3,11500510,염창동,11998,7223,4775,46,1842,3423,3195,2227,1265,23,742,2041,2089,1393,935,23,1100,1382,1106,834,330,1957926
2017,3,11500520,등촌1동,30105,12334,17771,212,3817,7313,10116,7538,1109,139,2122,4699,3374,1326,674,73,1695,2614,6742,6212,435,649434
2017,3,11500530,등촌2동,2290,1202,1088,4,259,514,595,573,345,1,73,231,307,340,250,3,186,283,288,233,95,908847
2017,3,11500535,등촌3동,19444,9656,9788,58,3446,3732,3917,5307,2984,45,1440,2185,2185,2130,1671,13,2006,1547,1732,3177,1313,1049363
2017,3,11500540,화곡1동,4620,2151,2469,13,570,992,1212,1152,681,3,218,509,565,473,383,10,352,483,647,679,298,1194778
2017,3,11500550,화곡2동,1707,792,915,3,219,415,492,423,155,1,106,221,217,167,80,2,113,194,275,256,75,456061
2017,3,11500560,화곡3동,2517,1127,1390,13,283,431,610,808,372,6,99,244,308,275,195,7,184,187,302,533,177,515596
2017,3,11500570,화곡4동,1902,890,1012,4,224,414,520,492,248,2,81,212,217,233,145,2,143,202,303,259,103,853460
2017,3,11500590,화곡본동,2359,905,1454,4,287,522,661,520,365,2,58,215,275,180,175,2,229,307,386,340,190,1007050
2017,3,11500591,화곡6동,9789,5919,3870,12,1035,2283,2486,2483,1490,6,452,1298,1545,1627,991,6,583,985,941,856,499,1034624
2017,3,11500593,화곡8동,1432,535,897,5,175,284,375,353,240,2,54,134,141,89,115,3,121,150,234,264,125,567208
2017,3,11500603,가양1동,12602,8202,4400,59,1759,3334,3360,2607,1483,26,946,2104,2219,1775,1132,33,813,1230,1141,832,351,5908521
2017,3,11500604,가양2동,2216,1116,1100,8,339,516,452,401,500,4,113,249,219,168,363,4,226,267,233,233,137,996881
2017,3,11500605,가양3동,5226,3102,2124,21,930,1524,1493,865,393,9,452,958,933,497,253,12,478,566,560,368,140,691403
2017,3,11500611,발산1동,7137,3800,3337,14,722,1572,1902,1908,1019,7,207,776,976,1083,751,7,515,796,926,825,268,3032326
2017,3,11500615,우장산동,4387,1963,2424,51,772,915,1114,920,615,23,249,469,514,380,328,28,523,446,600,540,287,1268459
2017,3,11500620,공항동,40733,24005,16728,45,7122,12708,12312,7135,1411,26,2033,5837,8592,6303,1214,19,5089,6871,3720,832,197,11377979
2017,3,11500630,방화1동,8056,5299,2757,10,951,2021,2142,2122,810,6,507,1414,1436,1432,504,4,444,607,706,690,306,1125789
2017,3,11500640,방화2동,4952,2963,1989,30,834,917,1083,1287,801,19,333,520,641,854,596,11,501,397,442,433,205,5564098
2017,3,11500641,방화3동,3209,1728,1481,5,238,567,775,882,742,3,67,219,426,577,436,2,171,348,349,305,306,1964100
2017,3,11530510,신도림동,9223,5263,3960,23,1478,2571,2477,1787,887,15,629,1443,1413,1104,659,8,849,1128,1064,683,228,1312211
2017,3,11530520,구로1동,2386,1064,1322,13,222,542,527,416,666,0,99,310,265,196,194,13,123,232,262,220,472,1004193
2017,3,11530530,구로2동,26934,14688,12246,61,3880,8167,6936,5302,2588,29,1408,3990,3915,3452,1894,32,2472,4177,3021,1850,694,1807452
2017,3,11530540,구로3동,80064,48938,31126,363,17371,28149,19246,9809,5126,199,7836,18759,13073,5616,3455,164,9535,9390,6173,4193,1671,1033159
2017,3,11530550,구로4동,2831,1172,1659,2,319,548,827,665,470,1,94,214,326,264,273,1,225,334,501,401,197,538215
2017,3,11530560,구로5동,21319,12297,9022,85,4019,6250,4748,3701,2516,50,1774,3652,3166,2156,1499,35,2245,2598,1582,1545,1017,1075552
2017,3,11530595,가리봉동,1565,646,919,0,190,258,359,400,358,0,75,134,147,125,165,0,115,124,212,275,193,415751
2017,3,11530720,고척1동,5936,3540,2396,18,652,1133,1538,1471,1124,6,284,645,869,886,850,12,368,488,669,585,274,1100132
2017,3,11530730,고척2동,1834,799,1035,1,202,346,557,484,244,1,74,150,204,218,152,0,128,196,353,266,92,1013917
2017,3,11530740,개봉1동,3111,1467,1644,5,361,587,839,834,485,2,126,295,391,370,283,3,235,292,448,464,202,1168155
2017,3,11530750,개봉2동,1435,573,862,5,194,274,446,303,213,1,48,106,169,132,117,4,146,168,277,171,96,825368
2017,3,11530760,개봉3동,4608,2338,2270,2,132,324,511,738,2901,2,55,128,179,303,1671,0,77,196,332,435,1230,831642
2017,3,11530770,오류1동,3672,1487,2185,22,387,688,1057,941,577,7,129,295,394,303,359,15,258,393,663,638,218,707130
2017,3,11530780,오류2동,4165,2115,2050,4,450,899,1060,1107,645,4,124,450,502,570,465,0,326,449,558,537,180,4314692
2017,3,11530790,수궁동,4205,2607,1598,6,411,935,1096,1124,633,4,211,534,648,708,502,2,200,401,448,416,131,2684146
2017,3,11545510,가산동,137235,86053,51182,2579,31842,42522,33081,17617,9594,1184,15121,28359,23113,11184,7092,1395,16721,14163,9968,6433,2502,2245346
2017,3,11545610,독산1동,16813,10966,5847,55,2033,3958,4525,4201,2041,35,1195,2729,2887,2591,1529,20,838,1229,1638,1610,512,1956086
2017,3,11545620,독산2동,1593,731,862,0,160,286,416,426,305,0,53,111,182,202,183,0,107,175,234,224,122,596742
2017,3,11545630,독산3동,4809,2850,1959,10,436,737,907,1050,1669,2,155,310,422,523,1438,8,281,427,485,527,231,982894
2017,3,11545640,독산4동,1881,1027,854,3,261,354,545,439,279,2,122,201,296,227,179,1,139,153,249,212,100,605029
2017,3,11545670,시흥1동,9158,4318,4840,40,1437,2255,2032,2004,1390,25,633,1077,910,991,682,15,804,1178,1122,1013,708,1437595
2017,3,11545680,시흥2동,1304,405,899,4,143,292,360,343,162,0,31,74,106,110,84,4,112,218,254,233,78,1170211
2017,3,11545690,시흥3동,8858,5424,3434,16,684,1636,2877,2496,1149,2,366,1016,1654,1515,871,14,318,620,1223,981,278,1328458
2017,3,11545700,시흥4동,909,318,591,0,82,172,295,265,95,0,27,62,79,98,52,0,55,110,216,167,43,873884
2017,3,11545710,시흥5동,2041,1093,948,2,151,271,555,674,388,0,38,113,298,394,250,2,113,158,257,280,138,1368598
2017,3,11560515,영등포본동,2626,1225,1401,29,410,582,692,567,346,15,153,274,293,267,223,14,257,308,399,300,123,843586
2017,3,11560535,영등포동,23373,13970,9403,100,3561,5932,5781,4542,3457,32,1428,3552,3807,2863,2288,68,2133,2380,1974,1679,1169,1390482
2017,3,11560540,여의동,270034,180566,89468,548,47165,103112,73674,35048,10487,168,20779,69629,56816,26743,6431,380,26386,33483,16858,8305,4056,6703511
2017,3,11560550,당산1동,15336,8624,6712,61,2376,3710,3311,3183,2695,28,903,2037,1962,1986,1708,33,1473,1673,1349,1197,987,746447
2017,3,11560560,당산2동,29502,16166,13336,153,6111,7240,6649,4940,4409,56,2288,4094,3815,2949,2964,97,3823,3146,2834,1991,1445,1526636
2017,3,11560585,도림동,2148,1315,833,7,199,420,532,496,494,2,70,248,346,295,354,5,129,172,186,201,140,539427
2017,3,11560605,문래동,45115,27492,17623,127,8652,13211,11400,7045,4680,50,4202,8257,7015,4448,3520,77,4450,4954,4385,2597,1160,1738475
2017,3,11560610,양평1동,18805,10437,8368,111,4013,4510,4026,3594,2551,58,1825,2815,2318,1797,1624,53,2188,1695,1708,1797,927,869573
2017,3,11560620,양평2동,34373,18413,15960,134,5883,12134,10354,4431,1437,71,2444,6701,5505,2621,1071,63,3439,5433,4849,1810,366,2573400
2017,3,11560630,신길1동,4212,2189,2023,7,530,683,856,1050,1086,1,140,347,460,557,684,6,390,336,396,493,402,762886
2017,3,11560650,신길3동,1629,748,881,1,155,291,422,422,338,0,45,134,192,197,180,1,110,157,230,225,158,510335
2017,3,11560660,신길4동,1106,549,557,2,124,305,314,228,133,1,34,154,179,110,71,1,90,151,135,118,62,298738
2017,3,11560670,신길5동,1151,570,581,2,117,287,278,285,182,2,52,130,115,145,126,0,65,157,163,140,56,498387
2017,3,11560680,신길6동,2550,1203,1347,8,312,540,624,582,484,1,97,262,278,262,303,7,215,278,346,320,181,676005
2017,3,11560690,신길7동,2944,1794,1150,9,467,655,710,761,342,5,280,450,454,387,218,4,187,205,256,374,124,599547
2017,3,11560700,대림1동,2618,976,1642,2,664,640,578,493,241,2,123,254,246,220,131,0,541,386,332,273,110,493503
2017,3,11560710,대림2동,2255,1008,1247,3,224,485,719,479,345,0,56,224,254,235,239,3,168,261,465,244,106,574495
2017,3,11560720,대림3동,7972,4648,3324,19,971,1726,2088,1919,1249,7,496,1085,1331,1041,688,12,475,641,757,878,561,933892
2017,3,11590510,노량진1동,4275,2423,1852,10,490,1022,1135,1062,556,3,191,589,723,615,302,7,299,433,412,447,254,1876800
2017,3,11590520,노량진2동,6280,3442,2838,13,734,1401,1385,1528,1219,5,387,646,726,897,781,8,347,755,659,631,438,619921
2017,3,11590530,상도1동,4748,2303,2445,11,658,1146,1302,1022,609,5,215,520,675,537,351,6,443,626,627,485,258,1492421
2017,3,11590540,상도2동,2878,1172,1706,5,328,546,837,765,397,2,101,210,357,314,188,3,227,336,480,451,209,771971
2017,3,11590550,상도3동,1256,504,752,4,149,278,333,337,155,1,42,115,136,125,85,3,107,163,197,212,70,662403
2017,3,11590560,상도4동,1745,625,1120,5,254,353,472,395,266,1,69,139,175,125,116,4,185,214,297,270,150,947172
2017,3,11590605,흑석동,5689,2589,3100,8,1081,1542,1431,1115,512,0,298,572,714,643,362,8,783,970,717,472,150,2062251
2017,3,11590620,사당1동,5058,2552,2506,20,941,1253,1359,928,557,7,272,653,788,466,366,13,669,600,571,462,191,630335
2017,3,11590630,사당2동,3689,1447,2242,12,498,719,945,1023,492,5,168,337,379,311,247,7,330,382,566,712,245,3064442
2017,3,11590640,사당3동,2755,1403,1352,9,284,468,585,601,808,3,86,226,275,316,497,6,198,242,310,285,311,898029
2017,3,11590650,사당4동,1040,474,566,0,117,209,260,237,217,0,24,79,108,110,153,0,93,130,152,127,64,431219
2017,3,11590651,사당5동,952,445,507,5,181,214,244,226,82,2,85,88,106,107,57,3,96,126,138,119,25,658780
2017,3,11590660,대방동,9906,5615,4291,37,1338,2741,2390,2023,1377,6,581,1685,1435,1091,817,31,757,1056,955,932,560,1591876
2017,3,11590670,신대방1동,3182,2066,1116,9,499,887,879,572,336,8,295,610,579,339,235,1,204,277,300,233,101,685547
2017,3,11590680,신대방2동,27975,15102,12873,105,4617,7063,6521,6140,3529,50,2527,4299,3443,2965,1818,55,2090,2764,3078,3175,1711,1024271
2017,3,11620525,보라매동,5376,2337,3039,9,726,1612,1879,792,358,2,267,600,806,443,219,7,459,1012,1073,349,139,758003
2017,3,11620545,청림동,700,286,414,5,108,170,176,120,121,2,26,58,72,41,87,3,82,112,104,79,34,305629
2017,3,11620565,성현동,1703,779,924,3,208,376,475,379,262,1,96,187,187,162,146,2,112,189,288,217,116,695625
2017,3,11620575,행운동,3578,1825,1753,31,740,884,815,666,442,25,335,461,431,315,258,6,405,423,384,351,184,739229
2017,3,11620585,낙성대동,11619,6384,5235,19,1561,3471,2780,2385,1403,11,621,1599,1554,1486,1113,8,940,1872,1226,899,290,2341406
2017,3,11620595,청룡동,7579,4258,3321,8,922,1907,1946,1784,1012,0,386,1032,1052,1126,662,8,536,875,894,658,350,1186204
2017,3,11620605,은천동,3736,1698,2038,7,479,701,844,978,727,3,144,346,372,421,412,4,335,355,472,557,315,738181
2017,3,11620615,중앙동,1954,937,1017,3,264,440,520,401,326,0,79,203,271,201,183,3,185,237,249,200,143,385136
2017,3,11620625,인헌동,2504,1222,1282,2,346,583,639,526,408,1,104,305,300,244,268,1,242,278,339,282,140,709688
2017,3,11620630,남현동,4154,2332,1822,12,842,975,1055,848,422,5,403,576,635,420,293,7,439,399,420,428,129,4218667
2017,3,11620645,서원동,4026,1816,2210,15,799,837,777,777,821,4,275,378,352,333,474,11,524,459,425,444,347,642690
2017,3,11620655,신원동,1024,395,629,2,109,195,251,259,208,1,29,70,109,93,93,1,80,125,142,166,115,549115
2017,3,11620665,서림동,1579,889,690,1,116,255,386,455,366,1,42,141,198,251,256,0,74,114,188,204,110,981577
2017,3,11620685,신사동,2185,1130,1055,3,286,436,546,585,329,3,97,234,280,308,208,0,189,202,266,277,121,609167
2017,3,11620695,신림동,2572,1269,1303,3,433,525,621,557,433,2,159,289,319,242,258,1,274,236,302,315,175,507666
2017,3,11620715,난향동,1377,517,860,2,106,168,287,369,445,0,15,45,106,103,248,2,91,123,181,266,197,786985
2017,3,11620725,조원동,3941,2384,1557,6,456,900,1062,986,531,2,227,602,625,571,357,4,229,298,437,415,174,652569
2017,3,11620735,대학동,2193,1207,986,4,258,482,560,583,306,0,90,250,303,354,210,4,168,232,257,229,96,8107585
2017,3,11620745,삼성동,1086,474,612,4,143,218,255,287,179,4,35,86,103,128,118,0,108,132,152,159,61,2591742
2017,3,11620765,미성동,3034,1495,1539,4,271,530,765,801,663,0,87,216,358,413,421,4,184,314,407,388,242,1355300
2017,3,11620775,난곡동,1143,454,689,0,158,282,307,281,115,0,29,106,120,136,63,0,129,176,187,145,52,982294
2017,3,11650510,서초1동,38628,20444,18184,186,9319,11387,9024,5869,2843,94,3619,6733,5329,2778,1891,92,5700,4654,3695,3091,952,1383210
2017,3,11650520,서초2동,58569,35485,23084,293,10454,19137,16152,8043,4490,46,4350,11319,10987,5663,3120,247,6104,7818,5165,2380,1370,1229759
2017,3,11650530,서초3동,75405,43440,31965,217,13310,22826,20502,11854,6696,82,4985,12625,13102,7763,4883,135,8325,10201,7400,4091,1813,3027494
2017,3,11650531,서초4동,26087,13174,12913,73,6796,9192,5629,2674,1723,14,2005,4834,3554,1636,1131,59,4791,4358,2075,1038,592,882770
2017,3,11650540,잠원동,20102,12112,7990,72,3869,6678,5210,2530,1743,24,1375,4141,3631,1713,1228,48,2494,2537,1579,817,515,1840832
2017,3,11650550,반포본동,1505,806,699,2,181,334,394,347,247,1,69,156,198,224,158,1,112,178,196,123,89,1491264
2017,3,11650560,반포1동,7657,4357,3300,19,1638,2654,1677,1018,651,6,696,1577,1072,580,426,13,942,1077,605,438,225,1000549
2017,3,11650570,반포2동,2107,1079,1028,19,377,555,546,384,226,7,113,274,297,221,167,12,264,281,249,163,59,1258050
2017,3,11650580,반포3동,8560,3918,4642,40,1673,2285,1861,1504,1197,17,824,1095,946,502,534,23,849,1190,915,1002,663,1325140
2017,3,11650581,반포4동,31596,12892,18704,91,7737,9767,7243,4204,2554,40,1809,3960,3512,2152,1419,51,5928,5807,3731,2052,1135,1416005
2017,3,11650590,방배본동,6406,3716,2690,33,1125,1675,1444,1049,1080,27,498,1065,881,564,681,6,627,610,563,485,399,660469
2017,3,11650600,방배1동,11549,5897,5652,54,2549,3594,2870,1545,937,21,918,2065,1578,713,602,33,1631,1529,1292,832,335,691215
2017,3,11650610,방배2동,22065,15975,6090,41,2467,4111,6240,7132,2074,24,1366,2830,4700,5500,1555,17,1101,1281,1540,1632,519,1901725
2017,3,11650620,방배3동,9485,5749,3736,44,1622,2630,2139,1596,1454,13,678,1522,1413,1022,1101,31,944,1108,726,574,353,2411856
2017,3,11650621,방배4동,12071,6551,5520,74,2108,3232,3135,2142,1380,27,804,1823,1727,1157,1013,47,1304,1409,1408,985,367,954529
2017,3,11650651,양재1동,35337,21494,13843,135,6023,9863,8307,6212,4797,61,2583,6064,5500,4072,3214,74,3440,3799,2807,2140,1583,5711370
2017,3,11650652,양재2동,121498,99857,21641,389,13785,27893,35992,38702,4737,161,9191,22377,30089,34626,3413,228,4594,5516,5903,4076,1324,7516954
2017,3,11650660,내곡동,6169,4029,2140,5,769,1666,1618,1428,683,2,321,1044,1127,1047,488,3,448,622,491,381,195,13190710
2017,3,11680510,신사동,24260,11128,13132,127,7303,7738,4754,2532,1806,36,2144,3804,2665,1325,1154,91,5159,3934,2089,1207,652,1736994
2017,3,11680521,논현1동,41822,22218,19604,107,9980,14169,9423,4943,3200,31,3194,7805,6116,2883,2189,76,6786,6364,3307,2060,1011,1254345
2017,3,11680531,논현2동,64737,35290,29447,216,14476,21343,14714,7897,6091,68,4886,11704,9517,4998,4117,148,9590,9639,5197,2899,1974,1445565
2017,3,11680545,압구정동,32927,14232,18695,214,10303,10817,5911,3244,2438,64,3199,4966,3160,1577,1266,150,7104,5851,2751,1667,1172,2520945
2017,3,11680565,청담동,44263,20484,23779,253,12259,15005,9460,4375,2911,64,3443,7136,5509,2449,1883,189,8816,7869,3951,1926,1028,2384707
2017,3,11680580,삼성1동,86603,51599,35004,316,19395,29108,19859,11334,6591,123,8210,17958,14173,6978,4157,193,11185,11150,5686,4356,2434,1926134
2017,3,11680590,삼성2동,58146,27324,30822,212,16039,17417,12411,8355,3712,104,5785,9522,6311,3425,2177,108,10254,7895,6100,4930,1535,1247821
2017,3,11680600,대치1동,3492,1488,2004,15,646,934,866,611,420,1,157,370,407,281,272,14,489,564,459,330,148,795761
2017,3,11680610,대치2동,62441,37345,25096,251,12286,19959,15320,9087,5538,77,4911,12505,10730,5616,3506,174,7375,7454,4590,3471,2032,2043875
2017,3,11680630,대치4동,28406,16394,12012,183,5559,10051,7466,3446,1701,34,2192,5954,4840,2248,1126,149,3367,4097,2626,1198,575,717795
2017,3,11680640,역삼1동,184370,105443,78927,953,39541,59979,44532,25887,13478,445,15745,35843,30353,15037,8020,508,23796,24136,14179,10850,5458,2360116
2017,3,11680650,역삼2동,47201,25943,21258,236,11501,13949,10870,6663,3982,79,4343,7860,6953,4135,2573,157,7158,6089,3917,2528,1409,1127531
2017,3,11680655,도곡1동,22408,8391,14017,174,4462,5504,7404,3661,1203,80,1807,2618,2033,1087,766,94,2655,2886,5371,2574,437,1022697
2017,3,11680656,도곡2동,19465,10987,8478,55,3438,5862,4482,2727,2901,23,1268,3344,3040,1773,1539,32,2170,2518,1442,954,1362,1025651
2017,3,11680660,개포1동,1518,979,539,3,112,256,294,418,435,1,44,145,176,271,342,2,68,111,118,147,93,973078
2017,3,11680670,개포2동,2696,1406,1290,13,259,465,657,798,504,9,88,200,348,433,328,4,171,265,309,365,176,2371826
2017,3,11680690,개포4동,10002,6151,3851,27,1282,2405,2656,2136,1496,16,572,1595,1669,1240,1059,11,710,810,987,896,437,1561449
2017,3,11680700,세곡동,4244,2045,2199,8,566,895,1074,985,716,4,166,375,452,514,534,4,400,520,622,471,182,5894759
2017,3,11680720,일원본동,7384,1871,5513,2,2102,2927,1465,691,197,0,285,679,451,310,146,2,1817,2248,1014,381,51,2381558
2017,3,11680730,일원1동,3689,1795,1894,5,393,662,893,969,767,3,214,342,430,409,397,2,179,320,463,560,370,947888
2017,3,11680740,일원2동,13433,10398,3035,82,3798,4210,2613,1907,823,60,3023,3566,1991,1280,478,22,775,644,622,627,345,1043911
2017,3,11680750,수서동,17041,8105,8936,39,2549,5039,4651,2932,1831,24,914,2397,2034,1439,1297,15,1635,2642,2617,1493,534,1648393
2017,3,11710510,풍납1동,1358,601,757,5,120,274,369,360,230,1,42,115,141,158,144,4,78,159,228,202,86,1057487
2017,3,11710520,풍납2동,13135,4307,8828,7,3148,4530,3297,1551,602,4,566,1239,1218,833,447,3,2582,3291,2079,718,155,1999222
2017,3,11710531,거여1동,2322,1292,1030,7,242,580,593,512,388,5,123,368,339,227,230,2,119,212,254,285,158,512307
2017,3,11710532,거여2동,2229,863,1366,1,261,406,597,617,347,0,80,193,235,203,152,1,181,213,362,414,195,510046
2017,3,11710540,마천1동,1031,492,539,1,114,186,287,258,185,0,36,88,110,141,117,1,78,98,177,117,68,504704
2017,3,11710550,마천2동,3402,1956,1446,6,325,674,850,960,587,4,139,417,474,523,399,2,186,257,376,437,188,936181
2017,3,11710561,방이1동,6452,3928,2524,26,793,1378,1388,1277,1590,9,315,760,816,747,1281,17,478,618,572,530,309,581968
2017,3,11710562,방이2동,18808,10520,8288,74,2528,4610,4555,4225,2816,51,1300,2942,2598,1923,1706,23,1228,1668,1957,2302,1110,763928
2017,3,11710566,오륜동,3098,1824,1274,2,355,873,803,821,244,1,144,487,491,512,189,1,211,386,312,309,55,3150411
2017,3,11710570,오금동,12976,7756,5220,24,1143,2534,2633,2608,4034,9,536,1569,1624,1427,2591,15,607,965,1009,1181,1443,1691111
2017,3,11710580,송파1동,6836,3978,2858,8,938,1560,1680,1459,1191,4,453,971,995,814,741,4,485,589,685,645,450,683881
2017,3,11710590,송파2동,5682,2783,2899,20,1157,1587,1285,1086,547,6,389,861,747,443,337,14,768,726,538,643,210,636016
2017,3,11710600,석촌동,9600,5066,4534,55,1868,2323,2239,1745,1370,25,616,1296,1342,937,850,30,1252,1027,897,808,520,943819
2017,3,11710610,삼전동,7900,4966,2934,23,918,1594,1639,1680,2046,10,394,988,980,941,1653,13,524,606,659,739,393,992437
2017,3,11710620,가락본동,26470,15573,10897,63,4107,7004,6701,5471,3124,30,1821,4159,4330,3189,2044,33,2286,2845,2371,2282,1080,1024764
2017,3,11710631,가락1동,10208,7287,2921,9,591,1842,2919,2999,1848,2,414,1483,2161,1925,1302,7,177,359,758,1074,546,1357317
2017,3,11710632,가락2동,7915,4230,3685,36,1151,1883,2059,1748,1038,13,507,1085,1054,847,724,23,644,798,1005,901,314,934057
2017,3,11710641,문정1동,6451,3971,2480,11,706,1163,1387,1185,1999,7,337,720,845,665,1397,4,369,443,542,520,602,604321
2017,3,11710642,문정2동,28419,18800,9619,109,4753,8756,7258,4619,2924,57,2431,6031,4938,3032,2311,52,2322,2725,2320,1587,613,2387651
2017,3,11710646,장지동,8634,5667,2967,13,801,1413,2144,2340,1923,5,368,851,1345,1664,1434,8,433,562,799,676,489,1295680
2017,3,11710647,위례동,1918,1223,695,7,146,359,550,687,169,1,41,177,339,529,136,6,105,182,211,158,33,2626871
2017,3,11710650,잠실본동,14683,8224,6459,66,2565,3475,3463,2871,2243,39,954,1963,2041,1725,1502,27,1611,1512,1422,1146,741,1136161
2017,3,11710670,잠실2동,3284,1871,1413,4,569,883,903,673,252,2,312,484,514,365,194,2,257,399,389,308,58,2886358
2017,3,11710680,잠실3동,5328,2365,2963,154,1921,1001,1040,905,307,43,755,474,458,497,138,111,1166,527,582,408,169,1506573
2017,3,11710690,잠실4동,1017,389,628,2,128,212,306,224,145,0,34,67,87,94,107,2,94,145,219,130,38,838370
2017,3,11710710,잠실6동,73184,40605,32579,203,13169,23683,21069,12680,2380,101,6812,16055,11836,4329,1472,102,6357,7628,9233,8351,908,1403041
2017,3,11710720,잠실7동,665,318,347,0,47,149,170,193,106,0,12,68,74,93,71,0,35,81,96,100,35,675008
2017,3,11740515,강일동,13270,10371,2899,6,1806,5267,3118,2143,930,3,1165,4237,2456,1733,777,3,641,1030,662,410,153,3722759
2017,3,11740520,상일동,3454,1419,2035,3,546,948,756,765,436,0,127,317,330,416,229,3,419,631,426,349,207,1801282
2017,3,11740530,명일1동,3140,1273,1867,4,359,498,724,804,751,2,113,230,293,261,374,2,246,268,431,543,377,630284
2017,3,11740540,명일2동,2372,1095,1277,4,290,471,601,645,361,1,87,219,267,298,223,3,203,252,334,347,138,920946
2017,3,11740550,고덕1동,1380,552,828,3,148,290,388,337,214,2,42,133,153,120,102,1,106,157,235,217,112,1906565
2017,3,11740560,고덕2동,1284,611,673,0,95,234,329,427,199,0,34,110,139,208,120,0,61,124,190,219,79,2408099
2017,3,11740570,암사1동,2304,1105,1199,4,234,487,594,570,415,0,87,241,275,269,233,4,147,246,319,301,182,738366
2017,3,11740580,암사2동,2968,1317,1651,12,381,556,745,813,461,2,147,264,296,293,315,10,234,292,449,520,146,2337773
2017,3,11740590,암사3동,1206,544,662,1,142,295,326,327,115,0,41,131,131,158,83,1,101,164,195,169,32,1843902
2017,3,11740600,천호1동,2911,1360,1551,12,327,588,683,691,610,6,118,288,306,301,341,6,209,300,377,390,269,669571
2017,3,11740610,천호2동,7645,3837,3808,17,1158,1768,1943,1558,1201,9,428,933,1005,712,750,8,730,835,938,846,451,1828343
2017,3,11740620,천호3동,3256,1680,1576,11,355,640,816,783,651,3,110,334,445,403,385,8,245,306,371,380,266,569450
2017,3,11740640,성내1동,14060,8503,5557,13,1669,3728,3662,3067,1921,7,716,2114,2172,2092,1402,6,953,1614,1490,975,519,658437
2017,3,11740650,성내2동,3534,1767,1767,14,573,784,794,774,595,3,221,389,410,352,392,11,352,395,384,422,203,624632
2017,3,11740660,성내3동,6079,3322,2757,13,811,1533,1498,1250,974,5,354,898,839,652,574,8,457,635,659,598,400,641973
2017,3,11740685,길동,9904,4911,4993,15,1479,2460,2334,2100,1516,6,509,1260,1235,948,953,9,970,1200,1099,1152,563,1590598
2017,3,11740690,둔촌1동,869,513,356,2,71,134,200,212,250,1,35,61,92,109,215,1,36,73,108,103,35,897261
2017,3,11740700,둔촌2동,6566,3220,3346,9,1170,1865,1537,1316,669,2,365,906,774,725,448,7,805,959,763,591,221,1592001
2017,4,11110515,청운효자동,7398,4702,2696,8,1592,2305,1694,1429,370,2,908,1461,1111,987,233,6,684,844,583,442,137,2429899
2017,4,11110530,사직동,70211,41326,28885,153,11054,20920,19516,12073,6495,57,4104,11860,13443,8036,3826,96,6950,9060,6073,4037,2669,1161995
2017,4,11110540,삼청동,3832,2036,1796,19,685,1175,1004,709,240,10,217,649,626,418,116,9,468,526,378,291,124,1391632
2017,4,11110550,부암동,3116,1587,1529,2,642,808,821,559,284,0,195,413,507,312,160,2,447,395,314,247,124,2221363
2017,4,11110560,평창동,2526,1172,1354,9,337,573,578,607,422,4,108,265,299,259,237,5,229,308,279,348,185,8346900
2017,4,11110570,무악동,773,216,557,2,164,190,191,141,85,0,22,46,51,43,54,2,142,144,140,98,31,453220
2017,4,11110580,교남동,3960,1378,2582,0,1138,1269,814,498,241,0,203,382,355,270,168,0,935,887,459,228,73,355267
2017,4,11110600,가회동,21982,18592,3390,29,3004,8320,6048,3938,643,17,1997,7017,5404,3629,528,12,1007,1303,644,309,115,565302
2017,4,11110615,종로1.2.3.4가동,150486,89308,61178,2690,29236,45724,40674,24063,8099,1136,12504,25850,27134,17209,5475,1554,16732,19874,13540,6854,2624,2430999
2017,4,11110630,종로5.6가동,19713,12456,7257,509,3324,5809,5257,3391,1423,156,1548,3815,3609,2357,971,353,1776,1994,1648,1034,452,599631
2017,4,11110640,이화동,16662,6147,10515,52,4138,5832,3531,2353,756,20,974,1909,1556,1207,481,32,3164,3923,1975,1146,275,747067
2017,4,11110650,혜화동,4954,2617,2337,21,817,1220,1231,1033,632,8,300,568,717,592,432,13,517,652,514,441,200,1161303
2017,4,11110670,창신1동,2805,1276,1529,26,426,740,753,519,341,11,145,347,307,246,220,15,281,393,446,273,121,297271
2017,4,11110680,창신2동,645,246,399,1,80,118,151,187,108,0,13,55,68,70,40,1,67,63,83,117,68,257188
2017,4,11110690,창신3동,430,210,220,1,46,87,111,124,61,0,16,32,55,60,47,1,30,55,56,64,14,216230
2017,4,11110700,숭인1동,641,291,350,1,79,125,187,160,89,0,28,59,80,77,47,1,51,66,107,83,42,236777
2017,4,11110710,숭인2동,2938,1537,1401,14,402,581,702,682,557,3,159,317,384,332,342,11,243,264,318,350,215,359384
2017,4,11140520,소공동,134602,75749,58853,700,32241,43711,35871,18525,3554,202,11175,22888,24055,14739,2690,498,21066,20823,11816,3786,864,918284
2017,4,11140540,회현동,78046,46482,31564,513,15356,27777,22444,9637,2319,242,7737,16047,14139,6660,1657,271,7619,11730,8305,2977,662,909465
2017,4,11140550,명동,163792,84659,79133,872,32825,56524,45313,22916,5342,252,10905,25287,27134,17446,3635,620,21920,31237,18179,5470,1707,993909
2017,4,11140570,필동,22647,11146,11501,178,3964,5978,6178,4491,1858,78,1323,3200,3288,2099,1158,100,2641,2778,2890,2392,700,1458582
2017,4,11140580,장충동,9844,5625,4219,54,2618,3114,2300,1223,535,30,1002,1752,1584,867,390,24,1616,1362,716,356,145,1013897
2017,4,11140590,광희동,34729,18658,16071,153,6613,9824,9000,6484,2655,46,2971,5775,5041,3115,1710,107,3642,4049,3959,3369,945,745387
2017,4,11140605,을지로동,29782,16848,12934,1074,7478,6909,6630,4868,2823,422,3166,3958,4193,3116,1993,652,4312,2951,2437,1752,830,612013
2017,4,11140615,신당동,13610,7300,6310,41,2988,4594,3123,1903,961,19,1510,2412,1744,1058,557,22,1478,2182,1379,845,404,536647
2017,4,11140625,다산동,8631,3830,4801,96,2425,2019,1547,1545,999,44,868,1048,816,624,430,52,1557,971,731,921,569,532721
2017,4,11140635,약수동,2781,1296,1485,15,483,705,685,512,381,6,166,343,314,240,227,9,317,362,371,272,154,509395
2017,4,11140645,청구동,3117,1933,1184,5,597,916,743,475,381,2,296,637,484,266,248,3,301,279,259,209,133,345114
2017,4,11140650,신당5동,1848,821,1027,6,241,438,453,434,276,4,82,183,223,186,143,2,159,255,230,248,133,310367
2017,4,11140665,동화동,2658,1273,1385,16,749,681,552,472,188,5,260,368,302,221,117,11,489,313,250,251,71,330049
2017,4,11140670,황학동,3264,1982,1282,10,585,809,823,676,361,0,275,513,558,395,241,10,310,296,265,281,120,327694
2017,4,11140680,중림동,7466,3995,3471,16,1496,2065,1888,1271,730,5,518,1010,1141,849,472,11,978,1055,747,422,258,487576
2017,4,11170510,후암동,4380,1705,2675,4,521,758,948,1446,703,3,166,406,469,423,238,1,355,352,479,1023,465,868399
2017,4,11170520,용산2가동,2917,1582,1335,7,213,503,1160,852,182,2,104,260,589,518,109,5,109,243,571,334,73,2047347
2017,4,11170530,남영동,32308,15384,16924,1263,13212,8246,5284,2838,1465,389,4062,4938,3549,1608,838,874,9150,3308,1735,1230,627,735947
2017,4,11170555,청파동,8208,4288,3920,15,1214,1941,1778,1745,1515,9,356,889,956,897,1181,6,858,1052,822,848,334,867676
2017,4,11170560,원효로1동,16480,8408,8072,163,3977,5847,3986,1690,817,79,1736,3102,2047,950,494,84,2241,2745,1939,740,323,589294
2017,4,11170570,원효로2동,5335,3506,1829,43,632,1497,1299,867,997,30,354,1030,915,521,656,13,278,467,384,346,341,915567
2017,4,11170580,효창동,1795,948,847,3,203,414,525,404,246,1,70,206,300,211,160,2,133,208,225,193,86,470670
2017,4,11170590,용문동,1011,512,499,2,142,267,278,195,127,0,45,156,154,92,65,2,97,111,124,103,62,289284
2017,4,11170625,한강로동,63174,36849,26325,506,16651,19341,15419,7641,3616,186,7385,11393,10173,5214,2498,320,9266,7948,5246,2427,1118,3358956
2017,4,11170630,이촌1동,2004,906,1098,6,269,489,484,400,356,2,83,187,202,182,250,4,186,302,282,218,106,2143668
2017,4,11170640,이촌2동,443,254,189,3,60,121,94,82,83,2,33,79,57,41,42,1,27,42,37,41,41,1191110
2017,4,11170650,이태원1동,5907,3319,2588,39,1416,1622,1115,1030,685,17,710,942,578,642,430,22,706,680,537,388,255,579369
2017,4,11170660,이태원2동,2647,1431,1216,11,556,705,534,396,445,4,253,393,288,206,287,7,303,312,246,190,158,879018
2017,4,11170685,한남동,15879,8397,7482,100,4184,5404,3422,1736,1033,48,1652,2988,2126,1003,580,52,2532,2416,1296,733,453,3198883
2017,4,11170690,서빙고동,4615,2479,2136,25,946,1362,1227,681,374,4,313,690,705,460,307,21,633,672,522,221,67,2198117
2017,4,11170700,보광동,961,525,436,2,97,185,243,239,195,0,27,88,139,140,131,2,70,97,104,99,64,890496
2017,4,11200520,왕십리2동,1176,517,659,5,163,247,329,253,179,2,42,86,143,124,120,3,121,161,186,129,59,385254
2017,4,11200535,왕십리도선동,7996,4035,3961,31,1628,1872,1925,1565,975,15,566,985,1068,835,566,16,1062,887,857,730,409,718816
2017,4,11200540,마장동,11332,7714,3618,30,1101,2382,2966,3303,1550,20,651,1606,2084,2238,1115,10,450,776,882,1065,435,1082999
2017,4,11200550,사근동,7914,3899,4015,12,1556,2025,2192,1586,543,4,418,956,1125,973,423,8,1138,1069,1067,613,120,1182945
2017,4,11200560,행당1동,5869,3178,2691,35,911,1327,1472,1451,673,21,318,599,791,988,461,14,593,728,681,463,212,552563
2017,4,11200570,행당2동,944,304,640,2,95,226,281,226,114,1,21,53,82,81,66,1,74,173,199,145,48,457197
2017,4,11200580,응봉동,424,154,270,0,49,80,107,112,76,0,10,21,26,37,60,0,39,59,81,75,16,547736
2017,4,11200590,금호1가동,955,438,517,0,139,224,236,202,154,0,39,86,100,96,117,0,100,138,136,106,37,441318
2017,4,11200615,금호2.3가동,1182,440,742,3,183,255,263,283,195,0,44,103,95,99,99,3,139,152,168,184,96,638261
2017,4,11200620,금호4가동,881,327,554,4,118,234,201,202,122,1,27,92,73,71,63,3,91,142,128,131,59,935263
2017,4,11200645,옥수동,2048,891,1157,12,414,487,522,390,223,2,142,204,215,182,146,10,272,283,307,208,77,1239152
2017,4,11200650,성수1가1동,6874,4101,2773,75,1190,1972,1686,1378,573,27,505,1154,1052,909,454,48,685,818,634,469,119,2248463
2017,4,11200660,성수1가2동,16952,10235,6717,77,3842,5295,3695,2520,1523,28,1527,3311,2487,1713,1169,49,2315,1984,1208,807,354,984783
2017,4,11200670,성수2가1동,42894,19016,23878,251,6960,10348,13905,10237,1193,168,4235,7333,4661,1784,835,83,2725,3015,9244,8453,358,1126355
2017,4,11200690,성수2가3동,48915,28372,20543,554,11101,13502,11911,8019,3828,287,5150,8595,7208,4378,2754,267,5951,4907,4703,3641,1074,1050781
2017,4,11200720,송정동,1895,1119,776,6,319,502,498,341,229,2,176,297,246,234,164,4,143,205,252,107,65,584812
2017,4,11200790,용답동,28258,22985,5273,78,3472,5277,9461,7993,1977,36,2133,3993,8168,7020,1635,42,1339,1284,1293,973,342,2379362
2017,4,11215710,화양동,6052,2539,3513,35,1543,1749,1215,922,588,8,483,749,592,380,327,27,1060,1000,623,542,261,1124376
2017,4,11215730,군자동,6666,3426,3240,17,1216,1558,1778,1490,607,5,471,894,975,704,377,12,745,664,803,786,230,733236
2017,4,11215740,중곡1동,4232,2484,1748,17,471,876,1005,916,947,6,187,484,548,512,747,11,284,392,457,404,200,602769
2017,4,11215750,중곡2동,3924,1969,1955,4,506,811,1011,977,615,0,210,413,491,488,367,4,296,398,520,489,248,544807
2017,4,11215760,중곡3동,2521,1194,1327,9,337,624,624,581,346,3,119,276,278,300,218,6,218,348,346,281,128,600824
2017,4,11215770,중곡4동,2551,1435,1116,3,265,515,662,698,408,0,95,254,357,415,314,3,170,261,305,283,94,2295463
2017,4,11215780,능동,3293,1676,1617,11,568,860,806,683,365,3,221,448,438,313,253,8,347,412,368,370,112,1094134
2017,4,11215810,광장동,8238,4271,3967,56,1548,2343,2066,1489,736,32,548,1176,1215,776,524,24,1000,1167,851,713,212,2889609
2017,4,11215820,자양1동,9757,5797,3960,30,1306,2089,2451,2461,1420,13,440,1019,1488,1745,1092,17,866,1070,963,716,328,621606
2017,4,11215830,자양2동,5514,3594,1920,8,496,1127,1665,1573,645,6,257,721,1184,996,430,2,239,406,481,577,215,1630926
2017,4,11215840,자양3동,3538,1598,1940,13,526,778,842,769,610,8,201,384,397,305,303,5,325,394,445,464,307,1145609
2017,4,11215847,자양4동,2930,1636,1294,22,528,689,732,576,383,6,238,405,413,300,274,16,290,284,319,276,109,1148618
2017,4,11215850,구의1동,4623,2777,1846,10,558,1144,1252,1043,616,6,264,690,791,632,394,4,294,454,461,411,222,553095
2017,4,11215860,구의2동,3243,1736,1507,43,407,645,835,842,471,15,168,313,448,478,314,28,239,332,387,364,157,1363952
2017,4,11215870,구의3동,13616,7613,6003,80,1604,2815,3423,3329,2365,40,778,1709,1960,1698,1428,40,826,1106,1463,1631,937,1453971
2017,4,11230536,용신동,28058,14750,13308,153,4221,6990,7450,5544,3700,69,1663,3860,3827,3080,2251,84,2558,3130,3623,2464,1449,1590771
2017,4,11230545,제기동,5905,3374,2531,21,737,1217,1525,1420,985,9,322,690,888,816,649,12,415,527,637,604,336,1184853
2017,4,11230560,전농1동,2737,1374,1363,19,413,538,737,617,413,8,166,280,395,299,226,11,247,258,342,318,187,1140490
2017,4,11230570,전농2동,3379,1709,1670,3,413,893,879,826,365,1,130,365,441,495,277,2,283,528,438,331,88,983768
2017,4,11230600,답십리1동,5048,2574,2474,12,748,1000,1393,1079,816,6,340,542,669,498,519,6,408,458,724,581,297,838156
2017,4,11230610,답십리2동,3706,2204,1502,10,409,766,1029,848,644,8,200,473,640,491,392,2,209,293,389,357,252,814945
2017,4,11230650,장안1동,13733,8001,5732,59,1816,3048,3301,2933,2576,26,809,1674,1948,1727,1817,33,1007,1374,1353,1206,759,1360347
2017,4,11230660,장안2동,6761,3316,3445,27,1051,1444,1797,1596,846,6,445,745,854,767,499,21,606,699,943,829,347,1119438
2017,4,11230705,청량리동,5802,3281,2521,41,971,1488,1319,1277,706,30,440,870,786,728,427,11,531,618,533,549,279,1197287
2017,4,11230710,회기동,4094,1496,2598,12,920,1262,895,714,291,7,253,530,331,245,130,5,667,732,564,469,161,829432
2017,4,11230720,휘경1동,1694,900,794,8,231,309,393,350,403,2,82,171,205,175,265,6,149,138,188,175,138,519932
2017,4,11230730,휘경2동,4025,1556,2469,12,771,988,997,862,395,4,188,414,411,342,197,8,583,574,586,520,198,1207585
2017,4,11230740,이문1동,5904,3082,2822,25,911,1584,1651,1199,534,6,253,649,945,816,413,19,658,935,706,383,121,986690
2017,4,11230750,이문2동,974,481,493,4,119,168,248,270,165,2,24,64,111,157,123,2,95,104,137,113,42,698476
2017,4,11260520,면목2동,2600,1277,1323,8,280,483,663,720,446,1,83,212,327,372,282,7,197,271,336,348,164,743106
2017,4,11260540,면목4동,1798,1073,725,5,185,312,469,615,212,0,64,144,283,438,144,5,121,168,186,177,68,821882
2017,4,11260550,면목5동,997,676,321,0,90,145,239,312,211,0,45,80,155,228,168,0,45,65,84,84,43,591696
2017,4,11260565,면목본동,2265,918,1347,5,279,404,625,635,317,3,72,172,272,227,172,2,207,232,353,408,145,840931
2017,4,11260570,면목7동,1453,686,767,1,191,279,351,385,246,0,43,110,160,201,172,1,148,169,191,184,74,1202721
2017,4,11260575,면목3.8동,3718,2031,1687,6,510,722,1002,995,483,3,148,310,545,659,366,3,362,412,457,336,117,1591050
2017,4,11260580,상봉1동,3192,1785,1407,18,341,507,751,924,651,12,109,210,362,588,504,6,232,297,389,336,147,917193
2017,4,11260590,상봉2동,7640,4914,2726,42,1077,1871,2173,1644,833,24,554,1301,1354,1099,582,18,523,570,819,545,251,658991
2017,4,11260600,중화1동,1734,661,1073,2,215,368,536,431,182,2,57,132,204,167,99,0,158,236,332,264,83,637209
2017,4,11260610,중화2동,4150,2742,1408,11,272,503,718,745,1901,7,114,274,376,377,1594,4,158,229,342,368,307,960402
2017,4,11260620,묵1동,3040,1391,1649,7,354,739,867,724,349,2,117,367,361,324,220,5,237,372,506,400,129,1184393
2017,4,11260630,묵2동,1806,895,911,8,244,376,511,454,213,5,77,195,251,232,135,3,167,181,260,222,78,682005
2017,4,11260655,망우본동,5556,2663,2893,18,776,1184,1360,1376,842,4,224,499,640,715,581,14,552,685,720,661,261,3074745
2017,4,11260660,망우3동,1642,770,872,4,146,298,435,466,293,3,41,133,198,207,188,1,105,165,237,259,105,967313
2017,4,11260680,신내1동,6260,3200,3060,9,976,1450,1476,1599,750,6,287,756,770,893,488,3,689,694,706,706,262,2361684
2017,4,11260690,신내2동,4113,1982,2131,7,434,940,1091,1116,525,6,133,405,474,662,302,1,301,535,617,454,223,939758
2017,4,11290525,성북동,3048,1428,1620,27,532,914,825,518,232,9,178,430,390,273,148,18,354,484,435,245,84,3067396
2017,4,11290555,삼선동,9053,4477,4576,22,1193,1902,2272,2437,1227,10,404,868,1185,1351,659,12,789,1034,1087,1086,568,1177823
2017,4,11290575,동선동,6137,2613,3524,18,1136,1156,1281,1151,1395,9,311,533,619,531,610,9,825,623,662,620,785,729672
2017,4,11290580,돈암1동,964,337,627,4,122,201,276,247,114,3,23,65,99,84,63,1,99,136,177,163,51,461503
2017,4,11290590,돈암2동,664,218,446,0,117,221,161,106,59,0,21,88,54,23,32,0,96,133,107,83,27,414465
2017,4,11290600,안암동,7942,3930,4012,22,1710,2215,2039,1431,525,8,502,945,1185,929,361,14,1208,1270,854,502,164,1295307
2017,4,11290610,보문동,3474,1857,1617,18,393,630,720,709,1004,3,134,330,367,338,685,15,259,300,353,371,319,551172
2017,4,11290620,정릉1동,1141,478,663,4,133,239,328,279,158,3,29,99,125,126,96,1,104,140,203,153,62,475568
2017,4,11290630,정릉2동,1470,671,799,4,206,308,406,348,198,0,68,130,171,174,128,4,138,178,235,174,70,1165255
2017,4,11290640,정릉3동,2862,1680,1182,2,372,564,886,737,301,2,102,276,543,522,235,0,270,288,343,215,66,3182234
2017,4,11290650,정릉4동,2807,1762,1045,0,266,445,736,866,494,0,60,238,472,623,369,0,206,207,264,243,125,3714207
2017,4,11290660,길음1동,2129,756,1373,19,304,428,612,424,342,7,56,137,201,159,196,12,248,291,411,265,146,753885
2017,4,11290685,길음2동,1149,426,723,7,214,275,296,215,142,4,60,102,118,77,65,3,154,173,178,138,77,423663
2017,4,11290705,종암동,3730,1746,1984,11,508,854,1033,943,381,2,173,426,502,459,184,9,335,428,531,484,197,1494677
2017,4,11290715,월곡1동,3685,1687,1998,15,518,783,993,899,477,3,200,375,440,412,257,12,318,408,553,487,220,974658
2017,4,11290725,월곡2동,5228,2877,2351,6,1005,1352,1272,1013,580,2,419,804,722,571,359,4,586,548,550,442,221,1330228
2017,4,11290760,장위1동,914,336,578,3,70,174,273,275,119,2,14,62,101,109,48,1,56,112,172,166,71,714821
2017,4,11290770,장위2동,2137,1075,1062,2,184,340,524,569,518,1,71,168,240,265,330,1,113,172,284,304,188,682224
2017,4,11290780,장위3동,1647,935,712,3,160,260,406,529,289,2,51,116,215,323,228,1,109,144,191,206,61,663549
2017,4,11290810,석관동,4770,2759,2011,8,411,835,1078,1096,1342,3,121,387,577,677,994,5,290,448,501,419,348,1773773
2017,4,11305534,삼양동,1531,601,930,3,182,293,409,407,237,0,36,98,129,178,160,3,146,195,280,229,77,959451
2017,4,11305535,미아동,2593,1093,1500,16,392,562,675,598,350,6,116,229,312,240,190,10,276,333,363,358,160,835492
2017,4,11305545,송중동,3421,1497,1924,28,530,754,957,700,452,10,210,330,393,285,269,18,320,424,564,415,183,1085065
2017,4,11305555,송천동,3372,1490,1882,9,341,575,762,800,885,7,93,257,370,382,381,2,248,318,392,418,504,928301
2017,4,11305575,삼각산동,1264,405,859,3,166,303,424,261,107,1,35,98,123,85,63,2,131,205,301,176,44,603256
2017,4,11305590,번1동,4250,2298,1952,16,574,867,994,1059,740,3,196,498,541,628,432,13,378,369,453,431,308,619363
2017,4,11305600,번2동,2097,1299,798,3,225,290,583,712,284,3,109,147,325,512,203,0,116,143,258,200,81,992960
2017,4,11305606,번3동,1544,678,866,16,238,257,359,382,292,10,79,110,158,177,144,6,159,147,201,205,148,1075371
2017,4,11305610,수유1동,3054,1525,1529,7,279,491,837,936,504,2,86,229,424,493,291,5,193,262,413,443,213,1748455
2017,4,11305620,수유2동,2106,902,1204,5,201,318,436,515,631,0,63,172,191,219,257,5,138,146,245,296,374,593685
2017,4,11305630,수유3동,4735,2400,2335,9,625,1144,1201,1147,609,4,241,558,588,658,351,5,384,586,613,489,258,725084
2017,4,11305645,우이동,2350,1483,867,6,215,287,472,793,577,3,92,162,290,539,397,3,123,125,182,254,180,10680138
2017,4,11305660,인수동,3484,1528,1956,15,441,693,893,870,572,9,142,291,379,346,361,6,299,402,514,524,211,2869695
2017,4,11320511,창1동,1731,628,1103,14,247,336,468,461,205,2,62,121,160,173,110,12,185,215,308,288,95,1104916
2017,4,11320512,창2동,2250,1134,1116,31,267,409,616,616,311,11,90,192,267,346,228,20,177,217,349,270,83,654615
2017,4,11320513,창3동,926,350,576,2,99,166,264,240,155,2,25,60,98,81,84,0,74,106,166,159,71,635079
2017,4,11320514,창4동,3752,2286,1466,7,395,597,983,1056,714,4,138,299,566,723,556,3,257,298,417,333,158,1155759
2017,4,11320515,창5동,4984,2424,2560,15,624,1227,1356,1318,444,7,185,582,666,718,266,8,439,645,690,600,178,676820
2017,4,11320521,도봉1동,3191,1958,1233,11,238,437,816,1083,606,7,101,232,483,721,414,4,137,205,333,362,192,8547209
2017,4,11320522,도봉2동,5449,2957,2492,6,393,769,1146,1208,1927,4,157,336,538,612,1310,2,236,433,608,596,617,1204332
2017,4,11320660,쌍문1동,2406,958,1448,2,384,433,609,652,326,1,80,185,218,267,207,1,304,248,391,385,119,1177010
2017,4,11320670,쌍문2동,2999,1564,1435,11,314,491,671,766,746,4,115,254,305,376,510,7,199,237,366,390,236,539384
2017,4,11320680,쌍문3동,2062,912,1150,8,443,490,509,451,161,3,118,230,212,238,111,5,325,260,297,213,50,504867
2017,4,11320681,쌍문4동,1170,462,708,1,133,298,300,295,143,0,31,114,100,121,96,1,102,184,200,174,47,543784
2017,4,11320690,방학1동,5068,2734,2334,27,561,835,1192,1478,975,13,226,409,565,833,688,14,335,426,627,645,287,1041785
2017,4,11320700,방학2동,1291,569,722,2,135,283,344,332,195,2,54,159,144,119,91,0,81,124,200,213,104,1102018
2017,4,11320710,방학3동,1818,778,1040,3,132,253,482,588,360,1,28,83,186,238,242,2,104,170,296,350,118,1856777
2017,4,11350560,월계1동,2827,1557,1270,6,315,540,691,747,528,5,99,271,366,452,364,1,216,269,325,295,164,1218934
2017,4,11350570,월계2동,2190,1104,1086,6,254,425,611,600,294,5,89,161,301,336,212,1,165,264,310,264,82,1991095
2017,4,11350580,월계3동,1670,705,965,1,148,259,480,519,263,0,39,108,169,227,162,1,109,151,311,292,101,1133881
2017,4,11350595,공릉1동,8881,4441,4440,36,994,1524,2115,2321,1891,17,403,858,1020,1101,1042,19,591,666,1095,1220,849,1217193
2017,4,11350600,공릉2동,6604,3070,3534,3,987,1406,1687,1586,935,3,257,558,729,834,689,0,730,848,958,752,246,7207339
2017,4,11350611,하계1동,7622,4149,3473,18,1206,1885,1897,1899,717,8,455,975,1068,1180,463,10,751,910,829,719,254,1467562
2017,4,11350612,하계2동,595,182,413,0,47,106,194,184,64,0,8,26,44,47,57,0,39,80,150,137,7,513857
2017,4,11350619,중계본동,2343,1114,1229,3,240,388,562,553,597,0,98,173,237,233,373,3,142,215,325,320,224,2094464
2017,4,11350621,중계1동,1498,616,882,9,208,275,420,388,198,3,72,102,148,152,139,6,136,173,272,236,59,624508
2017,4,11350624,중계4동,2116,909,1207,10,219,424,568,585,310,3,77,183,242,244,160,7,142,241,326,341,150,1540528
2017,4,11350625,중계2.3동,2800,1139,1661,6,345,576,772,765,336,4,122,262,276,273,202,2,223,314,496,492,134,912217
2017,4,11350630,상계1동,5975,3214,2761,13,460,915,1481,1422,1684,9,187,503,724,724,1067,4,273,412,757,698,617,4997346
2017,4,11350640,상계2동,4487,1702,2785,40,793,853,1102,1106,593,13,255,362,412,380,280,27,538,491,690,726,313,629194
2017,4,11350665,상계3.4동,3363,1866,1497,1,218,301,745,1055,1043,1,61,132,396,666,610,0,157,169,349,389,433,5751720
2017,4,11350670,상계5동,1653,696,957,2,148,251,419,496,337,0,66,145,163,186,136,2,82,106,256,310,201,473604
2017,4,11350695,상계6.7동,8879,3436,5443,14,1570,2223,2307,1877,888,5,326,758,911,964,472,9,1244,1465,1396,913,416,1434043
2017,4,11350700,상계8동,1184,421,763,3,123,221,364,301,172,3,29,60,75,115,139,0,94,161,289,186,33,668937
2017,4,11350710,상계9동,1288,465,823,3,113,274,408,347,143,0,29,73,112,151,100,3,84,201,296,196,43,833448
2017,4,11350720,상계10동,1000,372,628,0,105,211,271,294,119,0,18,65,91,117,81,0,87,146,180,177,38,802642
2017,4,11380510,녹번동,7370,3603,3767,19,889,1673,1975,1865,949,10,323,738,949,1028,555,9,566,935,1026,837,394,1923020
2017,4,11380520,불광1동,2649,1058,1591,6,429,775,696,489,254,3,129,320,301,172,133,3,300,455,395,317,121,2948578
2017,4,11380530,불광2동,3585,1725,1860,17,496,756,1016,848,452,5,183,405,501,419,212,12,313,351,515,429,240,1756596
2017,4,11380551,갈현1동,2152,939,1213,8,377,458,598,448,263,4,130,219,233,209,144,4,247,239,365,239,119,909869
2017,4,11380552,갈현2동,3368,1353,2015,15,419,735,853,853,493,3,117,330,324,312,267,12,302,405,529,541,226,1018512
2017,4,11380560,구산동,4180,1884,2296,10,443,742,997,1332,656,3,130,274,404,717,356,7,313,468,593,615,300,1316383
2017,4,11380570,대조동,3504,1411,2093,14,441,690,972,830,557,5,139,282,399,307,279,9,302,408,573,523,278,867572
2017,4,11380580,응암1동,3865,1700,2165,11,471,807,998,961,617,7,148,340,422,401,382,4,323,467,576,560,235,1126418
2017,4,11380590,응암2동,1008,456,552,2,119,217,241,259,170,0,29,65,96,142,124,2,90,152,145,117,46,554079
2017,4,11380600,응암3동,2961,1259,1702,13,387,628,838,705,390,7,161,274,343,276,198,6,226,354,495,429,192,933101
2017,4,11380625,역촌동,4083,1845,2238,13,466,822,1073,1018,691,3,165,364,469,456,388,10,301,458,604,562,303,1138805
2017,4,11380631,신사1동,2030,928,1102,7,279,389,515,492,348,1,87,205,239,207,189,6,192,184,276,285,159,823498
2017,4,11380632,신사2동,1811,844,967,4,156,286,415,456,494,1,45,112,189,231,266,3,111,174,226,225,228,1050676
2017,4,11380640,증산동,2358,1376,982,11,256,434,576,613,468,6,93,210,316,384,367,5,163,224,260,229,101,929526
2017,4,11380650,수색동,1299,608,691,7,218,274,311,305,184,6,46,97,152,192,115,1,172,177,159,113,69,1169504
2017,4,11380690,진관동,4492,2084,2408,53,581,790,1282,1287,499,20,173,335,549,695,312,33,408,455,733,592,187,12836383
2017,4,11410520,천연동,1404,553,851,2,160,273,372,387,210,1,47,86,150,150,119,1,113,187,222,237,91,866603
2017,4,11410555,북아현동,1234,494,740,2,138,198,326,336,234,1,44,70,131,131,117,1,94,128,195,205,117,461555
2017,4,11410565,충현동,25106,15039,10067,48,3988,8055,6801,4301,1913,16,1689,4712,4399,2886,1337,32,2299,3343,2402,1415,576,1139343
2017,4,11410585,신촌동,19891,7926,11965,65,5065,6097,4643,2944,1077,30,1417,2290,1955,1561,673,35,3648,3807,2688,1383,404,2504686
2017,4,11410615,연희동,8561,4635,3926,46,1266,2167,2071,1946,1065,25,525,1153,1084,1167,681,21,741,1014,987,779,384,2965760
2017,4,11410620,홍제1동,1719,697,1022,4,246,369,480,377,243,3,59,147,194,152,142,1,187,222,286,225,101,1492096
2017,4,11410640,홍제3동,1566,616,950,3,200,293,406,320,344,1,43,96,141,130,205,2,157,197,265,190,139,1093373
2017,4,11410655,홍제2동,1165,537,628,6,112,178,288,368,213,5,47,75,106,185,119,1,65,103,182,183,94,705399
2017,4,11410660,홍은1동,1397,550,847,3,177,310,376,330,201,1,60,110,140,113,126,2,117,200,236,217,75,1538023
2017,4,11410685,홍은2동,3478,1882,1596,3,468,732,859,889,527,1,161,352,455,536,377,2,307,380,404,353,150,2049745
2017,4,11410690,남가좌1동,1326,677,649,6,255,297,336,287,145,2,73,128,196,185,93,4,182,169,140,102,52,484765
2017,4,11410700,남가좌2동,1569,745,824,2,211,318,432,380,226,1,66,130,192,189,167,1,145,188,240,191,59,787125
2017,4,11410710,북가좌1동,1653,1034,619,8,162,263,397,468,355,4,50,126,209,341,304,4,112,137,188,127,51,562752
2017,4,11410720,북가좌2동,2600,1347,1253,5,279,427,651,741,497,1,102,213,320,407,304,4,177,214,331,334,193,806705
2017,4,11440555,아현동,22049,11817,10232,110,4098,6603,5618,4154,1466,43,1440,3788,3448,2197,901,67,2658,2815,2170,1957,565,870645
2017,4,11440565,공덕동,10839,6939,3900,27,2089,2702,3187,2011,823,13,1164,1644,2183,1470,465,14,925,1058,1004,541,358,891209
2017,4,11440585,도화동,14610,7807,6803,56,2772,3987,3560,2687,1548,21,1153,2319,1991,1255,1068,35,1619,1668,1569,1432,480,863516
2017,4,11440590,용강동,17223,9531,7692,91,2690,4479,4415,3338,2210,39,1071,2626,2678,1715,1402,52,1619,1853,1737,1623,808,910388
2017,4,11440600,대흥동,8173,4190,3983,86,2148,2282,1708,1231,718,41,794,1184,1026,724,421,45,1354,1098,682,507,297,854083
2017,4,11440610,염리동,7868,5243,2625,143,1388,2296,2027,1353,661,61,785,1624,1513,813,447,82,603,672,514,540,214,549601
2017,4,11440630,신수동,4303,2421,1882,21,649,1281,1216,762,374,12,274,726,716,446,247,9,375,555,500,316,127,914314
2017,4,11440655,서강동,9884,5479,4405,45,2033,2440,2069,1571,1726,13,838,1438,1369,950,871,32,1195,1002,700,621,855,1890596
2017,4,11440660,서교동,48400,24447,23953,407,12822,13172,10326,6756,4917,173,4945,7352,6140,3261,2576,234,7877,5820,4186,3495,2341,1641475
2017,4,11440680,합정동,10831,5757,5074,75,2402,3556,2744,1393,661,12,801,1871,1710,920,443,63,1601,1685,1034,473,218,1792621
2017,4,11440690,망원1동,3026,1643,1383,19,629,837,732,504,305,11,299,518,402,240,173,8,330,319,330,264,132,1111518
2017,4,11440700,망원2동,2633,1436,1197,7,389,673,743,503,318,4,151,399,429,251,202,3,238,274,314,252,116,1209563
2017,4,11440710,연남동,4545,2469,2076,20,1045,1444,1095,604,337,7,468,802,623,348,221,13,577,642,472,256,116,641653
2017,4,11440720,성산1동,9559,6329,3230,33,1102,1791,1899,1680,3054,17,437,1017,1195,1077,2586,16,665,774,704,603,468,855779
2017,4,11440730,성산2동,9493,4444,5049,16,659,1424,1908,2830,2656,12,232,595,931,1177,1497,4,427,829,977,1653,1159,1990923
2017,4,11440740,상암동,35360,21332,14028,87,7578,12770,9341,4015,1569,29,2802,7538,6794,2922,1247,58,4776,5232,2547,1093,322,7646126
2017,4,11470510,목1동,13958,8399,5559,77,2271,3729,3918,2778,1185,31,910,2131,2645,1934,748,46,1361,1598,1273,844,437,1572490
2017,4,11470520,목2동,2444,1238,1206,4,345,692,631,518,254,1,127,382,320,257,151,3,218,310,311,261,103,1021500
2017,4,11470530,목3동,2376,1133,1243,11,306,568,588,520,383,3,93,299,290,233,215,8,213,269,298,287,168,533074
2017,4,11470540,목4동,2051,902,1149,6,200,386,518,533,408,3,70,171,198,220,240,3,130,215,320,313,168,578170
2017,4,11470550,목5동,6272,2197,4075,17,1130,1619,1558,1178,770,6,216,482,511,504,478,11,914,1137,1047,674,292,2055129
2017,4,11470560,신월1동,2612,1539,1073,13,193,436,701,821,448,11,72,245,404,512,295,2,121,191,297,309,153,625887
2017,4,11470570,신월2동,2170,1056,1114,2,181,395,607,639,346,0,68,171,254,337,226,2,113,224,353,302,120,608140
2017,4,11470580,신월3동,2593,1429,1164,3,225,452,646,823,444,3,86,217,301,471,351,0,139,235,345,352,93,932122
2017,4,11470590,신월4동,1959,1124,835,4,177,336,450,577,415,3,72,185,219,331,314,1,105,151,231,246,101,470224
2017,4,11470600,신월5동,2663,1579,1084,4,205,363,540,582,969,4,61,136,204,292,882,0,144,227,336,290,87,523363
2017,4,11470610,신월6동,1216,627,589,1,138,189,309,357,222,0,59,90,124,192,162,1,79,99,185,165,60,437027
2017,4,11470611,신월7동,3598,2382,1216,4,330,560,903,1064,737,2,211,362,531,691,585,2,119,198,372,373,152,1403954
2017,4,11470620,신정1동,2682,1231,1451,4,263,592,733,657,433,1,86,283,330,288,243,3,177,309,403,369,190,722680
2017,4,11470630,신정2동,1846,753,1093,6,225,324,538,477,276,1,56,146,209,169,172,5,169,178,329,308,104,594999
2017,4,11470640,신정3동,5916,3148,2768,4,587,1111,1500,1619,1095,1,179,486,725,904,853,3,408,625,775,715,242,2650845
2017,4,11470650,신정4동,7592,3637,3955,23,914,1575,1944,1645,1491,15,279,764,927,730,922,8,635,811,1017,915,569,996406
2017,4,11470670,신정6동,5656,2990,2666,29,735,1413,1453,1514,512,25,351,662,693,949,310,4,384,751,760,565,202,972556
2017,4,11470680,신정7동,1929,822,1107,0,218,361,582,514,254,0,66,163,219,213,161,0,152,198,363,301,93,1144112
2017,4,11500510,염창동,12131,7231,4900,85,1956,3386,3212,2248,1244,47,785,2019,2067,1388,925,38,1171,1367,1145,860,319,1957926
2017,4,11500520,등촌1동,30158,12330,17828,311,3881,7227,10137,7490,1112,192,2153,4633,3343,1328,681,119,1728,2594,6794,6162,431,649434
2017,4,11500530,등촌2동,2306,1215,1091,9,275,506,585,588,343,3,87,232,295,351,247,6,188,274,290,237,96,908847
2017,4,11500535,등촌3동,19561,9679,9882,115,3573,3644,4042,5325,2862,91,1515,2161,2261,2065,1586,24,2058,1483,1781,3260,1276,1049363
2017,4,11500540,화곡1동,4740,2157,2583,19,605,1021,1232,1175,688,8,227,508,563,477,374,11,378,513,669,698,314,1194778
2017,4,11500550,화곡2동,1533,749,784,2,219,406,454,337,115,0,103,217,208,143,78,2,116,189,246,194,37,456061
2017,4,11500560,화곡3동,2498,1129,1369,9,287,453,604,776,369,1,99,265,303,265,196,8,188,188,301,511,173,515596
2017,4,11500570,화곡4동,1924,879,1045,8,229,409,534,494,250,3,85,196,219,229,147,5,144,213,315,265,103,853460
2017,4,11500590,화곡본동,2382,918,1464,8,295,541,657,523,358,4,64,228,266,190,166,4,231,313,391,333,192,1007050
2017,4,11500591,화곡6동,9896,5902,3994,24,1171,2292,2502,2531,1376,11,525,1279,1550,1632,905,13,646,1013,952,899,471,1034624
2017,4,11500593,화곡8동,1665,585,1080,3,199,320,408,454,281,0,64,160,145,96,120,3,135,160,263,358,161,567208
2017,4,11500603,가양1동,14772,9352,5420,95,2331,3933,3956,2873,1584,32,1198,2489,2569,1906,1158,63,1133,1444,1387,967,426,5908521
2017,4,11500604,가양2동,2262,1162,1100,9,339,486,462,409,557,5,121,233,226,158,419,4,218,253,236,251,138,996881
2017,4,11500605,가양3동,5661,3353,2308,83,1196,1571,1524,893,394,48,648,983,920,504,250,35,548,588,604,389,144,691403
2017,4,11500611,발산1동,7250,3853,3397,19,757,1604,1965,1910,995,8,241,805,997,1070,732,11,516,799,968,840,263,3032326
2017,4,11500615,우장산동,4332,1924,2408,74,738,879,1113,915,613,35,252,432,494,387,324,39,486,447,619,528,289,1268459
2017,4,11500620,공항동,42377,25001,17376,69,7983,13094,12411,7265,1555,37,2429,6199,8649,6368,1319,32,5554,6895,3762,897,236,11377979
2017,4,11500630,방화1동,8014,5148,2866,14,898,1983,2158,2152,809,9,466,1354,1416,1421,482,5,432,629,742,731,327,1125789
2017,4,11500640,방화2동,4789,2835,1954,38,787,903,1074,1254,733,21,302,528,613,838,533,17,485,375,461,416,200,5564098
2017,4,11500641,방화3동,3274,1743,1531,8,256,569,796,894,751,4,70,220,436,570,443,4,186,349,360,324,308,1964100
2017,4,11530510,신도림동,8982,5058,3924,35,1489,2418,2412,1749,879,20,643,1336,1340,1071,648,15,846,1082,1072,678,231,1312211
2017,4,11530520,구로1동,2368,1063,1305,13,225,519,549,410,652,0,115,298,265,198,187,13,110,221,284,212,465,1004193
2017,4,11530530,구로2동,27113,14673,12440,77,4116,8091,6940,5323,2566,37,1557,3948,3887,3407,1837,40,2559,4143,3053,1916,729,1807452
2017,4,11530540,구로3동,79677,48541,31136,572,18117,27183,18931,9753,5121,332,8355,18191,12765,5488,3410,240,9762,8992,6166,4265,1711,1033159
2017,4,11530550,구로4동,2718,1212,1506,4,358,554,783,591,428,4,110,233,339,254,272,0,248,321,444,337,156,538215
2017,4,11530560,구로5동,22016,12656,9360,108,4260,6308,4933,3898,2509,57,1943,3744,3205,2238,1469,51,2317,2564,1728,1660,1040,1075552
2017,4,11530595,가리봉동,1478,575,903,1,195,259,365,391,267,0,77,131,145,117,105,1,118,128,220,274,162,415751
2017,4,11530720,고척1동,6120,3585,2535,14,687,1143,1516,1528,1232,4,307,639,852,901,882,10,380,504,664,627,350,1100132
2017,4,11530730,고척2동,1927,838,1089,1,212,369,580,526,239,0,86,163,205,237,147,1,126,206,375,289,92,1013917
2017,4,11530740,개봉1동,3011,1375,1636,3,359,536,809,834,470,1,124,267,348,363,272,2,235,269,461,471,198,1168155
2017,4,11530750,개봉2동,1500,589,911,4,205,285,450,334,222,0,50,113,169,133,124,4,155,172,281,201,98,825368
2017,4,11530760,개봉3동,4732,2314,2418,2,155,320,533,787,2935,2,58,124,188,305,1637,0,97,196,345,482,1298,831642
2017,4,11530770,오류1동,2771,1291,1480,17,340,496,698,680,540,5,111,248,294,274,359,12,229,248,404,406,181,707130
2017,4,11530780,오류2동,4270,2194,2076,7,497,963,1078,1098,627,4,162,501,515,560,452,3,335,462,563,538,175,4314692
2017,4,11530790,수궁동,4187,2591,1596,4,448,919,1074,1110,632,2,220,527,632,708,502,2,228,392,442,402,130,2684146
2017,4,11545510,가산동,135447,84750,50697,2609,31661,41591,32662,17504,9420,1224,15266,27813,22567,10974,6906,1385,16395,13778,10095,6530,2514,2245346
2017,4,11545610,독산1동,16915,10904,6011,78,2150,3901,4502,4139,2145,47,1249,2688,2848,2547,1525,31,901,1213,1654,1592,620,1956086
2017,4,11545620,독산2동,1604,717,887,1,181,283,425,414,300,1,58,108,176,189,185,0,123,175,249,225,115,596742
2017,4,11545630,독산3동,4823,2888,1935,6,439,731,922,1065,1660,1,167,316,426,536,1442,5,272,415,496,529,218,982894
2017,4,11545640,독산4동,1824,976,848,5,271,352,528,431,237,2,128,192,280,230,144,3,143,160,248,201,93,605029
2017,4,11545670,시흥1동,9425,4305,5120,52,1533,2266,2090,2069,1415,22,664,1057,893,980,689,30,869,1209,1197,1089,726,1437595
2017,4,11545680,시흥2동,1304,391,913,5,155,303,354,343,144,0,30,71,106,103,81,5,125,232,248,240,63,1170211
2017,4,11545690,시흥3동,8803,5431,3372,41,704,1599,2834,2498,1127,17,379,996,1632,1529,878,24,325,603,1202,969,249,1328458
2017,4,11545700,시흥4동,926,319,607,1,97,164,303,260,101,1,35,56,79,94,54,0,62,108,224,166,47,873884
2017,4,11545710,시흥5동,1863,931,932,2,144,270,523,609,315,1,33,116,266,334,181,1,111,154,257,275,134,1368598
2017,4,11560515,영등포본동,2607,1197,1410,39,413,569,668,571,347,17,156,266,278,259,221,22,257,303,390,312,126,843586
2017,4,11560535,영등포동,23150,13776,9374,122,3643,5893,5610,4536,3346,38,1475,3500,3654,2876,2233,84,2168,2393,1956,1660,1113,1390482
2017,4,11560540,여의동,270230,181631,88599,686,49211,102452,73305,34555,10021,206,22877,69664,56481,26342,6061,480,26334,32788,16824,8213,3960,6703511
2017,4,11560550,당산1동,16475,8876,7599,82,2657,3985,3726,3422,2603,37,1001,2122,2085,2004,1627,45,1656,1863,1641,1418,976,746447
2017,4,11560560,당산2동,30233,16335,13898,255,6244,7153,6896,5196,4489,120,2368,3990,3822,3045,2990,135,3876,3163,3074,2151,1499,1526636
2017,4,11560585,도림동,2156,1331,825,10,225,420,556,478,467,7,101,257,362,281,323,3,124,163,194,197,144,539427
2017,4,11560605,문래동,44694,27231,17463,209,9222,12702,11096,6749,4716,91,4517,7889,6707,4345,3682,118,4705,4813,4389,2404,1034,1738475
2017,4,11560610,양평1동,19038,10414,8624,156,4216,4486,4064,3625,2491,84,1928,2794,2309,1724,1575,72,2288,1692,1755,1901,916,869573
2017,4,11560620,양평2동,29817,15530,14287,175,5696,10283,8487,3786,1390,91,2349,5527,4332,2180,1051,84,3347,4756,4155,1606,339,2573400
2017,4,11560630,신길1동,4132,2077,2055,7,531,655,826,1051,1062,1,147,309,431,527,662,6,384,346,395,524,400,762886
2017,4,11560650,신길3동,1616,725,891,7,166,295,418,401,329,4,50,128,187,183,173,3,116,167,231,218,156,510335
2017,4,11560660,신길4동,1127,546,581,0,138,317,318,227,127,0,38,157,173,110,68,0,100,160,145,117,59,298738
2017,4,11560670,신길5동,1175,554,621,2,118,276,293,299,187,1,45,115,123,151,119,1,73,161,170,148,68,498387
2017,4,11560680,신길6동,2693,1277,1416,12,355,570,688,591,477,3,117,283,309,265,300,9,238,287,379,326,177,676005
2017,4,11560690,신길7동,2996,1835,1161,12,479,664,732,771,338,7,294,459,471,386,218,5,185,205,261,385,120,599547
2017,4,11560700,대림1동,2583,943,1640,2,668,638,587,457,231,1,120,250,239,207,126,1,548,388,348,250,105,493503
2017,4,11560710,대림2동,2361,1063,1298,6,251,537,757,473,337,1,71,252,263,237,239,5,180,285,494,236,98,574495
2017,4,11560720,대림3동,8006,4664,3342,29,977,1710,2109,1909,1272,17,498,1088,1338,1037,686,12,479,622,771,872,586,933892
2017,4,11590510,노량진1동,4145,2286,1859,12,513,956,1108,1015,541,3,201,549,693,555,285,9,312,407,415,460,256,1876800
2017,4,11590520,노량진2동,6595,3638,2957,23,801,1473,1459,1642,1197,10,418,709,775,955,771,13,383,764,684,687,426,619921
2017,4,11590530,상도1동,4812,2364,2448,15,674,1135,1305,1055,628,3,242,520,666,560,373,12,432,615,639,495,255,1492421
2017,4,11590540,상도2동,2785,1202,1583,4,344,560,777,702,398,2,112,228,362,310,188,2,232,332,415,392,210,771971
2017,4,11590550,상도3동,1351,531,820,8,168,304,347,354,170,4,55,132,138,121,81,4,113,172,209,233,89,662403
2017,4,11590560,상도4동,1727,645,1082,8,262,343,487,395,232,1,78,134,183,134,115,7,184,209,304,261,117,947172
2017,4,11590605,흑석동,5794,2624,3170,8,1151,1558,1457,1131,489,4,316,598,711,646,349,4,835,960,746,485,140,2062251
2017,4,11590620,사당1동,5223,2752,2471,26,1088,1254,1358,937,560,8,392,681,816,489,366,18,696,573,542,448,194,630335
2017,4,11590630,사당2동,3719,1423,2296,18,483,728,919,1079,492,9,149,338,367,316,244,9,334,390,552,763,248,3064442
2017,4,11590640,사당3동,2762,1395,1367,16,322,460,586,598,780,5,111,222,277,304,476,11,211,238,309,294,304,898029
2017,4,11590650,사당4동,1041,472,569,2,124,190,266,249,210,0,31,71,110,113,147,2,93,119,156,136,63,431219
2017,4,11590651,사당5동,975,460,515,5,174,223,262,236,75,2,82,93,116,109,58,3,92,130,146,127,17,658780
2017,4,11590660,대방동,9928,5657,4271,61,1403,2780,2414,1962,1308,13,623,1713,1430,1075,803,48,780,1067,984,887,505,1591876
2017,4,11590670,신대방1동,3024,1937,1087,19,497,785,862,545,316,15,297,542,553,309,221,4,200,243,309,236,95,685547
2017,4,11590680,신대방2동,29620,16558,13062,136,5093,7191,6995,6507,3698,72,2944,4549,3864,3220,1909,64,2149,2642,3131,3287,1789,1024271
2017,4,11620525,보라매동,5467,2340,3127,16,822,1589,1870,789,381,2,292,588,789,429,240,14,530,1001,1081,360,141,758003
2017,4,11620545,청림동,688,258,430,2,116,158,176,119,117,1,23,49,64,40,81,1,93,109,112,79,36,305629
2017,4,11620565,성현동,1740,796,944,12,216,366,502,375,269,10,96,180,193,168,149,2,120,186,309,207,120,695625
2017,4,11620575,행운동,3791,1950,1841,30,700,896,858,731,576,18,277,479,450,350,376,12,423,417,408,381,200,739229
2017,4,11620585,낙성대동,11541,6217,5324,21,1763,3533,2733,2272,1219,12,695,1625,1518,1408,959,9,1068,1908,1215,864,260,2341406
2017,4,11620595,청룡동,7760,4301,3459,12,1017,1891,1948,1848,1044,6,424,1004,1030,1158,679,6,593,887,918,690,365,1186204
2017,4,11620605,은천동,3583,1595,1988,11,442,644,832,950,704,6,132,305,358,401,393,5,310,339,474,549,311,738181
2017,4,11620615,중앙동,2008,964,1044,16,297,449,549,390,307,15,91,199,287,199,173,1,206,250,262,191,134,385136
2017,4,11620625,인헌동,2476,1192,1284,4,365,585,616,510,396,1,111,305,284,235,256,3,254,280,332,275,140,709688
2017,4,11620630,남현동,3954,2142,1812,21,822,915,1018,782,396,9,369,527,576,380,281,12,453,388,442,402,115,4218667
2017,4,11620645,서원동,3927,1769,2158,29,782,772,763,778,803,10,260,343,362,332,462,19,522,429,401,446,341,642690
2017,4,11620655,신원동,1036,383,653,2,110,192,241,288,203,1,26,63,100,100,93,1,84,129,141,188,110,549115
2017,4,11620665,서림동,1594,890,704,4,128,265,374,467,356,3,46,149,190,254,248,1,82,116,184,213,108,981577
2017,4,11620685,신사동,2050,978,1072,4,288,428,522,519,289,3,94,223,260,240,158,1,194,205,262,279,131,609167
2017,4,11620695,신림동,2575,1235,1340,10,475,530,623,552,385,6,180,281,312,232,224,4,295,249,311,320,161,507666
2017,4,11620715,난향동,1381,513,868,1,114,170,277,386,433,0,16,48,97,112,240,1,98,122,180,274,193,786985
2017,4,11620725,조원동,3928,2367,1561,11,492,895,1045,965,520,4,261,591,623,548,340,7,231,304,422,417,180,652569
2017,4,11620735,대학동,2240,1245,995,5,277,470,597,596,295,2,103,245,326,364,205,3,174,225,271,232,90,8107585
2017,4,11620745,삼성동,1082,455,627,4,146,210,260,281,181,4,35,80,100,122,114,0,111,130,160,159,67,2591742
2017,4,11620765,미성동,3105,1526,1579,2,300,541,772,850,640,0,103,234,362,425,402,2,197,307,410,425,238,1355300
2017,4,11620775,난곡동,1127,445,682,3,158,262,316,272,116,0,30,101,117,130,67,3,128,161,199,142,49,982294
2017,4,11650510,서초1동,39227,20923,18304,278,9862,11345,9056,5925,2761,134,4080,6832,5350,2755,1772,144,5782,4513,3706,3170,989,1383210
2017,4,11650520,서초2동,59367,35845,23522,382,11144,19066,16058,8148,4569,67,4726,11340,10850,5658,3204,315,6418,7726,5208,2490,1365,1229759
2017,4,11650530,서초3동,75447,43301,32146,325,14068,22691,20218,11732,6413,126,5355,12645,12836,7636,4703,199,8713,10046,7382,4096,1710,3027494
2017,4,11650531,서초4동,25288,12654,12634,104,6906,8569,5421,2589,1699,28,2064,4562,3324,1569,1107,76,4842,4007,2097,1020,592,882770
2017,4,11650540,잠원동,20275,12386,7889,93,4095,6663,5135,2535,1754,35,1538,4204,3649,1715,1245,58,2557,2459,1486,820,509,1840832
2017,4,11650550,반포본동,1499,807,692,5,181,318,399,355,241,2,69,150,198,235,153,3,112,168,201,120,88,1491264
2017,4,11650560,반포1동,7788,4422,3366,29,1747,2622,1731,1026,633,7,731,1569,1115,580,420,22,1016,1053,616,446,213,1000549
2017,4,11650570,반포2동,2135,1085,1050,23,404,549,567,378,214,7,131,268,305,221,153,16,273,281,262,157,61,1258050
2017,4,11650580,반포3동,8393,3796,4597,66,1566,2183,1802,1528,1248,28,740,1063,901,521,543,38,826,1120,901,1007,705,1325140
2017,4,11650581,반포4동,31591,12843,18748,123,8057,9443,7195,4277,2496,42,1900,3791,3488,2222,1400,81,6157,5652,3707,2055,1096,1416005
2017,4,11650590,방배본동,7470,4655,2815,35,1292,2185,1718,1160,1080,21,598,1536,1137,679,684,14,694,649,581,481,396,660469
2017,4,11650600,방배1동,10942,5130,5812,54,2267,2991,2801,1764,1065,19,702,1491,1366,818,734,35,1565,1500,1435,946,331,691215
2017,4,11650610,방배2동,13576,7121,6455,38,1637,2850,3349,3534,2168,18,733,1771,1966,1546,1087,20,904,1079,1383,1988,1081,1901725
2017,4,11650620,방배3동,9592,5746,3846,54,1726,2524,2053,1648,1587,15,711,1474,1353,1001,1192,39,1015,1050,700,647,395,2411856
2017,4,11650621,방배4동,12136,6637,5499,71,2195,3163,3140,2170,1397,30,862,1821,1730,1170,1024,41,1333,1342,1410,1000,373,954529
2017,4,11650651,양재1동,34637,20643,13994,191,6420,9234,7922,6062,4808,94,2660,5666,5172,3885,3166,97,3760,3568,2750,2177,1642,5711370
2017,4,11650652,양재2동,123540,101540,22000,561,14746,28237,36473,38818,4705,218,9925,22772,30505,34723,3397,343,4821,5465,5968,4095,1308,7516954
2017,4,11650660,내곡동,6238,4043,2195,11,819,1652,1626,1463,667,3,359,1025,1121,1051,484,8,460,627,505,412,183,13190710
2017,4,11680510,신사동,23650,10957,12693,159,7170,7424,4683,2520,1694,51,2148,3682,2637,1350,1089,108,5022,3742,2046,1170,605,1736994
2017,4,11680521,논현1동,43420,22702,20718,227,11942,13979,9295,4883,3094,56,3981,7716,5978,2859,2112,171,7961,6263,3317,2024,982,1254345
2017,4,11680531,논현2동,64762,35044,29718,320,15069,20517,14543,7933,6380,101,5173,11238,9227,5009,4296,219,9896,9279,5316,2924,2084,1445565
2017,4,11680545,압구정동,33855,14670,19185,317,11140,10772,5959,3272,2395,113,3545,5010,3173,1593,1236,204,7595,5762,2786,1679,1159,2520945
2017,4,11680565,청담동,44520,21559,22961,360,12536,15021,9445,4282,2876,83,3921,7548,5632,2513,1862,277,8615,7473,3813,1769,1014,2384707
2017,4,11680580,삼성1동,94808,54928,39880,625,22893,31534,21296,11889,6571,267,9786,19105,14577,7055,4138,358,13107,12429,6719,4834,2433,1926134
2017,4,11680590,삼성2동,57495,27017,30478,319,16473,16766,12027,8255,3655,135,6040,9265,6087,3342,2148,184,10433,7501,5940,4913,1507,1247821
2017,4,11680600,대치1동,3601,1505,2096,30,658,929,904,628,452,8,173,358,396,282,288,22,485,571,508,346,164,795761
2017,4,11680610,대치2동,64830,39328,25502,345,13071,20206,15981,9611,5616,117,5542,13085,11180,5904,3500,228,7529,7121,4801,3707,2116,2043875
2017,4,11680630,대치4동,27920,16180,11740,212,5663,9813,7345,3344,1543,44,2340,5799,4750,2201,1046,168,3323,4014,2595,1143,497,717795
2017,4,11680640,역삼1동,187180,106797,80383,1379,42434,59523,44398,25838,13608,624,17143,35867,30276,14883,8004,755,25291,23656,14122,10955,5604,2360116
2017,4,11680650,역삼2동,47451,25860,21591,305,11950,13613,10930,6852,3801,110,4611,7716,6846,4138,2439,195,7339,5897,4084,2714,1362,1127531
2017,4,11680655,도곡1동,22860,8371,14489,260,4653,5492,7547,3766,1142,117,1944,2576,1926,1059,749,143,2709,2916,5621,2707,393,1022697
2017,4,11680656,도곡2동,19028,10645,8383,72,3485,5708,4244,2660,2859,31,1287,3253,2848,1706,1520,41,2198,2455,1396,954,1339,1025651
2017,4,11680660,개포1동,1535,983,552,4,123,268,287,430,423,1,50,145,164,287,336,3,73,123,123,143,87,973078
2017,4,11680670,개포2동,2713,1429,1284,11,275,464,678,814,471,6,104,199,362,445,313,5,171,265,316,369,158,2371826
2017,4,11680690,개포4동,9704,5856,3848,33,1263,2252,2514,2108,1534,20,566,1449,1536,1200,1085,13,697,803,978,908,449,1561449
2017,4,11680700,세곡동,4374,2090,2284,17,610,922,1121,1018,686,12,166,388,480,532,512,5,444,534,641,486,174,5894759
2017,4,11680720,일원본동,7384,1891,5493,3,2176,2868,1449,704,184,0,301,699,445,308,138,3,1875,2169,1004,396,46,2381558
2017,4,11680730,일원1동,3643,1777,1866,11,407,666,905,939,715,8,206,360,437,397,369,3,201,306,468,542,346,947888
2017,4,11680740,일원2동,13520,10586,2934,107,3968,4083,2558,1961,843,77,3212,3526,1996,1288,487,30,756,557,562,673,356,1043911
2017,4,11680750,수서동,12287,7253,5034,37,1661,3165,2992,2627,1805,19,742,2005,1799,1409,1279,18,919,1160,1193,1218,526,1648393
2017,4,11710510,풍납1동,1406,611,795,5,128,292,376,368,237,1,35,129,142,162,142,4,93,163,234,206,95,1057487
2017,4,11710520,풍납2동,13371,4412,8959,16,3325,4540,3309,1559,622,5,604,1289,1214,833,467,11,2721,3251,2095,726,155,1999222
2017,4,11710531,거여1동,3154,1825,1329,7,258,579,698,740,872,3,133,376,432,361,520,4,125,203,266,379,352,512307
2017,4,11710532,거여2동,2223,847,1376,8,260,385,609,618,343,3,88,189,232,183,152,5,172,196,377,435,191,510046
2017,4,11710540,마천1동,1023,485,538,1,112,187,291,254,178,1,32,83,111,138,120,0,80,104,180,116,58,504704
2017,4,11710550,마천2동,3293,1903,1390,8,346,635,831,923,550,8,151,384,456,521,383,0,195,251,375,402,167,936181
2017,4,11710561,방이1동,6303,3913,2390,30,810,1369,1397,1182,1515,17,337,768,831,709,1251,13,473,601,566,473,264,581968
2017,4,11710562,방이2동,13985,8575,5410,65,2238,3938,3391,2653,1700,39,1153,2550,2208,1489,1136,26,1085,1388,1183,1164,564,763928
2017,4,11710566,오륜동,3268,1939,1329,2,433,913,835,841,244,1,193,522,503,530,190,1,240,391,332,311,54,3150411
2017,4,11710570,오금동,12843,7469,5374,32,1237,2376,2585,2579,4034,12,559,1449,1549,1373,2527,20,678,927,1036,1206,1507,1691111
2017,4,11710580,송파1동,6952,3986,2966,17,1021,1561,1634,1468,1251,10,484,948,946,789,809,7,537,613,688,679,442,683881
2017,4,11710590,송파2동,5158,2371,2787,25,1215,1388,1157,991,382,10,408,704,641,381,227,15,807,684,516,610,155,636016
2017,4,11710600,석촌동,9252,4734,4518,81,1795,2073,2161,1777,1365,36,598,1109,1238,911,842,45,1197,964,923,866,523,943819
2017,4,11710610,삼전동,7884,4878,3006,21,958,1562,1614,1680,2049,5,418,958,939,907,1651,16,540,604,675,773,398,992437
2017,4,11710620,가락본동,25324,14747,10577,81,4063,6505,6410,5391,2874,31,1794,3875,4074,3144,1829,50,2269,2630,2336,2247,1045,1024764
2017,4,11710631,가락1동,10430,7383,3047,14,665,1904,3009,3017,1821,6,467,1539,2189,1911,1271,8,198,365,820,1106,550,1357317
2017,4,11710632,가락2동,7456,3955,3501,47,1146,1776,1950,1548,989,13,498,999,988,758,699,34,648,777,962,790,290,934057
2017,4,11710641,문정1동,6470,4134,2336,12,619,1092,1327,1169,2251,8,301,687,781,655,1702,4,318,405,546,514,549,604321
2017,4,11710642,문정2동,39697,25701,13996,234,7374,12043,10018,6228,3800,101,3658,8149,6841,4000,2952,133,3716,3894,3177,2228,848,2387651
2017,4,11710646,장지동,8760,5610,3150,14,820,1401,2129,2457,1939,6,380,842,1323,1674,1385,8,440,559,806,783,554,1295680
2017,4,11710647,위례동,2036,1247,789,7,175,399,599,702,154,2,52,190,359,528,116,5,123,209,240,174,38,2626871
2017,4,11710650,잠실본동,14111,7960,6151,98,2397,3274,3365,2809,2168,48,950,1869,1978,1667,1448,50,1447,1405,1387,1142,720,1136161
2017,4,11710670,잠실2동,3361,1888,1473,11,630,891,920,668,241,9,351,478,510,359,181,2,279,413,410,309,60,2886358
2017,4,11710680,잠실3동,5109,2271,2838,224,1653,979,1041,893,319,64,657,456,453,496,145,160,996,523,588,397,174,1506573
2017,4,11710690,잠실4동,1036,401,635,1,125,206,320,224,160,0,31,60,92,97,121,1,94,146,228,127,39,838370
2017,4,11710710,잠실6동,80225,44652,35573,384,15190,25816,23158,13458,2219,162,7727,17323,13128,4869,1443,222,7463,8493,10030,8589,776,1403041
2017,4,11710720,잠실7동,664,311,353,0,50,152,172,185,105,0,13,63,78,86,71,0,37,89,94,99,34,675008
2017,4,11740515,강일동,13351,10434,2917,10,1892,5272,3173,2170,834,6,1248,4235,2481,1765,699,4,644,1037,692,405,135,3722759
2017,4,11740520,상일동,3479,1385,2094,5,565,951,764,760,434,0,120,331,336,396,202,5,445,620,428,364,232,1801282
2017,4,11740530,명일1동,3207,1266,1941,2,394,495,738,811,767,1,123,218,288,258,378,1,271,277,450,553,389,630284
2017,4,11740540,명일2동,2376,1093,1283,12,313,485,598,640,328,3,110,223,256,304,197,9,203,262,342,336,131,920946
2017,4,11740550,고덕1동,1440,570,870,4,170,320,406,356,184,1,52,136,161,128,92,3,118,184,245,228,92,1906565
2017,4,11740560,고덕2동,1370,618,752,1,128,249,339,433,220,1,59,116,138,195,109,0,69,133,201,238,111,2408099
2017,4,11740570,암사1동,2415,1133,1282,9,249,504,603,627,423,4,85,255,270,285,234,5,164,249,333,342,189,738366
2017,4,11740580,암사2동,2958,1292,1666,13,363,551,750,811,470,5,150,259,294,282,302,8,213,292,456,529,168,2337773
2017,4,11740590,암사3동,1238,530,708,4,158,305,339,325,107,1,38,130,131,156,74,3,120,175,208,169,33,1843902
2017,4,11740600,천호1동,2902,1354,1548,16,313,595,681,708,589,11,109,285,301,313,335,5,204,310,380,395,254,669571
2017,4,11740610,천호2동,7646,3770,3876,36,1261,1754,1932,1536,1127,16,485,913,970,685,701,20,776,841,962,851,426,1828343
2017,4,11740620,천호3동,3425,1740,1685,16,421,676,848,790,674,5,137,346,458,387,407,11,284,330,390,403,267,569450
2017,4,11740640,성내1동,19044,10442,8602,48,2304,4376,4842,4616,2858,33,1054,2499,2536,2461,1859,15,1250,1877,2306,2155,999,658437
2017,4,11740650,성내2동,3611,1838,1773,23,573,808,794,812,601,5,220,415,409,386,403,18,353,393,385,426,198,624632
2017,4,11740660,성내3동,5966,3270,2696,18,810,1537,1437,1242,922,9,371,888,807,644,551,9,439,649,630,598,371,641973
2017,4,11740685,길동,9964,4875,5089,26,1548,2378,2375,2128,1509,15,536,1199,1238,944,943,11,1012,1179,1137,1184,566,1590598
2017,4,11740690,둔촌1동,783,442,341,4,57,119,174,199,230,2,25,53,70,96,196,2,32,66,104,103,34,897261
2017,4,11740700,둔촌2동,6654,3272,3382,8,1266,1880,1548,1301,651,3,420,919,775,710,445,5,846,961,773,591,206,1592001
2018,1,11110515,청운효자동,7398,4702,2696,8,1592,2305,1694,1429,370,2,908,1461,1111,987,233,6,684,844,583,442,137,2429899
2018,1,11110530,사직동,70211,41326,28885,153,11054,20920,19516,12073,6495,57,4104,11860,13443,8036,3826,96,6950,9060,6073,4037,2669,1161995
2018,1,11110540,삼청동,3832,2036,1796,19,685,1175,1004,709,240,10,217,649,626,418,116,9,468,526,378,291,124,1391632
2018,1,11110550,부암동,3116,1587,1529,2,642,808,821,559,284,0,195,413,507,312,160,2,447,395,314,247,124,2221363
2018,1,11110560,평창동,2526,1172,1354,9,337,573,578,607,422,4,108,265,299,259,237,5,229,308,279,348,185,8346900
2018,1,11110570,무악동,773,216,557,2,164,190,191,141,85,0,22,46,51,43,54,2,142,144,140,98,31,453220
2018,1,11110580,교남동,3960,1378,2582,0,1138,1269,814,498,241,0,203,382,355,270,168,0,935,887,459,228,73,355267
2018,1,11110600,가회동,21982,18592,3390,29,3004,8320,6048,3938,643,17,1997,7017,5404,3629,528,12,1007,1303,644,309,115,565302
2018,1,11110615,종로1.2.3.4가동,150486,89308,61178,2690,29236,45724,40674,24063,8099,1136,12504,25850,27134,17209,5475,1554,16732,19874,13540,6854,2624,2430999
2018,1,11110630,종로5.6가동,19713,12456,7257,509,3324,5809,5257,3391,1423,156,1548,3815,3609,2357,971,353,1776,1994,1648,1034,452,599631
2018,1,11110640,이화동,16662,6147,10515,52,4138,5832,3531,2353,756,20,974,1909,1556,1207,481,32,3164,3923,1975,1146,275,747067
2018,1,11110650,혜화동,4954,2617,2337,21,817,1220,1231,1033,632,8,300,568,717,592,432,13,517,652,514,441,200,1161303
2018,1,11110670,창신1동,2805,1276,1529,26,426,740,753,519,341,11,145,347,307,246,220,15,281,393,446,273,121,297271
2018,1,11110680,창신2동,645,246,399,1,80,118,151,187,108,0,13,55,68,70,40,1,67,63,83,117,68,257188
2018,1,11110690,창신3동,430,210,220,1,46,87,111,124,61,0,16,32,55,60,47,1,30,55,56,64,14,216230
2018,1,11110700,숭인1동,641,291,350,1,79,125,187,160,89,0,28,59,80,77,47,1,51,66,107,83,42,236777
2018,1,11110710,숭인2동,2938,1537,1401,14,402,581,702,682,557,3,159,317,384,332,342,11,243,264,318,350,215,359384
2018,1,11140520,소공동,134602,75749,58853,700,32241,43711,35871,18525,3554,202,11175,22888,24055,14739,2690,498,21066,20823,11816,3786,864,918284
2018,1,11140540,회현동,78046,46482,31564,513,15356,27777,22444,9637,2319,242,7737,16047,14139,6660,1657,271,7619,11730,8305,2977,662,909465
2018,1,11140550,명동,163792,84659,79133,872,32825,56524,45313,22916,5342,252,10905,25287,27134,17446,3635,620,21920,31237,18179,5470,1707,993909
2018,1,11140570,필동,22647,11146,11501,178,3964,5978,6178,4491,1858,78,1323,3200,3288,2099,1158,100,2641,2778,2890,2392,700,1458582
2018,1,11140580,장충동,9844,5625,4219,54,2618,3114,2300,1223,535,30,1002,1752,1584,867,390,24,1616,1362,716,356,145,1013897
2018,1,11140590,광희동,34729,18658,16071,153,6613,9824,9000,6484,2655,46,2971,5775,5041,3115,1710,107,3642,4049,3959,3369,945,745387
2018,1,11140605,을지로동,29782,16848,12934,1074,7478,6909,6630,4868,2823,422,3166,3958,4193,3116,1993,652,4312,2951,2437,1752,830,612013
2018,1,11140615,신당동,13610,7300,6310,41,2988,4594,3123,1903,961,19,1510,2412,1744,1058,557,22,1478,2182,1379,845,404,536647
2018,1,11140625,다산동,8631,3830,4801,96,2425,2019,1547,1545,999,44,868,1048,816,624,430,52,1557,971,731,921,569,532721
2018,1,11140635,약수동,2781,1296,1485,15,483,705,685,512,381,6,166,343,314,240,227,9,317,362,371,272,154,509395
2018,1,11140645,청구동,3117,1933,1184,5,597,916,743,475,381,2,296,637,484,266,248,3,301,279,259,209,133,345114
2018,1,11140650,신당5동,1848,821,1027,6,241,438,453,434,276,4,82,183,223,186,143,2,159,255,230,248,133,310367
2018,1,11140665,동화동,2658,1273,1385,16,749,681,552,472,188,5,260,368,302,221,117,11,489,313,250,251,71,330049
2018,1,11140670,황학동,3264,1982,1282,10,585,809,823,676,361,0,275,513,558,395,241,10,310,296,265,281,120,327694
2018,1,11140680,중림동,7466,3995,3471,16,1496,2065,1888,1271,730,5,518,1010,1141,849,472,11,978,1055,747,422,258,487576
2018,1,11170510,후암동,4380,1705,2675,4,521,758,948,1446,703,3,166,406,469,423,238,1,355,352,479,1023,465,868399
2018,1,11170520,용산2가동,2917,1582,1335,7,213,503,1160,852,182,2,104,260,589,518,109,5,109,243,571,334,73,2047347
2018,1,11170530,남영동,32308,15384,16924,1263,13212,8246,5284,2838,1465,389,4062,4938,3549,1608,838,874,9150,3308,1735,1230,627,735947
2018,1,11170555,청파동,8208,4288,3920,15,1214,1941,1778,1745,1515,9,356,889,956,897,1181,6,858,1052,822,848,334,867676
2018,1,11170560,원효로1동,16480,8408,8072,163,3977,5847,3986,1690,817,79,1736,3102,2047,950,494,84,2241,2745,1939,740,323,589294
2018,1,11170570,원효로2동,5335,3506,1829,43,632,1497,1299,867,997,30,354,1030,915,521,656,13,278,467,384,346,341,915567
2018,1,11170580,효창동,1795,948,847,3,203,414,525,404,246,1,70,206,300,211,160,2,133,208,225,193,86,470670
2018,1,11170590,용문동,1011,512,499,2,142,267,278,195,127,0,45,156,154,92,65,2,97,111,124,103,62,289284
2018,1,11170625,한강로동,63174,36849,26325,506,16651,19341,15419,7641,3616,186,7385,11393,10173,5214,2498,320,9266,7948,5246,2427,1118,3358956
2018,1,11170630,이촌1동,2004,906,1098,6,269,489,484,400,356,2,83,187,202,182,250,4,186,302,282,218,106,2143668
2018,1,11170640,이촌2동,443,254,189,3,60,121,94,82,83,2,33,79,57,41,42,1,27,42,37,41,41,1191110
2018,1,11170650,이태원1동,5907,3319,2588,39,1416,1622,1115,1030,685,17,710,942,578,642,430,22,706,680,537,388,255,579369
2018,1,11170660,이태원2동,2647,1431,1216,11,556,705,534,396,445,4,253,393,288,206,287,7,303,312,246,190,158,879018
2018,1,11170685,한남동,15879,8397,7482,100,4184,5404,3422,1736,1033,48,1652,2988,2126,1003,580,52,2532,2416,1296,733,453,3198883
2018,1,11170690,서빙고동,4615,2479,2136,25,946,1362,1227,681,374,4,313,690,705,460,307,21,633,672,522,221,67,2198117
2018,1,11170700,보광동,961,525,436,2,97,185,243,239,195,0,27,88,139,140,131,2,70,97,104,99,64,890496
2018,1,11200520,왕십리2동,1176,517,659,5,163,247,329,253,179,2,42,86,143,124,120,3,121,161,186,129,59,385254
2018,1,11200535,왕십리도선동,7996,4035,3961,31,1628,1872,1925,1565,975,15,566,985,1068,835,566,16,1062,887,857,730,409,718816
2018,1,11200540,마장동,11332,7714,3618,30,1101,2382,2966,3303,1550,20,651,1606,2084,2238,1115,10,450,776,882,1065,435,1082999
2018,1,11200550,사근동,7914,3899,4015,12,1556,2025,2192,1586,543,4,418,956,1125,973,423,8,1138,1069,1067,613,120,1182945
2018,1,11200560,행당1동,5869,3178,2691,35,911,1327,1472,1451,673,21,318,599,791,988,461,14,593,728,681,463,212,552563
2018,1,11200570,행당2동,944,304,640,2,95,226,281,226,114,1,21,53,82,81,66,1,74,173,199,145,48,457197
2018,1,11200580,응봉동,424,154,270,0,49,80,107,112,76,0,10,21,26,37,60,0,39,59,81,75,16,547736
2018,1,11200590,금호1가동,955,438,517,0,139,224,236,202,154,0,39,86,100,96,117,0,100,138,136,106,37,441318
2018,1,11200615,금호2.3가동,1182,440,742,3,183,255,263,283,195,0,44,103,95,99,99,3,139,152,168,184,96,638261
2018,1,11200620,금호4가동,881,327,554,4,118,234,201,202,122,1,27,92,73,71,63,3,91,142,128,131,59,935263
2018,1,11200645,옥수동,2048,891,1157,12,414,487,522,390,223,2,142,204,215,182,146,10,272,283,307,208,77,1239152
2018,1,11200650,성수1가1동,6874,4101,2773,75,1190,1972,1686,1378,573,27,505,1154,1052,909,454,48,685,818,634,469,119,2248463
2018,1,11200660,성수1가2동,16952,10235,6717,77,3842,5295,3695,2520,1523,28,1527,3311,2487,1713,1169,49,2315,1984,1208,807,354,984783
2018,1,11200670,성수2가1동,42894,19016,23878,251,6960,10348,13905,10237,1193,168,4235,7333,4661,1784,835,83,2725,3015,9244,8453,358,1126355
2018,1,11200690,성수2가3동,48915,28372,20543,554,11101,13502,11911,8019,3828,287,5150,8595,7208,4378,2754,267,5951,4907,4703,3641,1074,1050781
2018,1,11200720,송정동,1895,1119,776,6,319,502,498,341,229,2,176,297,246,234,164,4,143,205,252,107,65,584812
2018,1,11200790,용답동,28258,22985,5273,78,3472,5277,9461,7993,1977,36,2133,3993,8168,7020,1635,42,1339,1284,1293,973,342,2379362
2018,1,11215710,화양동,6052,2539,3513,35,1543,1749,1215,922,588,8,483,749,592,380,327,27,1060,1000,623,542,261,1124376
2018,1,11215730,군자동,6666,3426,3240,17,1216,1558,1778,1490,607,5,471,894,975,704,377,12,745,664,803,786,230,733236
2018,1,11215740,중곡1동,4232,2484,1748,17,471,876,1005,916,947,6,187,484,548,512,747,11,284,392,457,404,200,602769
2018,1,11215750,중곡2동,3924,1969,1955,4,506,811,1011,977,615,0,210,413,491,488,367,4,296,398,520,489,248,544807
2018,1,11215760,중곡3동,2521,1194,1327,9,337,624,624,581,346,3,119,276,278,300,218,6,218,348,346,281,128,600824
2018,1,11215770,중곡4동,2551,1435,1116,3,265,515,662,698,408,0,95,254,357,415,314,3,170,261,305,283,94,2295463
2018,1,11215780,능동,3293,1676,1617,11,568,860,806,683,365,3,221,448,438,313,253,8,347,412,368,370,112,1094134
2018,1,11215810,광장동,8238,4271,3967,56,1548,2343,2066,1489,736,32,548,1176,1215,776,524,24,1000,1167,851,713,212,2889609
2018,1,11215820,자양1동,9757,5797,3960,30,1306,2089,2451,2461,1420,13,440,1019,1488,1745,1092,17,866,1070,963,716,328,621606
2018,1,11215830,자양2동,5514,3594,1920,8,496,1127,1665,1573,645,6,257,721,1184,996,430,2,239,406,481,577,215,1630926
2018,1,11215840,자양3동,3538,1598,1940,13,526,778,842,769,610,8,201,384,397,305,303,5,325,394,445,464,307,1145609
2018,1,11215847,자양4동,2930,1636,1294,22,528,689,732,576,383,6,238,405,413,300,274,16,290,284,319,276,109,1148618
2018,1,11215850,구의1동,4623,2777,1846,10,558,1144,1252,1043,616,6,264,690,791,632,394,4,294,454,461,411,222,553095
2018,1,11215860,구의2동,3243,1736,1507,43,407,645,835,842,471,15,168,313,448,478,314,28,239,332,387,364,157,1363952
2018,1,11215870,구의3동,13616,7613,6003,80,1604,2815,3423,3329,2365,40,778,1709,1960,1698,1428,40,826,1106,1463,1631,937,1453971
2018,1,11230536,용신동,28058,14750,13308,153,4221,6990,7450,5544,3700,69,1663,3860,3827,3080,2251,84,2558,3130,3623,2464,1449,1590771
2018,1,11230545,제기동,5905,3374,2531,21,737,1217,1525,1420,985,9,322,690,888,816,649,12,415,527,637,604,336,1184853
2018,1,11230560,전농1동,2737,1374,1363,19,413,538,737,617,413,8,166,280,395,299,226,11,247,258,342,318,187,1140490
2018,1,11230570,전농2동,3379,1709,1670,3,413,893,879,826,365,1,130,365,441,495,277,2,283,528,438,331,88,983768
2018,1,11230600,답십리1동,5048,2574,2474,12,748,1000,1393,1079,816,6,340,542,669,498,519,6,408,458,724,581,297,838156
2018,1,11230610,답십리2동,3706,2204,1502,10,409,766,1029,848,644,8,200,473,640,491,392,2,209,293,389,357,252,814945
2018,1,11230650,장안1동,13733,8001,5732,59,1816,3048,3301,2933,2576,26,809,1674,1948,1727,1817,33,1007,1374,1353,1206,759,1360347
2018,1,11230660,장안2동,6761,3316,3445,27,1051,1444,1797,1596,846,6,445,745,854,767,499,21,606,699,943,829,347,1119438
2018,1,11230705,청량리동,5802,3281,2521,41,971,1488,1319,1277,706,30,440,870,786,728,427,11,531,618,533,549,279,1197287
2018,1,11230710,회기동,4094,1496,2598,12,920,1262,895,714,291,7,253,530,331,245,130,5,667,732,564,469,161,829432
2018,1,11230720,휘경1동,1694,900,794,8,231,309,393,350,403,2,82,171,205,175,265,6,149,138,188,175,138,519932
2018,1,11230730,휘경2동,4025,1556,2469,12,771,988,997,862,395,4,188,414,411,342,197,8,583,574,586,520,198,1207585
2018,1,11230740,이문1동,5904,3082,2822,25,911,1584,1651,1199,534,6,253,649,945,816,413,19,658,935,706,383,121,986690
2018,1,11230750,이문2동,974,481,493,4,119,168,248,270,165,2,24,64,111,157,123,2,95,104,137,113,42,698476
2018,1,11260520,면목2동,2600,1277,1323,8,280,483,663,720,446,1,83,212,327,372,282,7,197,271,336,348,164,743106
2018,1,11260540,면목4동,1798,1073,725,5,185,312,469,615,212,0,64,144,283,438,144,5,121,168,186,177,68,821882
2018,1,11260550,면목5동,997,676,321,0,90,145,239,312,211,0,45,80,155,228,168,0,45,65,84,84,43,591696
2018,1,11260565,면목본동,2265,918,1347,5,279,404,625,635,317,3,72,172,272,227,172,2,207,232,353,408,145,840931
2018,1,11260570,면목7동,1453,686,767,1,191,279,351,385,246,0,43,110,160,201,172,1,148,169,191,184,74,1202721
2018,1,11260575,면목3.8동,3718,2031,1687,6,510,722,1002,995,483,3,148,310,545,659,366,3,362,412,457,336,117,1591050
2018,1,11260580,상봉1동,3192,1785,1407,18,341,507,751,924,651,12,109,210,362,588,504,6,232,297,389,336,147,917193
2018,1,11260590,상봉2동,7640,4914,2726,42,1077,1871,2173,1644,833,24,554,1301,1354,1099,582,18,523,570,819,545,251,658991
2018,1,11260600,중화1동,1734,661,1073,2,215,368,536,431,182,2,57,132,204,167,99,0,158,236,332,264,83,637209
2018,1,11260610,중화2동,4150,2742,1408,11,272,503,718,745,1901,7,114,274,376,377,1594,4,158,229,342,368,307,960402
2018,1,11260620,묵1동,3040,1391,1649,7,354,739,867,724,349,2,117,367,361,324,220,5,237,372,506,400,129,1184393
2018,1,11260630,묵2동,1806,895,911,8,244,376,511,454,213,5,77,195,251,232,135,3,167,181,260,222,78,682005
2018,1,11260655,망우본동,5556,2663,2893,18,776,1184,1360,1376,842,4,224,499,640,715,581,14,552,685,720,661,261,3074745
2018,1,11260660,망우3동,1642,770,872,4,146,298,435,466,293,3,41,133,198,207,188,1,105,165,237,259,105,967313
2018,1,11260680,신내1동,6260,3200,3060,9,976,1450,1476,1599,750,6,287,756,770,893,488,3,689,694,706,706,262,2361684
2018,1,11260690,신내2동,4113,1982,2131,7,434,940,1091,1116,525,6,133,405,474,662,302,1,301,535,617,454,223,939758
2018,1,11290525,성북동,3048,1428,1620,27,532,914,825,518,232,9,178,430,390,273,148,18,354,484,435,245,84,3067396
2018,1,11290555,삼선동,9053,4477,4576,22,1193,1902,2272,2437,1227,10,404,868,1185,1351,659,12,789,1034,1087,1086,568,1177823
2018,1,11290575,동선동,6137,2613,3524,18,1136,1156,1281,1151,1395,9,311,533,619,531,610,9,825,623,662,620,785,729672
2018,1,11290580,돈암1동,964,337,627,4,122,201,276,247,114,3,23,65,99,84,63,1,99,136,177,163,51,461503
2018,1,11290590,돈암2동,664,218,446,0,117,221,161,106,59,0,21,88,54,23,32,0,96,133,107,83,27,414465
2018,1,11290600,안암동,7942,3930,4012,22,1710,2215,2039,1431,525,8,502,945,1185,929,361,14,1208,1270,854,502,164,1295307
2018,1,11290610,보문동,3474,1857,1617,18,393,630,720,709,1004,3,134,330,367,338,685,15,259,300,353,371,319,551172
2018,1,11290620,정릉1동,1141,478,663,4,133,239,328,279,158,3,29,99,125,126,96,1,104,140,203,153,62,475568
2018,1,11290630,정릉2동,1470,671,799,4,206,308,406,348,198,0,68,130,171,174,128,4,138,178,235,174,70,1165255
2018,1,11290640,정릉3동,2862,1680,1182,2,372,564,886,737,301,2,102,276,543,522,235,0,270,288,343,215,66,3182234
2018,1,11290650,정릉4동,2807,1762,1045,0,266,445,736,866,494,0,60,238,472,623,369,0,206,207,264,243,125,3714207
2018,1,11290660,길음1동,2129,756,1373,19,304,428,612,424,342,7,56,137,201,159,196,12,248,291,411,265,146,753885
2018,1,11290685,길음2동,1149,426,723,7,214,275,296,215,142,4,60,102,118,77,65,3,154,173,178,138,77,423663
2018,1,11290705,종암동,3730,1746,1984,11,508,854,1033,943,381,2,173,426,502,459,184,9,335,428,531,484,197,1494677
2018,1,11290715,월곡1동,3685,1687,1998,15,518,783,993,899,477,3,200,375,440,412,257,12,318,408,553,487,220,974658
2018,1,11290725,월곡2동,5228,2877,2351,6,1005,1352,1272,1013,580,2,419,804,722,571,359,4,586,548,550,442,221,1330228
2018,1,11290760,장위1동,914,336,578,3,70,174,273,275,119,2,14,62,101,109,48,1,56,112,172,166,71,714821
2018,1,11290770,장위2동,2137,1075,1062,2,184,340,524,569,518,1,71,168,240,265,330,1,113,172,284,304,188,682224
2018,1,11290780,장위3동,1647,935,712,3,160,260,406,529,289,2,51,116,215,323,228,1,109,144,191,206,61,663549
2018,1,11290810,석관동,4770,2759,2011,8,411,835,1078,1096,1342,3,121,387,577,677,994,5,290,448,501,419,348,1773773
2018,1,11305534,삼양동,1531,601,930,3,182,293,409,407,237,0,36,98,129,178,160,3,146,195,280,229,77,959451
2018,1,11305535,미아동,2593,1093,1500,16,392,562,675,598,350,6,116,229,312,240,190,10,276,333,363,358,160,835492
2018,1,11305545,송중동,3421,1497,1924,28,530,754,957,700,452,10,210,330,393,285,269,18,320,424,564,415,183,1085065
2018,1,11305555,송천동,3372,1490,1882,9,341,575,762,800,885,7,93,257,370,382,381,2,248,318,392,418,504,928301
2018,1,11305575,삼각산동,1264,405,859,3,166,303,424,261,107,1,35,98,123,85,63,2,131,205,301,176,44,603256
2018,1,11305590,번1동,4250,2298,1952,16,574,867,994,1059,740,3,196,498,541,628,432,13,378,369,453,431,308,619363
2018,1,11305600,번2동,2097,1299,798,3,225,290,583,712,284,3,109,147,325,512,203,0,116,143,258,200,81,992960
2018,1,11305606,번3동,1544,678,866,16,238,257,359,382,292,10,79,110,158,177,144,6,159,147,201,205,148,1075371
2018,1,11305610,수유1동,3054,1525,1529,7,279,491,837,936,504,2,86,229,424,493,291,5,193,262,413,443,213,1748455
2018,1,11305620,수유2동,2106,902,1204,5,201,318,436,515,631,0,63,172,191,219,257,5,138,146,245,296,374,593685
2018,1,11305630,수유3동,4735,2400,2335,9,625,1144,1201,1147,609,4,241,558,588,658,351,5,384,586,613,489,258,725084
2018,1,11305645,우이동,2350,1483,867,6,215,287,472,793,577,3,92,162,290,539,397,3,123,125,182,254,180,10680138
2018,1,11305660,인수동,3484,1528,1956,15,441,693,893,870,572,9,142,291,379,346,361,6,299,402,514,524,211,2869695
2018,1,11320511,창1동,1731,628,1103,14,247,336,468,461,205,2,62,121,160,173,110,12,185,215,308,288,95,1104916
2018,1,11320512,창2동,2250,1134,1116,31,267,409,616,616,311,11,90,192,267,346,228,20,177,217,349,270,83,654615
2018,1,11320513,창3동,926,350,576,2,99,166,264,240,155,2,25,60,98,81,84,0,74,106,166,159,71,635079
2018,1,11320514,창4동,3752,2286,1466,7,395,597,983,1056,714,4,138,299,566,723,556,3,257,298,417,333,158,1155759
2018,1,11320515,창5동,4984,2424,2560,15,624,1227,1356,1318,444,7,185,582,666,718,266,8,439,645,690,600,178,676820
2018,1,11320521,도봉1동,3191,1958,1233,11,238,437,816,1083,606,7,101,232,483,721,414,4,137,205,333,362,192,8547209
2018,1,11320522,도봉2동,5449,2957,2492,6,393,769,1146,1208,1927,4,157,336,538,612,1310,2,236,433,608,596,617,1204332
2018,1,11320660,쌍문1동,2406,958,1448,2,384,433,609,652,326,1,80,185,218,267,207,1,304,248,391,385,119,1177010
2018,1,11320670,쌍문2동,2999,1564,1435,11,314,491,671,766,746,4,115,254,305,376,510,7,199,237,366,390,236,539384
2018,1,11320680,쌍문3동,2062,912,1150,8,443,490,509,451,161,3,118,230,212,238,111,5,325,260,297,213,50,504867
2018,1,11320681,쌍문4동,1170,462,708,1,133,298,300,295,143,0,31,114,100,121,96,1,102,184,200,174,47,543784
2018,1,11320690,방학1동,5068,2734,2334,27,561,835,1192,1478,975,13,226,409,565,833,688,14,335,426,627,645,287,1041785
2018,1,11320700,방학2동,1291,569,722,2,135,283,344,332,195,2,54,159,144,119,91,0,81,124,200,213,104,1102018
2018,1,11320710,방학3동,1818,778,1040,3,132,253,482,588,360,1,28,83,186,238,242,2,104,170,296,350,118,1856777
2018,1,11350560,월계1동,2827,1557,1270,6,315,540,691,747,528,5,99,271,366,452,364,1,216,269,325,295,164,1218934
2018,1,11350570,월계2동,2190,1104,1086,6,254,425,611,600,294,5,89,161,301,336,212,1,165,264,310,264,82,1991095
2018,1,11350580,월계3동,1670,705,965,1,148,259,480,519,263,0,39,108,169,227,162,1,109,151,311,292,101,1133881
2018,1,11350595,공릉1동,8881,4441,4440,36,994,1524,2115,2321,1891,17,403,858,1020,1101,1042,19,591,666,1095,1220,849,1217193
2018,1,11350600,공릉2동,6604,3070,3534,3,987,1406,1687,1586,935,3,257,558,729,834,689,0,730,848,958,752,246,7207339
2018,1,11350611,하계1동,7622,4149,3473,18,1206,1885,1897,1899,717,8,455,975,1068,1180,463,10,751,910,829,719,254,1467562
2018,1,11350612,하계2동,595,182,413,0,47,106,194,184,64,0,8,26,44,47,57,0,39,80,150,137,7,513857
2018,1,11350619,중계본동,2343,1114,1229,3,240,388,562,553,597,0,98,173,237,233,373,3,142,215,325,320,224,2094464
2018,1,11350621,중계1동,1498,616,882,9,208,275,420,388,198,3,72,102,148,152,139,6,136,173,272,236,59,624508
2018,1,11350624,중계4동,2116,909,1207,10,219,424,568,585,310,3,77,183,242,244,160,7,142,241,326,341,150,1540528
2018,1,11350625,중계2.3동,2800,1139,1661,6,345,576,772,765,336,4,122,262,276,273,202,2,223,314,496,492,134,912217
2018,1,11350630,상계1동,5975,3214,2761,13,460,915,1481,1422,1684,9,187,503,724,724,1067,4,273,412,757,698,617,4997346
2018,1,11350640,상계2동,4487,1702,2785,40,793,853,1102,1106,593,13,255,362,412,380,280,27,538,491,690,726,313,629194
2018,1,11350665,상계3.4동,3363,1866,1497,1,218,301,745,1055,1043,1,61,132,396,666,610,0,157,169,349,389,433,5751720
2018,1,11350670,상계5동,1653,696,957,2,148,251,419,496,337,0,66,145,163,186,136,2,82,106,256,310,201,473604
2018,1,11350695,상계6.7동,8879,3436,5443,14,1570,2223,2307,1877,888,5,326,758,911,964,472,9,1244,1465,1396,913,416,1434043
2018,1,11350700,상계8동,1184,421,763,3,123,221,364,301,172,3,29,60,75,115,139,0,94,161,289,186,33,668937
2018,1,11350710,상계9동,1288,465,823,3,113,274,408,347,143,0,29,73,112,151,100,3,84,201,296,196,43,833448
2018,1,11350720,상계10동,1000,372,628,0,105,211,271,294,119,0,18,65,91,117,81,0,87,146,180,177,38,802642
2018,1,11380510,녹번동,7370,3603,3767,19,889,1673,1975,1865,949,10,323,738,949,1028,555,9,566,935,1026,837,394,1923020
2018,1,11380520,불광1동,2649,1058,1591,6,429,775,696,489,254,3,129,320,301,172,133,3,300,455,395,317,121,2948578
2018,1,11380530,불광2동,3585,1725,1860,17,496,756,1016,848,452,5,183,405,501,419,212,12,313,351,515,429,240,1756596
2018,1,11380551,갈현1동,2152,939,1213,8,377,458,598,448,263,4,130,219,233,209,144,4,247,239,365,239,119,909869
2018,1,11380552,갈현2동,3368,1353,2015,15,419,735,853,853,493,3,117,330,324,312,267,12,302,405,529,541,226,1018512
2018,1,11380560,구산동,4180,1884,2296,10,443,742,997,1332,656,3,130,274,404,717,356,7,313,468,593,615,300,1316383
2018,1,11380570,대조동,3504,1411,2093,14,441,690,972,830,557,5,139,282,399,307,279,9,302,408,573,523,278,867572
2018,1,11380580,응암1동,3865,1700,2165,11,471,807,998,961,617,7,148,340,422,401,382,4,323,467,576,560,235,1126418
2018,1,11380590,응암2동,1008,456,552,2,119,217,241,259,170,0,29,65,96,142,124,2,90,152,145,117,46,554079
2018,1,11380600,응암3동,2961,1259,1702,13,387,628,838,705,390,7,161,274,343,276,198,6,226,354,495,429,192,933101
2018,1,11380625,역촌동,4083,1845,2238,13,466,822,1073,1018,691,3,165,364,469,456,388,10,301,458,604,562,303,1138805
2018,1,11380631,신사1동,2030,928,1102,7,279,389,515,492,348,1,87,205,239,207,189,6,192,184,276,285,159,823498
2018,1,11380632,신사2동,1811,844,967,4,156,286,415,456,494,1,45,112,189,231,266,3,111,174,226,225,228,1050676
2018,1,11380640,증산동,2358,1376,982,11,256,434,576,613,468,6,93,210,316,384,367,5,163,224,260,229,101,929526
2018,1,11380650,수색동,1299,608,691,7,218,274,311,305,184,6,46,97,152,192,115,1,172,177,159,113,69,1169504
2018,1,11380690,진관동,4492,2084,2408,53,581,790,1282,1287,499,20,173,335,549,695,312,33,408,455,733,592,187,12836383
2018,1,11410520,천연동,1404,553,851,2,160,273,372,387,210,1,47,86,150,150,119,1,113,187,222,237,91,866603
2018,1,11410555,북아현동,1234,494,740,2,138,198,326,336,234,1,44,70,131,131,117,1,94,128,195,205,117,461555
2018,1,11410565,충현동,25106,15039,10067,48,3988,8055,6801,4301,1913,16,1689,4712,4399,2886,1337,32,2299,3343,2402,1415,576,1139343
2018,1,11410585,신촌동,19891,7926,11965,65,5065,6097,4643,2944,1077,30,1417,2290,1955,1561,673,35,3648,3807,2688,1383,404,2504686
2018,1,11410615,연희동,8561,4635,3926,46,1266,2167,2071,1946,1065,25,525,1153,1084,1167,681,21,741,1014,987,779,384,2965760
2018,1,11410620,홍제1동,1719,697,1022,4,246,369,480,377,243,3,59,147,194,152,142,1,187,222,286,225,101,1492096
2018,1,11410640,홍제3동,1566,616,950,3,200,293,406,320,344,1,43,96,141,130,205,2,157,197,265,190,139,1093373
2018,1,11410655,홍제2동,1165,537,628,6,112,178,288,368,213,5,47,75,106,185,119,1,65,103,182,183,94,705399
2018,1,11410660,홍은1동,1397,550,847,3,177,310,376,330,201,1,60,110,140,113,126,2,117,200,236,217,75,1538023
2018,1,11410685,홍은2동,3478,1882,1596,3,468,732,859,889,527,1,161,352,455,536,377,2,307,380,404,353,150,2049745
2018,1,11410690,남가좌1동,1326,677,649,6,255,297,336,287,145,2,73,128,196,185,93,4,182,169,140,102,52,484765
2018,1,11410700,남가좌2동,1569,745,824,2,211,318,432,380,226,1,66,130,192,189,167,1,145,188,240,191,59,787125
2018,1,11410710,북가좌1동,1653,1034,619,8,162,263,397,468,355,4,50,126,209,341,304,4,112,137,188,127,51,562752
2018,1,11410720,북가좌2동,2600,1347,1253,5,279,427,651,741,497,1,102,213,320,407,304,4,177,214,331,334,193,806705
2018,1,11440555,아현동,22049,11817,10232,110,4098,6603,5618,4154,1466,43,1440,3788,3448,2197,901,67,2658,2815,2170,1957,565,870645
2018,1,11440565,공덕동,10839,6939,3900,27,2089,2702,3187,2011,823,13,1164,1644,2183,1470,465,14,925,1058,1004,541,358,891209
2018,1,11440585,도화동,14610,7807,6803,56,2772,3987,3560,2687,1548,21,1153,2319,1991,1255,1068,35,1619,1668,1569,1432,480,863516
2018,1,11440590,용강동,17223,9531,7692,91,2690,4479,4415,3338,2210,39,1071,2626,2678,1715,1402,52,1619,1853,1737,1623,808,910388
2018,1,11440600,대흥동,8173,4190,3983,86,2148,2282,1708,1231,718,41,794,1184,1026,724,421,45,1354,1098,682,507,297,854083
2018,1,11440610,염리동,7868,5243,2625,143,1388,2296,2027,1353,661,61,785,1624,1513,813,447,82,603,672,514,540,214,549601
2018,1,11440630,신수동,4303,2421,1882,21,649,1281,1216,762,374,12,274,726,716,446,247,9,375,555,500,316,127,914314
2018,1,11440655,서강동,9884,5479,4405,45,2033,2440,2069,1571,1726,13,838,1438,1369,950,871,32,1195,1002,700,621,855,1890596
2018,1,11440660,서교동,48400,24447,23953,407,12822,13172,10326,6756,4917,173,4945,7352,6140,3261,2576,234,7877,5820,4186,3495,2341,1641475
2018,1,11440680,합정동,10831,5757,5074,75,2402,3556,2744,1393,661,12,801,1871,1710,920,443,63,1601,1685,1034,473,218,1792621
2018,1,11440690,망원1동,3026,1643,1383,19,629,837,732,504,305,11,299,518,402,240,173,8,330,319,330,264,132,1111518
2018,1,11440700,망원2동,2633,1436,1197,7,389,673,743,503,318,4,151,399,429,251,202,3,238,274,314,252,116,1209563
2018,1,11440710,연남동,4545,2469,2076,20,1045,1444,1095,604,337,7,468,802,623,348,221,13,577,642,472,256,116,641653
2018,1,11440720,성산1동,9559,6329,3230,33,1102,1791,1899,1680,3054,17,437,1017,1195,1077,2586,16,665,774,704,603,468,855779
2018,1,11440730,성산2동,9493,4444,5049,16,659,1424,1908,2830,2656,12,232,595,931,1177,1497,4,427,829,977,1653,1159,1990923
2018,1,11440740,상암동,35360,21332,14028,87,7578,12770,9341,4015,1569,29,2802,7538,6794,2922,1247,58,4776,5232,2547,1093,322,7646126
2018,1,11470510,목1동,13958,8399,5559,77,2271,3729,3918,2778,1185,31,910,2131,2645,1934,748,46,1361,1598,1273,844,437,1572490
2018,1,11470520,목2동,2444,1238,1206,4,345,692,631,518,254,1,127,382,320,257,151,3,218,310,311,261,103,1021500
2018,1,11470530,목3동,2376,1133,1243,11,306,568,588,520,383,3,93,299,290,233,215,8,213,269,298,287,168,533074
2018,1,11470540,목4동,2051,902,1149,6,200,386,518,533,408,3,70,171,198,220,240,3,130,215,320,313,168,578170
2018,1,11470550,목5동,6272,2197,4075,17,1130,1619,1558,1178,770,6,216,482,511,504,478,11,914,1137,1047,674,292,2055129
2018,1,11470560,신월1동,2612,1539,1073,13,193,436,701,821,448,11,72,245,404,512,295,2,121,191,297,309,153,625887
2018,1,11470570,신월2동,2170,1056,1114,2,181,395,607,639,346,0,68,171,254,337,226,2,113,224,353,302,120,608140
2018,1,11470580,신월3동,2593,1429,1164,3,225,452,646,823,444,3,86,217,301,471,351,0,139,235,345,352,93,932122
2018,1,11470590,신월4동,1959,1124,835,4,177,336,450,577,415,3,72,185,219,331,314,1,105,151,231,246,101,470224
2018,1,11470600,신월5동,2663,1579,1084,4,205,363,540,582,969,4,61,136,204,292,882,0,144,227,336,290,87,523363
2018,1,11470610,신월6동,1216,627,589,1,138,189,309,357,222,0,59,90,124,192,162,1,79,99,185,165,60,437027
2018,1,11470611,신월7동,3598,2382,1216,4,330,560,903,1064,737,2,211,362,531,691,585,2,119,198,372,373,152,1403954
2018,1,11470620,신정1동,2682,1231,1451,4,263,592,733,657,433,1,86,283,330,288,243,3,177,309,403,369,190,722680
2018,1,11470630,신정2동,1846,753,1093,6,225,324,538,477,276,1,56,146,209,169,172,5,169,178,329,308,104,594999
2018,1,11470640,신정3동,5916,3148,2768,4,587,1111,1500,1619,1095,1,179,486,725,904,853,3,408,625,775,715,242,2650845
2018,1,11470650,신정4동,7592,3637,3955,23,914,1575,1944,1645,1491,15,279,764,927,730,922,8,635,811,1017,915,569,996406
2018,1,11470670,신정6동,5656,2990,2666,29,735,1413,1453,1514,512,25,351,662,693,949,310,4,384,751,760,565,202,972556
2018,1,11470680,신정7동,1929,822,1107,0,218,361,582,514,254,0,66,163,219,213,161,0,152,198,363,301,93,1144112
2018,1,11500510,염창동,12131,7231,4900,85,1956,3386,3212,2248,1244,47,785,2019,2067,1388,925,38,1171,1367,1145,860,319,1957926
2018,1,11500520,등촌1동,30158,12330,17828,311,3881,7227,10137,7490,1112,192,2153,4633,3343,1328,681,119,1728,2594,6794,6162,431,649434
2018,1,11500530,등촌2동,2306,1215,1091,9,275,506,585,588,343,3,87,232,295,351,247,6,188,274,290,237,96,908847
2018,1,11500535,등촌3동,19561,9679,9882,115,3573,3644,4042,5325,2862,91,1515,2161,2261,2065,1586,24,2058,1483,1781,3260,1276,1049363
2018,1,11500540,화곡1동,4740,2157,2583,19,605,1021,1232,1175,688,8,227,508,563,477,374,11,378,513,669,698,314,1194778
2018,1,11500550,화곡2동,1533,749,784,2,219,406,454,337,115,0,103,217,208,143,78,2,116,189,246,194,37,456061
2018,1,11500560,화곡3동,2498,1129,1369,9,287,453,604,776,369,1,99,265,303,265,196,8,188,188,301,511,173,515596
2018,1,11500570,화곡4동,1924,879,1045,8,229,409,534,494,250,3,85,196,219,229,147,5,144,213,315,265,103,853460
2018,1,11500590,화곡본동,2382,918,1464,8,295,541,657,523,358,4,64,228,266,190,166,4,231,313,391,333,192,1007050
2018,1,11500591,화곡6동,9896,5902,3994,24,1171,2292,2502,2531,1376,11,525,1279,1550,1632,905,13,646,1013,952,899,471,1034624
2018,1,11500593,화곡8동,1665,585,1080,3,199,320,408,454,281,0,64,160,145,96,120,3,135,160,263,358,161,567208
2018,1,11500603,가양1동,14772,9352,5420,95,2331,3933,3956,2873,1584,32,1198,2489,2569,1906,1158,63,1133,1444,1387,967,426,5908521
2018,1,11500604,가양2동,2262,1162,1100,9,339,486,462,409,557,5,121,233,226,158,419,4,218,253,236,251,138,996881
2018,1,11500605,가양3동,5661,3353,2308,83,1196,1571,1524,893,394,48,648,983,920,504,250,35,548,588,604,389,144,691403
2018,1,11500611,발산1동,7250,3853,3397,19,757,1604,1965,1910,995,8,241,805,997,1070,732,11,516,799,968,840,263,3032326
2018,1,11500615,우장산동,4332,1924,2408,74,738,879,1113,915,613,35,252,432,494,387,324,39,486,447,619,528,289,1268459
2018,1,11500620,공항동,42377,25001,17376,69,7983,13094,12411,7265,1555,37,2429,6199,8649,6368,1319,32,5554,6895,3762,897,236,11377979
2018,1,11500630,방화1동,8014,5148,2866,14,898,1983,2158,2152,809,9,466,1354,1416,1421,482,5,432,629,742,731,327,1125789
2018,1,11500640,방화2동,4789,2835,1954,38,787,903,1074,1254,733,21,302,528,613,838,533,17,485,375,461,416,200,5564098
2018,1,11500641,방화3동,3274,1743,1531,8,256,569,796,894,751,4,70,220,436,570,443,4,186,349,360,324,308,1964100
2018,1,11530510,신도림동,8982,5058,3924,35,1489,2418,2412,1749,879,20,643,1336,1340,1071,648,15,846,1082,1072,678,231,1312211
2018,1,11530520,구로1동,2368,1063,1305,13,225,519,549,410,652,0,115,298,265,198,187,13,110,221,284,212,465,1004193
2018,1,11530530,구로2동,27113,14673,12440,77,4116,8091,6940,5323,2566,37,1557,3948,3887,3407,1837,40,2559,4143,3053,1916,729,1807452
2018,1,11530540,구로3동,79677,48541,31136,572,18117,27183,18931,9753,5121,332,8355,18191,12765,5488,3410,240,9762,8992,6166,4265,1711,1033159
2018,1,11530550,구로4동,2718,1212,1506,4,358,554,783,591,428,4,110,233,339,254,272,0,248,321,444,337,156,538215
2018,1,11530560,구로5동,22016,12656,9360,108,4260,6308,4933,3898,2509,57,1943,3744,3205,2238,1469,51,2317,2564,1728,1660,1040,1075552
2018,1,11530595,가리봉동,1478,575,903,1,195,259,365,391,267,0,77,131,145,117,105,1,118,128,220,274,162,415751
2018,1,11530720,고척1동,6120,3585,2535,14,687,1143,1516,1528,1232,4,307,639,852,901,882,10,380,504,664,627,350,1100132
2018,1,11530730,고척2동,1927,838,1089,1,212,369,580,526,239,0,86,163,205,237,147,1,126,206,375,289,92,1013917
2018,1,11530740,개봉1동,3011,1375,1636,3,359,536,809,834,470,1,124,267,348,363,272,2,235,269,461,471,198,1168155
2018,1,11530750,개봉2동,1500,589,911,4,205,285,450,334,222,0,50,113,169,133,124,4,155,172,281,201,98,825368
2018,1,11530760,개봉3동,4732,2314,2418,2,155,320,533,787,2935,2,58,124,188,305,1637,0,97,196,345,482,1298,831642
2018,1,11530770,오류1동,2771,1291,1480,17,340,496,698,680,540,5,111,248,294,274,359,12,229,248,404,406,181,707130
2018,1,11530780,오류2동,4270,2194,2076,7,497,963,1078,1098,627,4,162,501,515,560,452,3,335,462,563,538,175,4314692
2018,1,11530790,수궁동,4187,2591,1596,4,448,919,1074,1110,632,2,220,527,632,708,502,2,228,392,442,402,130,2684146
2018,1,11545510,가산동,135447,84750,50697,2609,31661,41591,32662,17504,9420,1224,15266,27813,22567,10974,6906,1385,16395,13778,10095,6530,2514,2245346
2018,1,11545610,독산1동,16915,10904,6011,78,2150,3901,4502,4139,2145,47,1249,2688,2848,2547,1525,31,901,1213,1654,1592,620,1956086
2018,1,11545620,독산2동,1604,717,887,1,181,283,425,414,300,1,58,108,176,189,185,0,123,175,249,225,115,596742
2018,1,11545630,독산3동,4823,2888,1935,6,439,731,922,1065,1660,1,167,316,426,536,1442,5,272,415,496,529,218,982894
2018,1,11545640,독산4동,1824,976,848,5,271,352,528,431,237,2,128,192,280,230,144,3,143,160,248,201,93,605029
2018,1,11545670,시흥1동,9425,4305,5120,52,1533,2266,2090,2069,1415,22,664,1057,893,980,689,30,869,1209,1197,1089,726,1437595
2018,1,11545680,시흥2동,1304,391,913,5,155,303,354,343,144,0,30,71,106,103,81,5,125,232,248,240,63,1170211
2018,1,11545690,시흥3동,8803,5431,3372,41,704,1599,2834,2498,1127,17,379,996,1632,1529,878,24,325,603,1202,969,249,1328458
2018,1,11545700,시흥4동,926,319,607,1,97,164,303,260,101,1,35,56,79,94,54,0,62,108,224,166,47,873884
2018,1,11545710,시흥5동,1863,931,932,2,144,270,523,609,315,1,33,116,266,334,181,1,111,154,257,275,134,1368598
2018,1,11560515,영등포본동,2607,1197,1410,39,413,569,668,571,347,17,156,266,278,259,221,22,257,303,390,312,126,843586
2018,1,11560535,영등포동,23150,13776,9374,122,3643,5893,5610,4536,3346,38,1475,3500,3654,2876,2233,84,2168,2393,1956,1660,1113,1390482
2018,1,11560540,여의동,270230,181631,88599,686,49211,102452,73305,34555,10021,206,22877,69664,56481,26342,6061,480,26334,32788,16824,8213,3960,6703511
2018,1,11560550,당산1동,16475,8876,7599,82,2657,3985,3726,3422,2603,37,1001,2122,2085,2004,1627,45,1656,1863,1641,1418,976,746447
2018,1,11560560,당산2동,30233,16335,13898,255,6244,7153,6896,5196,4489,120,2368,3990,3822,3045,2990,135,3876,3163,3074,2151,1499,1526636
2018,1,11560585,도림동,2156,1331,825,10,225,420,556,478,467,7,101,257,362,281,323,3,124,163,194,197,144,539427
2018,1,11560605,문래동,44694,27231,17463,209,9222,12702,11096,6749,4716,91,4517,7889,6707,4345,3682,118,4705,4813,4389,2404,1034,1738475
2018,1,11560610,양평1동,19038,10414,8624,156,4216,4486,4064,3625,2491,84,1928,2794,2309,1724,1575,72,2288,1692,1755,1901,916,869573
2018,1,11560620,양평2동,29817,15530,14287,175,5696,10283,8487,3786,1390,91,2349,5527,4332,2180,1051,84,3347,4756,4155,1606,339,2573400
2018,1,11560630,신길1동,4132,2077,2055,7,531,655,826,1051,1062,1,147,309,431,527,662,6,384,346,395,524,400,762886
2018,1,11560650,신길3동,1616,725,891,7,166,295,418,401,329,4,50,128,187,183,173,3,116,167,231,218,156,510335
2018,1,11560660,신길4동,1127,546,581,0,138,317,318,227,127,0,38,157,173,110,68,0,100,160,145,117,59,298738
2018,1,11560670,신길5동,1175,554,621,2,118,276,293,299,187,1,45,115,123,151,119,1,73,161,170,148,68,498387
2018,1,11560680,신길6동,2693,1277,1416,12,355,570,688,591,477,3,117,283,309,265,300,9,238,287,379,326,177,676005
2018,1,11560690,신길7동,2996,1835,1161,12,479,664,732,771,338,7,294,459,471,386,218,5,185,205,261,385,120,599547
2018,1,11560700,대림1동,2583,943,1640,2,668,638,587,457,231,1,120,250,239,207,126,1,548,388,348,250,105,493503
2018,1,11560710,대림2동,2361,1063,1298,6,251,537,757,473,337,1,71,252,263,237,239,5,180,285,494,236,98,574495
2018,1,11560720,대림3동,8006,4664,3342,29,977,1710,2109,1909,1272,17,498,1088,1338,1037,686,12,479,622,771,872,586,933892
2018,1,11590510,노량진1동,4145,2286,1859,12,513,956,1108,1015,541,3,201,549,693,555,285,9,312,407,415,460,256,1876800
2018,1,11590520,노량진2동,6595,3638,2957,23,801,1473,1459,1642,1197,10,418,709,775,955,771,13,383,764,684,687,426,619921
2018,1,11590530,상도1동,4812,2364,2448,15,674,1135,1305,1055,628,3,242,520,666,560,373,12,432,615,639,495,255,1492421
2018,1,11590540,상도2동,2785,1202,1583,4,344,560,777,702,398,2,112,228,362,310,188,2,232,332,415,392,210,771971
2018,1,11590550,상도3동,1351,531,820,8,168,304,347,354,170,4,55,132,138,121,81,4,113,172,209,233,89,662403
2018,1,11590560,상도4동,1727,645,1082,8,262,343,487,395,232,1,78,134,183,134,115,7,184,209,304,261,117,947172
2018,1,11590605,흑석동,5794,2624,3170,8,1151,1558,1457,1131,489,4,316,598,711,646,349,4,835,960,746,485,140,2062251
2018,1,11590620,사당1동,5223,2752,2471,26,1088,1254,1358,937,560,8,392,681,816,489,366,18,696,573,542,448,194,630335
2018,1,11590630,사당2동,3719,1423,2296,18,483,728,919,1079,492,9,149,338,367,316,244,9,334,390,552,763,248,3064442
2018,1,11590640,사당3동,2762,1395,1367,16,322,460,586,598,780,5,111,222,277,304,476,11,211,238,309,294,304,898029
2018,1,11590650,사당4동,1041,472,569,2,124,190,266,249,210,0,31,71,110,113,147,2,93,119,156,136,63,431219
2018,1,11590651,사당5동,975,460,515,5,174,223,262,236,75,2,82,93,116,109,58,3,92,130,146,127,17,658780
2018,1,11590660,대방동,9928,5657,4271,61,1403,2780,2414,1962,1308,13,623,1713,1430,1075,803,48,780,1067,984,887,505,1591876
2018,1,11590670,신대방1동,3024,1937,1087,19,497,785,862,545,316,15,297,542,553,309,221,4,200,243,309,236,95,685547
2018,1,11590680,신대방2동,29620,16558,13062,136,5093,7191,6995,6507,3698,72,2944,4549,3864,3220,1909,64,2149,2642,3131,3287,1789,1024271
2018,1,11620525,보라매동,5467,2340,3127,16,822,1589,1870,789,381,2,292,588,789,429,240,14,530,1001,1081,360,141,758003
2018,1,11620545,청림동,688,258,430,2,116,158,176,119,117,1,23,49,64,40,81,1,93,109,112,79,36,305629
2018,1,11620565,성현동,1740,796,944,12,216,366,502,375,269,10,96,180,193,168,149,2,120,186,309,207,120,695625
2018,1,11620575,행운동,3791,1950,1841,30,700,896,858,731,576,18,277,479,450,350,376,12,423,417,408,381,200,739229
2018,1,11620585,낙성대동,11541,6217,5324,21,1763,3533,2733,2272,1219,12,695,1625,1518,1408,959,9,1068,1908,1215,864,260,2341406
2018,1,11620595,청룡동,7760,4301,3459,12,1017,1891,1948,1848,1044,6,424,1004,1030,1158,679,6,593,887,918,690,365,1186204
2018,1,11620605,은천동,3583,1595,1988,11,442,644,832,950,704,6,132,305,358,401,393,5,310,339,474,549,311,738181
2018,1,11620615,중앙동,2008,964,1044,16,297,449,549,390,307,15,91,199,287,199,173,1,206,250,262,191,134,385136
2018,1,11620625,인헌동,2476,1192,1284,4,365,585,616,510,396,1,111,305,284,235,256,3,254,280,332,275,140,709688
2018,1,11620630,남현동,3954,2142,1812,21,822,915,1018,782,396,9,369,527,576,380,281,12,453,388,442,402,115,4218667
2018,1,11620645,서원동,3927,1769,2158,29,782,772,763,778,803,10,260,343,362,332,462,19,522,429,401,446,341,642690
2018,1,11620655,신원동,1036,383,653,2,110,192,241,288,203,1,26,63,100,100,93,1,84,129,141,188,110,549115
2018,1,11620665,서림동,1594,890,704,4,128,265,374,467,356,3,46,149,190,254,248,1,82,116,184,213,108,981577
2018,1,11620685,신사동,2050,978,1072,4,288,428,522,519,289,3,94,223,260,240,158,1,194,205,262,279,131,609167
2018,1,11620695,신림동,2575,1235,1340,10,475,530,623,552,385,6,180,281,312,232,224,4,295,249,311,320,161,507666
2018,1,11620715,난향동,1381,513,868,1,114,170,277,386,433,0,16,48,97,112,240,1,98,122,180,274,193,786985
2018,1,11620725,조원동,3928,2367,1561,11,492,895,1045,965,520,4,261,591,623,548,340,7,231,304,422,417,180,652569
2018,1,11620735,대학동,2240,1245,995,5,277,470,597,596,295,2,103,245,326,364,205,3,174,225,271,232,90,8107585
2018,1,11620745,삼성동,1082,455,627,4,146,210,260,281,181,4,35,80,100,122,114,0,111,130,160,159,67,2591742
2018,1,11620765,미성동,3105,1526,1579,2,300,541,772,850,640,0,103,234,362,425,402,2,197,307,410,425,238,1355300
2018,1,11620775,난곡동,1127,445,682,3,158,262,316,272,116,0,30,101,117,130,67,3,128,161,199,142,49,982294
2018,1,11650510,서초1동,39227,20923,18304,278,9862,11345,9056,5925,2761,134,4080,6832,5350,2755,1772,144,5782,4513,3706,3170,989,1383210
2018,1,11650520,서초2동,59367,35845,23522,382,11144,19066,16058,8148,4569,67,4726,11340,10850,5658,3204,315,6418,7726,5208,2490,1365,1229759
2018,1,11650530,서초3동,75447,43301,32146,325,14068,22691,20218,11732,6413,126,5355,12645,12836,7636,4703,199,8713,10046,7382,4096,1710,3027494
2018,1,11650531,서초4동,25288,12654,12634,104,6906,8569,5421,2589,1699,28,2064,4562,3324,1569,1107,76,4842,4007,2097,1020,592,882770
2018,1,11650540,잠원동,20275,12386,7889,93,4095,6663,5135,2535,1754,35,1538,4204,3649,1715,1245,58,2557,2459,1486,820,509,1840832
2018,1,11650550,반포본동,1499,807,692,5,181,318,399,355,241,2,69,150,198,235,153,3,112,168,201,120,88,1491264
2018,1,11650560,반포1동,7788,4422,3366,29,1747,2622,1731,1026,633,7,731,1569,1115,580,420,22,1016,1053,616,446,213,1000549
2018,1,11650570,반포2동,2135,1085,1050,23,404,549,567,378,214,7,131,268,305,221,153,16,273,281,262,157,61,1258050
2018,1,11650580,반포3동,8393,3796,4597,66,1566,2183,1802,1528,1248,28,740,1063,901,521,543,38,826,1120,901,1007,705,1325140
2018,1,11650581,반포4동,31591,12843,18748,123,8057,9443,7195,4277,2496,42,1900,3791,3488,2222,1400,81,6157,5652,3707,2055,1096,1416005
2018,1,11650590,방배본동,7470,4655,2815,35,1292,2185,1718,1160,1080,21,598,1536,1137,679,684,14,694,649,581,481,396,660469
2018,1,11650600,방배1동,10942,5130,5812,54,2267,2991,2801,1764,1065,19,702,1491,1366,818,734,35,1565,1500,1435,946,331,691215
2018,1,11650610,방배2동,13576,7121,6455,38,1637,2850,3349,3534,2168,18,733,1771,1966,1546,1087,20,904,1079,1383,1988,1081,1901725
2018,1,11650620,방배3동,9592,5746,3846,54,1726,2524,2053,1648,1587,15,711,1474,1353,1001,1192,39,1015,1050,700,647,395,2411856
2018,1,11650621,방배4동,12136,6637,5499,71,2195,3163,3140,2170,1397,30,862,1821,1730,1170,1024,41,1333,1342,1410,1000,373,954529
2018,1,11650651,양재1동,34637,20643,13994,191,6420,9234,7922,6062,4808,94,2660,5666,5172,3885,3166,97,3760,3568,2750,2177,1642,5711370
2018,1,11650652,양재2동,123540,101540,22000,561,14746,28237,36473,38818,4705,218,9925,22772,30505,34723,3397,343,4821,5465,5968,4095,1308,7516954
2018,1,11650660,내곡동,6238,4043,2195,11,819,1652,1626,1463,667,3,359,1025,1121,1051,484,8,460,627,505,412,183,13190710
2018,1,11680510,신사동,23650,10957,12693,159,7170,7424,4683,2520,1694,51,2148,3682,2637,1350,1089,108,5022,3742,2046,1170,605,1736994
2018,1,11680521,논현1동,43420,22702,20718,227,11942,13979,9295,4883,3094,56,3981,7716,5978,2859,2112,171,7961,6263,3317,2024,982,1254345
2018,1,11680531,논현2동,64762,35044,29718,320,15069,20517,14543,7933,6380,101,5173,11238,9227,5009,4296,219,9896,9279,5316,2924,2084,1445565
2018,1,11680545,압구정동,33855,14670,19185,317,11140,10772,5959,3272,2395,113,3545,5010,3173,1593,1236,204,7595,5762,2786,1679,1159,2520945
2018,1,11680565,청담동,44520,21559,22961,360,12536,15021,9445,4282,2876,83,3921,7548,5632,2513,1862,277,8615,7473,3813,1769,1014,2384707
2018,1,11680580,삼성1동,94808,54928,39880,625,22893,31534,21296,11889,6571,267,9786,19105,14577,7055,4138,358,13107,12429,6719,4834,2433,1926134
2018,1,11680590,삼성2동,57495,27017,30478,319,16473,16766,12027,8255,3655,135,6040,9265,6087,3342,2148,184,10433,7501,5940,4913,1507,1247821
2018,1,11680600,대치1동,3601,1505,2096,30,658,929,904,628,452,8,173,358,396,282,288,22,485,571,508,346,164,795761
2018,1,11680610,대치2동,64830,39328,25502,345,13071,20206,15981,9611,5616,117,5542,13085,11180,5904,3500,228,7529,7121,4801,3707,2116,2043875
2018,1,11680630,대치4동,27920,16180,11740,212,5663,9813,7345,3344,1543,44,2340,5799,4750,2201,1046,168,3323,4014,2595,1143,497,717795
2018,1,11680640,역삼1동,187180,106797,80383,1379,42434,59523,44398,25838,13608,624,17143,35867,30276,14883,8004,755,25291,23656,14122,10955,5604,2360116
2018,1,11680650,역삼2동,47451,25860,21591,305,11950,13613,10930,6852,3801,110,4611,7716,6846,4138,2439,195,7339,5897,4084,2714,1362,1127531
2018,1,11680655,도곡1동,22860,8371,14489,260,4653,5492,7547,3766,1142,117,1944,2576,1926,1059,749,143,2709,2916,5621,2707,393,1022697
2018,1,11680656,도곡2동,19028,10645,8383,72,3485,5708,4244,2660,2859,31,1287,3253,2848,1706,1520,41,2198,2455,1396,954,1339,1025651
2018,1,11680660,개포1동,1535,983,552,4,123,268,287,430,423,1,50,145,164,287,336,3,73,123,123,143,87,973078
2018,1,11680670,개포2동,2713,1429,1284,11,275,464,678,814,471,6,104,199,362,445,313,5,171,265,316,369,158,2371826
2018,1,11680690,개포4동,9704,5856,3848,33,1263,2252,2514,2108,1534,20,566,1449,1536,1200,1085,13,697,803,978,908,449,1561449
2018,1,11680700,세곡동,4374,2090,2284,17,610,922,1121,1018,686,12,166,388,480,532,512,5,444,534,641,486,174,5894759
2018,1,11680720,일원본동,7384,1891,5493,3,2176,2868,1449,704,184,0,301,699,445,308,138,3,1875,2169,1004,396,46,2381558
2018,1,11680730,일원1동,3643,1777,1866,11,407,666,905,939,715,8,206,360,437,397,369,3,201,306,468,542,346,947888
2018,1,11680740,일원2동,13520,10586,2934,107,3968,4083,2558,1961,843,77,3212,3526,1996,1288,487,30,756,557,562,673,356,1043911
2018,1,11680750,수서동,12287,7253,5034,37,1661,3165,2992,2627,1805,19,742,2005,1799,1409,1279,18,919,1160,1193,1218,526,1648393
2018,1,11710510,풍납1동,1406,611,795,5,128,292,376,368,237,1,35,129,142,162,142,4,93,163,234,206,95,1057487
2018,1,11710520,풍납2동,13371,4412,8959,16,3325,4540,3309,1559,622,5,604,1289,1214,833,467,11,2721,3251,2095,726,155,1999222
2018,1,11710531,거여1동,3154,1825,1329,7,258,579,698,740,872,3,133,376,432,361,520,4,125,203,266,379,352,512307
2018,1,11710532,거여2동,2223,847,1376,8,260,385,609,618,343,3,88,189,232,183,152,5,172,196,377,435,191,510046
2018,1,11710540,마천1동,1023,485,538,1,112,187,291,254,178,1,32,83,111,138,120,0,80,104,180,116,58,504704
2018,1,11710550,마천2동,3293,1903,1390,8,346,635,831,923,550,8,151,384,456,521,383,0,195,251,375,402,167,936181
2018,1,11710561,방이1동,6303,3913,2390,30,810,1369,1397,1182,1515,17,337,768,831,709,1251,13,473,601,566,473,264,581968
2018,1,11710562,방이2동,13985,8575,5410,65,2238,3938,3391,2653,1700,39,1153,2550,2208,1489,1136,26,1085,1388,1183,1164,564,763928
2018,1,11710566,오륜동,3268,1939,1329,2,433,913,835,841,244,1,193,522,503,530,190,1,240,391,332,311,54,3150411
2018,1,11710570,오금동,12843,7469,5374,32,1237,2376,2585,2579,4034,12,559,1449,1549,1373,2527,20,678,927,1036,1206,1507,1691111
2018,1,11710580,송파1동,6952,3986,2966,17,1021,1561,1634,1468,1251,10,484,948,946,789,809,7,537,613,688,679,442,683881
2018,1,11710590,송파2동,5158,2371,2787,25,1215,1388,1157,991,382,10,408,704,641,381,227,15,807,684,516,610,155,636016
2018,1,11710600,석촌동,9252,4734,4518,81,1795,2073,2161,1777,1365,36,598,1109,1238,911,842,45,1197,964,923,866,523,943819
2018,1,11710610,삼전동,7884,4878,3006,21,958,1562,1614,1680,2049,5,418,958,939,907,1651,16,540,604,675,773,398,992437
2018,1,11710620,가락본동,25324,14747,10577,81,4063,6505,6410,5391,2874,31,1794,3875,4074,3144,1829,50,2269,2630,2336,2247,1045,1024764
2018,1,11710631,가락1동,10430,7383,3047,14,665,1904,3009,3017,1821,6,467,1539,2189,1911,1271,8,198,365,820,1106,550,1357317
2018,1,11710632,가락2동,7456,3955,3501,47,1146,1776,1950,1548,989,13,498,999,988,758,699,34,648,777,962,790,290,934057
2018,1,11710641,문정1동,6470,4134,2336,12,619,1092,1327,1169,2251,8,301,687,781,655,1702,4,318,405,546,514,549,604321
2018,1,11710642,문정2동,39697,25701,13996,234,7374,12043,10018,6228,3800,101,3658,8149,6841,4000,2952,133,3716,3894,3177,2228,848,2387651
2018,1,11710646,장지동,8760,5610,3150,14,820,1401,2129,2457,1939,6,380,842,1323,1674,1385,8,440,559,806,783,554,1295680
2018,1,11710647,위례동,2036,1247,789,7,175,399,599,702,154,2,52,190,359,528,116,5,123,209,240,174,38,2626871
2018,1,11710650,잠실본동,14111,7960,6151,98,2397,3274,3365,2809,2168,48,950,1869,1978,1667,1448,50,1447,1405,1387,1142,720,1136161
2018,1,11710670,잠실2동,3361,1888,1473,11,630,891,920,668,241,9,351,478,510,359,181,2,279,413,410,309,60,2886358
2018,1,11710680,잠실3동,5109,2271,2838,224,1653,979,1041,893,319,64,657,456,453,496,145,160,996,523,588,397,174,1506573
2018,1,11710690,잠실4동,1036,401,635,1,125,206,320,224,160,0,31,60,92,97,121,1,94,146,228,127,39,838370
2018,1,11710710,잠실6동,80225,44652,35573,384,15190,25816,23158,13458,2219,162,7727,17323,13128,4869,1443,222,7463,8493,10030,8589,776,1403041
2018,1,11710720,잠실7동,664,311,353,0,50,152,172,185,105,0,13,63,78,86,71,0,37,89,94,99,34,675008
2018,1,11740515,강일동,13351,10434,2917,10,1892,5272,3173,2170,834,6,1248,4235,2481,1765,699,4,644,1037,692,405,135,3722759
2018,1,11740520,상일동,3479,1385,2094,5,565,951,764,760,434,0,120,331,336,396,202,5,445,620,428,364,232,1801282
2018,1,11740530,명일1동,3207,1266,1941,2,394,495,738,811,767,1,123,218,288,258,378,1,271,277,450,553,389,630284
2018,1,11740540,명일2동,2376,1093,1283,12,313,485,598,640,328,3,110,223,256,304,197,9,203,262,342,336,131,920946
2018,1,11740550,고덕1동,1440,570,870,4,170,320,406,356,184,1,52,136,161,128,92,3,118,184,245,228,92,1906565
2018,1,11740560,고덕2동,1370,618,752,1,128,249,339,433,220,1,59,116,138,195,109,0,69,133,201,238,111,2408099
2018,1,11740570,암사1동,2415,1133,1282,9,249,504,603,627,423,4,85,255,270,285,234,5,164,249,333,342,189,738366
2018,1,11740580,암사2동,2958,1292,1666,13,363,551,750,811,470,5,150,259,294,282,302,8,213,292,456,529,168,2337773
2018,1,11740590,암사3동,1238,530,708,4,158,305,339,325,107,1,38,130,131,156,74,3,120,175,208,169,33,1843902
2018,1,11740600,천호1동,2902,1354,1548,16,313,595,681,708,589,11,109,285,301,313,335,5,204,310,380,395,254,669571
2018,1,11740610,천호2동,7646,3770,3876,36,1261,1754,1932,1536,1127,16,485,913,970,685,701,20,776,841,962,851,426,1828343
2018,1,11740620,천호3동,3425,1740,1685,16,421,676,848,790,674,5,137,346,458,387,407,11,284,330,390,403,267,569450
2018,1,11740640,성내1동,19044,10442,8602,48,2304,4376,4842,4616,2858,33,1054,2499,2536,2461,1859,15,1250,1877,2306,2155,999,658437
2018,1,11740650,성내2동,3611,1838,1773,23,573,808,794,812,601,5,220,415,409,386,403,18,353,393,385,426,198,624632
2018,1,11740660,성내3동,5966,3270,2696,18,810,1537,1437,1242,922,9,371,888,807,644,551,9,439,649,630,598,371,641973
2018,1,11740685,길동,9964,4875,5089,26,1548,2378,2375,2128,1509,15,536,1199,1238,944,943,11,1012,1179,1137,1184,566,1590598
2018,1,11740690,둔촌1동,783,442,341,4,57,119,174,199,230,2,25,53,70,96,196,2,32,66,104,103,34,897261
2018,1,11740700,둔촌2동,6654,3272,3382,8,1266,1880,1548,1301,651,3,420,919,775,710,445,5,846,961,773,591,206,1592001
2018,2,11110515,청운효자동,7185,4643,2542,6,1321,2318,1623,1502,415,2,806,1516,1038,1031,250,4,515,802,585,471,165,2429899
2018,2,11110530,사직동,65451,37560,27891,86,9585,19432,18258,11840,6250,35,3404,10488,12016,7945,3672,51,6181,8944,6242,3895,2578,1161995
2018,2,11110540,삼청동,3952,2063,1889,16,651,1168,1067,783,267,10,198,603,656,454,142,6,453,565,411,329,125,1391632
2018,2,11110550,부암동,3183,1640,1543,5,594,822,838,606,318,3,178,423,515,339,182,2,416,399,323,267,136,2221363
2018,2,11110560,평창동,2593,1221,1372,3,330,572,579,608,501,2,104,270,295,261,289,1,226,302,284,347,212,8346900
2018,2,11110570,무악동,800,220,580,0,164,192,191,159,94,0,23,47,54,40,56,0,141,145,137,119,38,453220
2018,2,11110580,교남동,4060,1433,2627,2,1163,1307,804,533,251,0,237,383,348,283,182,2,926,924,456,250,69,355267
2018,2,11110600,가회동,22112,18556,3556,24,2718,8366,5996,4209,799,11,1692,7025,5315,3860,653,13,1026,1341,681,349,146,565302
2018,2,11110615,종로1.2.3.4가동,150984,88861,62123,1606,28405,45435,40725,25850,8963,738,11892,25194,26670,18391,5976,868,16513,20241,14055,7459,2987,2430999
2018,2,11110630,종로5.6가동,18196,11125,7071,277,3102,5114,4766,3386,1551,87,1400,3202,3096,2290,1050,190,1702,1912,1670,1096,501,599631
2018,2,11110640,이화동,16933,6265,10668,29,4026,5886,3635,2428,929,12,1011,1869,1572,1220,581,17,3015,4017,2063,1208,348,747067
2018,2,11110650,혜화동,4990,2621,2369,11,828,1243,1211,1036,661,3,305,581,679,601,452,8,523,662,532,435,209,1161303
2018,2,11110670,창신1동,2893,1267,1626,10,415,717,797,543,411,3,138,322,326,229,249,7,277,395,471,314,162,297271
2018,2,11110680,창신2동,633,250,383,0,71,102,152,195,113,0,22,46,71,69,42,0,49,56,81,126,71,257188
2018,2,11110690,창신3동,437,219,218,2,36,93,104,127,75,0,13,33,53,64,56,2,23,60,51,63,19,216230
2018,2,11110700,숭인1동,580,287,293,0,72,126,163,140,79,0,23,60,77,73,54,0,49,66,86,67,25,236777
2018,2,11110710,숭인2동,2752,1391,1361,7,332,561,677,631,544,4,124,310,349,306,298,3,208,251,328,325,246,359384
2018,2,11140520,소공동,134759,75434,59325,353,30578,44744,35845,19513,3726,97,10698,22924,23630,15286,2799,256,19880,21820,12215,4227,927,918284
2018,2,11140540,회현동,74263,43633,30630,245,12317,26754,22481,9956,2510,74,5641,15380,14016,6739,1783,171,6676,11374,8465,3217,727,909465
2018,2,11140550,명동,149921,80299,69622,401,28928,50948,39009,22202,8433,119,11241,24826,23544,15397,5172,282,17687,26122,15465,6805,3261,993909
2018,2,11140570,필동,24448,12636,11812,67,3845,6225,6549,5097,2665,20,1392,3386,3699,2491,1648,47,2453,2839,2850,2606,1017,1458582
2018,2,11140580,장충동,10085,5746,4339,26,2561,3234,2355,1285,624,12,956,1777,1634,925,442,14,1605,1457,721,360,182,1013897
2018,2,11140590,광희동,39023,20251,18772,103,6738,10736,9663,8053,3730,20,3088,6352,5564,3399,1828,83,3650,4384,4099,4654,1902,745387
2018,2,11140605,을지로동,29116,16531,12585,499,6966,6875,6543,5086,3147,205,2934,3846,4138,3231,2177,294,4032,3029,2405,1855,970,612013
2018,2,11140615,신당동,13987,7475,6512,10,2784,4784,3290,2035,1084,6,1409,2490,1812,1130,628,4,1375,2294,1478,905,456,536647
2018,2,11140625,다산동,8113,3856,4257,42,2209,2124,1577,1324,837,18,835,1056,870,626,451,24,1374,1068,707,698,386,532721
2018,2,11140635,약수동,2879,1338,1541,9,500,731,683,543,413,1,173,351,330,243,240,8,327,380,353,300,173,509395
2018,2,11140645,청구동,2899,1750,1149,4,550,921,706,447,271,3,262,624,447,249,165,1,288,297,259,198,106,345114
2018,2,11140650,신당5동,1874,826,1048,2,243,456,439,441,293,1,86,190,214,190,145,1,157,266,225,251,148,310367
2018,2,11140665,동화동,2706,1245,1461,6,677,678,581,511,253,2,228,351,307,218,139,4,449,327,274,293,114,330049
2018,2,11140670,황학동,3219,1915,1304,5,580,816,764,644,410,2,266,513,502,377,255,3,314,303,262,267,155,327694
2018,2,11140680,중림동,7565,3964,3601,9,1374,2144,1887,1366,785,3,501,992,1090,868,510,6,873,1152,797,498,275,487576
2018,2,11170510,후암동,3325,1664,1661,6,471,762,804,883,399,2,139,397,482,416,228,4,332,365,322,467,171,868399
2018,2,11170520,용산2가동,3101,1648,1453,6,242,500,1147,940,266,2,122,263,563,549,149,4,120,237,584,391,117,2047347
2018,2,11170530,남영동,32591,15331,17260,569,13064,8716,5516,3058,1668,194,3664,5111,3638,1778,946,375,9400,3605,1878,1280,722,735947
2018,2,11170555,청파동,8159,4263,3896,14,1108,1911,1741,1790,1595,8,333,858,945,918,1201,6,775,1053,796,872,394,867676
2018,2,11170560,원효로1동,16321,8257,8064,83,3663,5712,4052,1869,942,34,1578,3028,2051,1016,550,49,2085,2684,2001,853,392,589294
2018,2,11170570,원효로2동,5255,3509,1746,37,659,1454,1315,830,960,25,375,1004,942,532,631,12,284,450,373,298,329,915567
2018,2,11170580,효창동,1820,949,871,3,225,390,525,425,252,2,72,196,298,216,165,1,153,194,227,209,87,470670
2018,2,11170590,용문동,1058,532,526,5,111,281,283,219,159,2,36,157,168,90,79,3,75,124,115,129,80,289284
2018,2,11170625,한강로동,70145,39132,31013,230,17441,23203,16940,8451,3880,118,6934,12763,10855,5795,2667,112,10507,10440,6085,2656,1213,3358956
2018,2,11170630,이촌1동,2077,940,1137,5,274,468,512,428,390,1,77,177,214,199,272,4,197,291,298,229,118,2143668
2018,2,11170640,이촌2동,492,286,206,1,97,124,95,90,85,1,58,80,55,49,43,0,39,44,40,41,42,1191110
2018,2,11170650,이태원1동,5715,3209,2506,18,1302,1627,1084,975,709,8,686,915,557,601,442,10,616,712,527,374,267,579369
2018,2,11170660,이태원2동,2640,1403,1237,7,488,693,499,421,532,2,222,377,277,210,315,5,266,316,222,211,217,879018
2018,2,11170685,한남동,15875,8310,7565,50,3939,5453,3455,1874,1104,24,1499,2956,2120,1086,625,26,2440,2497,1335,788,479,3198883
2018,2,11170690,서빙고동,4584,2599,1985,13,755,1372,1256,736,452,3,271,680,764,519,362,10,484,692,492,217,90,2198117
2018,2,11170700,보광동,988,546,442,0,93,176,258,258,203,0,28,86,145,146,141,0,65,90,113,112,62,890496
2018,2,11200520,왕십리2동,1226,554,672,3,152,278,328,260,205,2,42,106,147,125,132,1,110,172,181,135,73,385254
2018,2,11200535,왕십리도선동,8336,4136,4200,21,1554,1892,1876,1715,1278,10,529,976,1049,888,684,11,1025,916,827,827,594,718816
2018,2,11200540,마장동,11530,7839,3691,18,1041,2498,2941,3338,1694,16,623,1696,2056,2259,1189,2,418,802,885,1079,505,1082999
2018,2,11200550,사근동,7865,3882,3983,7,1467,1961,2157,1659,614,5,398,906,1078,1022,473,2,1069,1055,1079,637,141,1182945
2018,2,11200560,행당1동,5869,3107,2762,26,864,1350,1460,1443,726,12,277,593,767,959,499,14,587,757,693,484,227,552563
2018,2,11200570,행당2동,977,317,660,2,101,221,285,233,135,0,23,47,96,77,74,2,78,174,189,156,61,457197
2018,2,11200580,응봉동,453,184,269,0,52,87,117,118,79,0,14,25,33,48,64,0,38,62,84,70,15,547736
2018,2,11200590,금호1가동,967,395,572,5,122,236,260,201,143,2,29,91,92,81,100,3,93,145,168,120,43,441318
2018,2,11200615,금호2.3가동,1214,452,762,2,197,261,268,271,215,1,51,106,101,86,107,1,146,155,167,185,108,638261
2018,2,11200620,금호4가동,934,331,603,3,122,247,205,216,141,0,32,88,70,68,73,3,90,159,135,148,68,935263
2018,2,11200645,옥수동,2116,904,1212,8,382,504,534,413,275,1,120,206,220,191,166,7,262,298,314,222,109,1239152
2018,2,11200650,성수1가1동,7541,4481,3060,60,1310,2134,1824,1479,734,26,522,1239,1153,973,568,34,788,895,671,506,166,2248463
2018,2,11200660,성수1가2동,17337,10483,6854,46,3692,5648,3798,2499,1654,24,1474,3472,2563,1734,1216,22,2218,2176,1235,765,438,984783
2018,2,11200670,성수2가1동,42877,19125,23752,129,6609,10401,12763,11604,1371,94,4012,7375,4838,1914,892,35,2597,3026,7925,9690,479,1126355
2018,2,11200690,성수2가3동,49650,28457,21193,238,10560,13402,11888,8998,4564,127,4924,8454,7254,4641,3057,111,5636,4948,4634,4357,1507,1050781
2018,2,11200720,송정동,1909,1143,766,1,286,525,484,364,249,1,144,324,242,245,187,0,142,201,242,119,62,584812
2018,2,11200790,용답동,27939,22502,5437,79,3359,5322,8476,8566,2137,42,1996,4008,7197,7530,1729,37,1363,1314,1279,1036,408,2379362
2018,2,11215710,화양동,6214,2607,3607,26,1622,1743,1254,947,622,5,522,737,613,374,356,21,1100,1006,641,573,266,1124376
2018,2,11215730,군자동,6760,3455,3305,10,1187,1547,1747,1560,709,4,496,833,998,719,405,6,691,714,749,841,304,733236
2018,2,11215740,중곡1동,4092,2331,1761,11,385,746,902,964,1084,6,132,433,502,503,755,5,253,313,400,461,329,602769
2018,2,11215750,중곡2동,3893,1930,1963,7,453,801,966,997,669,1,187,400,483,481,378,6,266,401,483,516,291,544807
2018,2,11215760,중곡3동,2493,1180,1313,5,286,570,637,616,379,2,103,246,285,312,232,3,183,324,352,304,147,600824
2018,2,11215770,중곡4동,2496,1387,1109,4,243,481,643,693,432,1,81,245,344,403,313,3,162,236,299,290,119,2295463
2018,2,11215780,능동,3261,1670,1591,18,552,834,803,627,427,8,213,426,430,302,291,10,339,408,373,325,136,1094134
2018,2,11215810,광장동,8313,4280,4033,46,1508,2338,2048,1531,842,24,534,1140,1208,806,568,22,974,1198,840,725,274,2889609
2018,2,11215820,자양1동,9867,5900,3967,14,1226,2118,2367,2513,1629,5,425,1006,1424,1767,1273,9,801,1112,943,746,356,621606
2018,2,11215830,자양2동,5249,3400,1849,3,422,996,1533,1597,698,2,210,628,1085,1018,457,1,212,368,448,579,241,1630926
2018,2,11215840,자양3동,3013,1454,1559,15,459,739,743,613,444,8,174,367,363,267,275,7,285,372,380,346,169,1145609
2018,2,11215847,자양4동,2895,1606,1289,14,513,667,710,598,393,7,217,412,398,296,276,7,296,255,312,302,117,1148618
2018,2,11215850,구의1동,4570,2722,1848,2,521,1157,1199,1019,672,1,233,713,734,630,411,1,288,444,465,389,261,553095
2018,2,11215860,구의2동,3294,1721,1573,18,383,666,800,859,568,4,152,307,420,474,364,14,231,359,380,385,204,1363952
2018,2,11215870,구의3동,13651,7532,6119,54,1638,2745,3399,3391,2424,29,738,1665,1968,1697,1435,25,900,1080,1431,1694,989,1453971
2018,2,11230536,용신동,28326,14713,13613,97,3885,6875,7294,6011,4164,49,1585,3763,3787,3087,2442,48,2300,3112,3507,2924,1722,1590771
2018,2,11230545,제기동,6080,3441,2639,9,716,1221,1517,1483,1134,7,305,695,880,828,726,2,411,526,637,655,408,1184853
2018,2,11230560,전농1동,2758,1402,1356,7,415,558,708,644,426,2,188,276,387,314,235,5,227,282,321,330,191,1140490
2018,2,11230570,전농2동,3311,1621,1690,2,357,842,869,840,401,1,111,315,425,476,293,1,246,527,444,364,108,983768
2018,2,11230600,답십리1동,5102,2593,2509,9,705,1002,1342,1151,893,3,306,550,645,524,565,6,399,452,697,627,328,838156
2018,2,11230610,답십리2동,3693,2193,1500,8,378,771,976,878,682,8,193,448,608,500,436,0,185,323,368,378,246,814945
2018,2,11230650,장안1동,14056,8092,5964,33,1814,3120,3290,2976,2823,15,770,1737,1941,1703,1926,18,1044,1383,1349,1273,897,1360347
2018,2,11230660,장안2동,6870,3320,3550,20,978,1444,1766,1652,1010,6,402,725,872,766,549,14,576,719,894,886,461,1119438
2018,2,11230705,청량리동,5743,3205,2538,16,943,1471,1252,1267,794,10,426,854,727,705,483,6,517,617,525,562,311,1197287
2018,2,11230710,회기동,4103,1502,2601,8,909,1238,887,762,299,1,256,507,336,260,142,7,653,731,551,502,157,829432
2018,2,11230720,휘경1동,1737,926,811,6,216,297,387,340,491,2,76,162,205,163,318,4,140,135,182,177,173,519932
2018,2,11230730,휘경2동,4024,1583,2441,12,733,979,964,898,438,4,184,408,420,358,209,8,549,571,544,540,229,1207585
2018,2,11230740,이문1동,5394,2927,2467,7,570,1320,1623,1259,615,3,176,555,890,838,465,4,394,765,733,421,150,986690
2018,2,11230750,이문2동,998,494,504,2,112,171,244,275,194,2,24,66,107,149,146,0,88,105,137,126,48,698476
2018,2,11260520,면목2동,2672,1321,1351,4,248,465,697,765,493,2,77,206,339,383,314,2,171,259,358,382,179,743106
2018,2,11260540,면목4동,1792,1091,701,2,184,283,455,642,226,0,63,131,275,451,171,2,121,152,180,191,55,821882
2018,2,11260550,면목5동,1057,703,354,1,90,161,235,332,238,0,38,96,148,225,196,1,52,65,87,107,42,591696
2018,2,11260565,면목본동,2430,947,1483,6,284,403,628,688,421,3,77,170,264,224,209,3,207,233,364,464,212,840931
2018,2,11260570,면목7동,1490,708,782,4,187,285,330,392,292,0,50,113,155,193,197,4,137,172,175,199,95,1202721
2018,2,11260575,면목3.8동,3471,1826,1645,0,477,694,925,941,434,0,152,288,500,592,294,0,325,406,425,349,140,1591050
2018,2,11260580,상봉1동,3136,1730,1406,18,335,512,688,934,649,12,102,214,310,585,507,6,233,298,378,349,142,917193
2018,2,11260590,상봉2동,7568,4834,2734,33,1040,1846,2129,1673,847,15,539,1247,1359,1095,579,18,501,599,770,578,268,658991
2018,2,11260600,중화1동,1824,725,1099,5,220,363,521,499,216,2,67,134,211,198,113,3,153,229,310,301,103,637209
2018,2,11260610,중화2동,4382,3006,1376,7,268,504,695,816,2092,6,117,266,381,440,1796,1,151,238,314,376,296,960402
2018,2,11260620,묵1동,3110,1391,1719,4,354,724,868,755,405,1,115,343,349,330,253,3,239,381,519,425,152,1184393
2018,2,11260630,묵2동,1861,905,956,1,236,394,494,477,259,1,78,193,244,240,149,0,158,201,250,237,110,682005
2018,2,11260655,망우본동,5746,2720,3026,13,748,1160,1343,1473,1009,4,209,481,631,707,688,9,539,679,712,766,321,3074745
2018,2,11260660,망우3동,1697,794,903,4,134,296,423,486,354,2,27,128,203,223,211,2,107,168,220,263,143,967313
2018,2,11260680,신내1동,6628,3511,3117,5,967,1470,1508,1749,929,2,314,752,803,1003,637,3,653,718,705,746,292,2361684
2018,2,11260690,신내2동,4305,2094,2211,4,440,947,1093,1166,655,0,141,399,493,663,398,4,299,548,600,503,257,939758
2018,2,11290525,성북동,3065,1423,1642,15,510,900,845,533,262,6,161,433,386,274,163,9,349,467,459,259,99,3067396
2018,2,11290555,삼선동,8583,4359,4224,12,1130,1903,2108,2217,1213,5,402,882,1095,1304,671,7,728,1021,1013,913,542,1177823
2018,2,11290575,동선동,6219,2620,3599,22,1103,1187,1243,1152,1512,6,292,550,597,529,646,16,811,637,646,623,866,729672
2018,2,11290580,돈암1동,947,333,614,1,109,211,247,257,122,1,25,68,92,83,64,0,84,143,155,174,58,461503
2018,2,11290590,돈암2동,709,235,474,1,112,222,183,116,75,0,20,83,61,32,39,1,92,139,122,84,36,414465
2018,2,11290600,안암동,9606,4783,4823,28,1718,2857,2482,1782,739,6,486,1208,1406,1164,513,22,1232,1649,1076,618,226,1295307
2018,2,11290610,보문동,3591,1944,1647,10,382,615,689,725,1170,4,125,319,345,345,806,6,257,296,344,380,364,551172
2018,2,11290620,정릉1동,1152,487,665,1,136,222,327,297,169,1,33,96,121,134,102,0,103,126,206,163,67,475568
2018,2,11290630,정릉2동,1536,716,820,11,180,321,397,392,235,4,62,133,174,191,152,7,118,188,223,201,83,1165255
2018,2,11290640,정릉3동,2865,1686,1179,1,330,558,843,781,352,1,94,266,505,547,273,0,236,292,338,234,79,3182234
2018,2,11290650,정릉4동,2839,1759,1080,3,275,423,705,896,537,0,61,213,463,624,398,3,214,210,242,272,139,3714207
2018,2,11290660,길음1동,2143,765,1378,9,287,434,583,466,364,3,50,147,188,176,201,6,237,287,395,290,163,753885
2018,2,11290685,길음2동,1128,417,711,5,212,280,294,211,126,3,56,117,117,72,52,2,156,163,177,139,74,423663
2018,2,11290705,종암동,3896,1804,2092,10,549,871,1014,997,455,2,182,446,476,481,217,8,367,425,538,516,238,1494677
2018,2,11290715,월곡1동,3773,1675,2098,14,546,791,974,910,538,6,197,375,435,386,276,8,349,416,539,524,262,974658
2018,2,11290725,월곡2동,5389,2970,2419,11,980,1446,1264,1021,667,2,398,871,723,553,423,9,582,575,541,468,244,1330228
2018,2,11290760,장위1동,943,358,585,1,85,143,254,299,161,0,24,52,92,117,73,1,61,91,162,182,88,714821
2018,2,11290770,장위2동,2055,1098,957,1,189,348,517,554,446,0,73,191,250,269,315,1,116,157,267,285,131,682224
2018,2,11290780,장위3동,1628,937,691,3,147,254,364,498,362,0,48,111,193,298,287,3,99,143,171,200,75,663549
2018,2,11290810,석관동,5047,2946,2101,5,394,850,1110,1154,1534,1,127,406,595,688,1129,4,267,444,515,466,405,1773773
2018,2,11305534,삼양동,1495,591,904,1,175,306,370,385,258,1,38,95,119,165,173,0,137,211,251,220,85,959451
2018,2,11305535,미아동,2693,1130,1563,4,407,575,677,631,399,1,127,243,305,250,204,3,280,332,372,381,195,835492
2018,2,11305545,송중동,3522,1546,1976,18,500,756,938,777,533,11,189,334,400,311,301,7,311,422,538,466,232,1085065
2018,2,11305555,송천동,3451,1539,1912,8,336,561,725,836,985,4,108,246,344,399,438,4,228,315,381,437,547,928301
2018,2,11305575,삼각산동,1281,408,873,3,159,307,427,257,128,1,32,101,118,92,64,2,127,206,309,165,64,603256
2018,2,11305590,번1동,4381,2327,2054,14,513,869,958,1169,858,7,172,499,516,663,470,7,341,370,442,506,388,619363
2018,2,11305600,번2동,2115,1302,813,1,209,290,545,730,340,1,102,148,301,515,235,0,107,142,244,215,105,992960
2018,2,11305606,번3동,1470,681,789,8,223,243,345,376,275,7,84,102,152,174,162,1,139,141,193,202,113,1075371
2018,2,11305610,수유1동,3029,1551,1478,3,251,507,798,927,543,0,75,244,408,505,319,3,176,263,390,422,224,1748455
2018,2,11305620,수유2동,2096,888,1208,6,177,287,440,547,639,2,57,147,200,222,260,4,120,140,240,325,379,593685
2018,2,11305630,수유3동,4929,2523,2406,10,630,1193,1214,1192,690,7,257,577,613,666,403,3,373,616,601,526,287,725084
2018,2,11305645,우이동,2452,1521,931,2,215,295,471,766,703,0,95,168,279,519,460,2,120,127,192,247,243,10680138
2018,2,11305660,인수동,3410,1521,1889,3,415,685,837,880,590,3,132,295,350,379,362,0,283,390,487,501,228,2869695
2018,2,11320511,창1동,1831,672,1159,4,251,372,461,515,228,2,61,133,166,191,119,2,190,239,295,324,109,1104916
2018,2,11320512,창2동,2277,1160,1117,18,255,389,632,635,348,10,87,189,288,332,254,8,168,200,344,303,94,654615
2018,2,11320513,창3동,951,360,591,4,95,177,253,274,148,4,26,59,98,94,79,0,69,118,155,180,69,635079
2018,2,11320514,창4동,3823,2294,1529,2,370,600,945,1103,803,0,120,308,538,724,604,2,250,292,407,379,199,1155759
2018,2,11320515,창5동,5130,2509,2621,9,627,1229,1370,1316,579,4,201,577,674,714,339,5,426,652,696,602,240,676820
2018,2,11320521,도봉1동,3276,1981,1295,8,225,445,794,1145,659,5,90,240,446,738,462,3,135,205,348,407,197,8547209
2018,2,11320522,도봉2동,5137,2808,2329,7,367,768,1064,1088,1843,3,143,333,513,600,1216,4,224,435,551,488,627,1204332
2018,2,11320660,쌍문1동,2409,941,1468,1,375,421,581,666,365,0,76,166,220,251,228,1,299,255,361,415,137,1177010
2018,2,11320670,쌍문2동,3015,1595,1420,3,285,463,632,772,860,3,104,242,290,376,580,0,181,221,342,396,280,539384
2018,2,11320680,쌍문3동,2156,935,1221,3,466,497,496,497,197,1,118,226,213,246,131,2,348,271,283,251,66,504867
2018,2,11320681,쌍문4동,1201,477,724,1,142,302,295,302,159,0,30,119,106,106,116,1,112,183,189,196,43,543784
2018,2,11320690,방학1동,5232,2866,2366,23,601,862,1136,1503,1107,8,247,443,566,835,767,15,354,419,570,668,340,1041785
2018,2,11320700,방학2동,1306,571,735,1,124,248,337,336,260,0,51,127,146,122,125,1,73,121,191,214,135,1102018
2018,2,11320710,방학3동,1846,797,1049,0,136,240,439,595,436,0,35,73,177,227,285,0,101,167,262,368,151,1856777
2018,2,11350560,월계1동,2796,1509,1287,8,320,511,672,717,568,5,103,243,363,424,371,3,217,268,309,293,197,1218934
2018,2,11350570,월계2동,2200,1107,1093,8,235,424,592,621,320,4,88,159,286,344,226,4,147,265,306,277,94,1991095
2018,2,11350580,월계3동,1632,673,959,0,137,240,430,526,299,0,34,103,150,215,171,0,103,137,280,311,128,1133881
2018,2,11350595,공릉1동,9209,4751,4458,16,1042,1694,2162,2397,1898,9,443,990,1119,1125,1065,7,599,704,1043,1272,833,1217193
2018,2,11350600,공릉2동,6469,3036,3433,4,827,1333,1667,1628,1010,2,196,534,738,810,756,2,631,799,929,818,254,7207339
2018,2,11350611,하계1동,7666,4183,3483,13,1188,1918,1835,1903,809,9,432,993,1037,1197,515,4,756,925,798,706,294,1467562
2018,2,11350612,하계2동,652,233,419,2,53,102,192,211,92,1,8,29,48,66,81,1,45,73,144,145,11,513857
2018,2,11350619,중계본동,2491,1157,1334,3,216,396,552,601,723,2,83,167,232,265,408,1,133,229,320,336,315,2094464
2018,2,11350621,중계1동,1549,631,918,10,197,281,429,410,222,2,64,112,145,158,150,8,133,169,284,252,72,624508
2018,2,11350624,중계4동,2174,925,1249,11,197,440,558,612,356,3,60,202,244,248,168,8,137,238,314,364,188,1540528
2018,2,11350625,중계2.3동,2839,1164,1675,2,342,561,732,797,405,1,120,256,281,277,229,1,222,305,451,520,176,912217
2018,2,11350630,상계1동,6027,3195,2832,8,467,889,1356,1473,1834,5,183,476,652,751,1128,3,284,413,704,722,706,4997346
2018,2,11350640,상계2동,4653,1816,2837,29,817,865,1045,1189,708,11,272,379,409,421,324,18,545,486,636,768,384,629194
2018,2,11350665,상계3.4동,3494,1970,1524,1,212,335,705,1072,1169,0,64,159,376,676,695,1,148,176,329,396,474,5751720
2018,2,11350670,상계5동,2246,1034,1212,4,154,264,430,557,837,1,66,158,176,213,420,3,88,106,254,344,417,473604
2018,2,11350695,상계6.7동,8853,3443,5410,9,1531,2223,2248,1895,947,0,342,724,871,993,513,9,1189,1499,1377,902,434,1434043
2018,2,11350700,상계8동,1146,392,754,2,128,223,359,294,140,2,36,79,73,99,103,0,92,144,286,195,37,668937
2018,2,11350710,상계9동,1306,478,828,2,121,268,389,368,158,0,30,84,107,149,108,2,91,184,282,219,50,833448
2018,2,11350720,상계10동,1004,375,629,2,96,207,270,305,124,0,19,64,89,124,79,2,77,143,181,181,45,802642
2018,2,11380510,녹번동,7268,3571,3697,11,789,1660,1932,1884,992,6,297,721,905,1051,591,5,492,939,1027,833,401,1923020
2018,2,11380520,불광1동,2632,1094,1538,3,363,737,692,520,317,1,124,317,296,189,167,2,239,420,396,331,150,2948578
2018,2,11380530,불광2동,3580,1739,1841,7,478,756,987,866,486,5,193,408,474,428,231,2,285,348,513,438,255,1756596
2018,2,11380551,갈현1동,2232,963,1269,13,363,471,578,478,329,3,121,235,220,212,172,10,242,236,358,266,157,909869
2018,2,11380552,갈현2동,3328,1288,2040,7,400,697,838,862,524,6,98,302,335,287,260,1,302,395,503,575,264,1018512
2018,2,11380560,구산동,4220,1917,2303,10,428,732,950,1362,738,2,123,279,409,712,392,8,305,453,541,650,346,1316383
2018,2,11380570,대조동,3577,1418,2159,12,420,668,954,889,634,5,134,270,386,319,304,7,286,398,568,570,330,867572
2018,2,11380580,응암1동,3885,1698,2187,9,463,793,1011,912,697,5,137,328,446,362,420,4,326,465,565,550,277,1126418
2018,2,11380590,응암2동,978,459,519,1,104,205,244,256,168,0,21,65,103,145,125,1,83,140,141,111,43,554079
2018,2,11380600,응암3동,3027,1246,1781,5,382,577,834,781,448,5,163,235,324,295,224,0,219,342,510,486,224,933101
2018,2,11380625,역촌동,4132,1871,2261,6,442,832,1041,1038,773,1,148,370,481,451,420,5,294,462,560,587,353,1138805
2018,2,11380631,신사1동,2059,925,1134,3,243,405,493,516,399,2,80,202,229,212,200,1,163,203,264,304,199,823498
2018,2,11380632,신사2동,1806,837,969,2,139,288,430,458,489,0,38,120,184,243,252,2,101,168,246,215,237,1050676
2018,2,11380640,증산동,2331,1374,957,6,239,401,570,600,515,5,89,207,315,354,404,1,150,194,255,246,111,929526
2018,2,11380650,수색동,1407,664,743,11,259,292,319,320,206,6,56,104,166,203,129,5,203,188,153,117,77,1169504
2018,2,11380690,진관동,4925,2402,2523,25,664,839,1285,1482,630,9,210,359,609,815,400,16,454,480,676,667,230,12836383
2018,2,11410520,천연동,1572,658,914,1,176,309,436,445,205,1,53,116,192,183,113,0,123,193,244,262,92,866603
2018,2,11410555,북아현동,1299,502,797,3,140,216,331,338,271,1,44,84,126,115,132,2,96,132,205,223,139,461555
2018,2,11410565,충현동,25213,15085,10128,27,3785,8006,6718,4593,2084,13,1656,4637,4289,3040,1450,14,2129,3369,2429,1553,634,1139343
2018,2,11410585,신촌동,20466,8259,12207,76,5133,6323,4616,3090,1228,33,1487,2385,1954,1630,770,43,3646,3938,2662,1460,458,2504686
2018,2,11410615,연희동,8808,4751,4057,35,1197,2175,2118,2066,1217,28,468,1146,1110,1201,798,7,729,1029,1008,865,419,2965760
2018,2,11410620,홍제1동,1816,751,1065,4,233,378,490,430,281,4,60,158,193,183,153,0,173,220,297,247,128,1492096
2018,2,11410640,홍제3동,1580,607,973,0,198,314,365,347,356,0,50,95,127,132,203,0,148,219,238,215,153,1093373
2018,2,11410655,홍제2동,1120,509,611,1,110,166,264,349,230,1,45,71,99,175,118,0,65,95,165,174,112,705399
2018,2,11410660,홍은1동,1411,545,866,5,166,268,373,389,210,3,50,86,128,146,132,2,116,182,245,243,78,1538023
2018,2,11410685,홍은2동,3502,1889,1613,3,439,706,802,958,594,2,149,345,424,549,420,1,290,361,378,409,174,2049745
2018,2,11410690,남가좌1동,1348,678,670,9,230,293,343,297,176,5,60,126,186,190,111,4,170,167,157,107,65,484765
2018,2,11410700,남가좌2동,1599,761,838,5,198,316,445,397,238,2,56,132,202,197,172,3,142,184,243,200,66,787125
2018,2,11410710,북가좌1동,1774,1130,644,3,155,282,382,486,466,3,51,134,205,334,403,0,104,148,177,152,63,562752
2018,2,11410720,북가좌2동,2654,1386,1268,6,247,409,660,768,564,3,93,195,334,425,336,3,154,214,326,343,228,806705
2018,2,11440555,아현동,21982,11840,10142,60,3982,6576,5479,4244,1641,33,1500,3666,3344,2290,1007,27,2482,2910,2135,1954,634,870645
2018,2,11440565,공덕동,10924,6880,4044,21,1934,2782,2959,2240,988,8,1043,1682,1990,1625,532,13,891,1100,969,615,456,891209
2018,2,11440585,도화동,15575,8461,7114,42,2832,4230,3784,2933,1754,20,1200,2398,2197,1446,1200,22,1632,1832,1587,1487,554,863516
2018,2,11440590,용강동,18528,10236,8292,114,3011,4624,4537,3767,2475,38,1251,2708,2811,1899,1529,76,1760,1916,1726,1868,946,910388
2018,2,11440600,대흥동,5900,3094,2806,21,865,1606,1444,1205,759,8,303,795,843,701,444,13,562,811,601,504,315,854083
2018,2,11440610,염리동,7914,5293,2621,89,1335,2258,2073,1371,788,38,762,1609,1551,805,528,51,573,649,522,566,260,549601
2018,2,11440630,신수동,4297,2401,1896,17,587,1239,1247,804,403,9,247,680,741,457,267,8,340,559,506,347,136,914314
2018,2,11440655,서강동,9731,5465,4266,26,1900,2425,2059,1507,1814,14,822,1365,1363,926,975,12,1078,1060,696,581,839,1890596
2018,2,11440660,서교동,49373,24588,24785,238,12545,13590,10606,7277,5117,102,4729,7466,6246,3461,2584,136,7816,6124,4360,3816,2533,1641475
2018,2,11440680,합정동,10990,5956,5034,34,2278,3573,2886,1508,711,10,731,1868,1850,1020,477,24,1547,1705,1036,488,234,1792621
2018,2,11440690,망원1동,2919,1527,1392,7,551,762,735,532,332,0,252,442,414,236,183,7,299,320,321,296,149,1111518
2018,2,11440700,망원2동,2623,1357,1266,2,358,643,698,541,381,0,131,337,380,273,236,2,227,306,318,268,145,1209563
2018,2,11440710,연남동,4971,2698,2273,14,1173,1543,1135,700,406,8,516,872,669,384,249,6,657,671,466,316,157,641653
2018,2,11440720,성산1동,8916,5732,3184,29,1069,1785,1845,1664,2524,20,419,1006,1155,1048,2084,9,650,779,690,616,440,855779
2018,2,11440730,성산2동,9455,4508,4947,10,579,1420,1816,2784,2846,6,219,577,891,1201,1614,4,360,843,925,1583,1232,1990923
2018,2,11440740,상암동,36040,21535,14505,53,7206,13147,9655,4275,1704,26,2532,7529,6995,3129,1324,27,4674,5618,2660,1146,380,7646126
2018,2,11470510,목1동,14339,8543,5796,60,2290,3744,3919,3031,1295,22,895,2118,2598,2089,821,38,1395,1626,1321,942,474,1572490
2018,2,11470520,목2동,2594,1360,1234,0,288,714,691,584,317,0,112,412,344,312,180,0,176,302,347,272,137,1021500
2018,2,11470530,목3동,2404,1164,1240,8,388,609,599,524,276,3,133,318,300,232,178,5,255,291,299,292,98,533074
2018,2,11470540,목4동,2123,942,1181,4,192,375,504,580,468,3,70,160,216,223,270,1,122,215,288,357,198,578170
2018,2,11470550,목5동,6255,2208,4047,9,1009,1637,1531,1237,832,4,186,467,518,524,509,5,823,1170,1013,713,323,2055129
2018,2,11470560,신월1동,2649,1550,1099,7,187,417,684,843,511,6,70,239,380,512,343,1,117,178,304,331,168,625887
2018,2,11470570,신월2동,2155,1051,1104,1,181,354,556,652,411,0,69,152,235,336,259,1,112,202,321,316,152,608140
2018,2,11470580,신월3동,2652,1468,1184,2,218,443,657,811,521,2,82,208,327,458,391,0,136,235,330,353,130,932122
2018,2,11470590,신월4동,2019,1160,859,3,156,324,463,574,499,2,63,178,223,324,370,1,93,146,240,250,129,470224
2018,2,11470600,신월5동,2714,1623,1091,0,202,348,536,570,1058,0,61,127,208,268,959,0,141,221,328,302,99,523363
2018,2,11470610,신월6동,1224,624,600,4,134,193,295,362,236,3,48,96,122,186,169,1,86,97,173,176,67,437027
2018,2,11470611,신월7동,3576,2369,1207,1,314,555,851,1055,800,1,209,362,483,691,623,0,105,193,368,364,177,1403954
2018,2,11470620,신정1동,2707,1237,1470,7,293,590,727,643,447,2,103,274,334,283,241,5,190,316,393,360,206,722680
2018,2,11470630,신정2동,1891,807,1084,8,213,344,530,498,298,4,66,155,215,183,184,4,147,189,315,315,114,594999
2018,2,11470640,신정3동,6120,3311,2809,10,561,1124,1485,1678,1262,2,181,477,734,937,980,8,380,647,751,741,282,2650845
2018,2,11470650,신정4동,7877,3824,4053,21,877,1514,1884,1828,1753,10,280,704,940,801,1089,11,597,810,944,1027,664,996406
2018,2,11470670,신정6동,5771,3091,2680,17,772,1458,1418,1556,550,17,392,687,689,966,340,0,380,771,729,590,210,972556
2018,2,11470680,신정7동,2001,824,1177,4,216,396,585,526,274,1,65,171,204,209,174,3,151,225,381,317,100,1144112
2018,2,11500510,염창동,12242,7359,4883,30,1824,3354,3240,2351,1443,16,716,1989,2100,1475,1063,14,1108,1365,1140,876,380,1957926
2018,2,11500520,등촌1동,29644,11881,17763,178,3545,6967,9161,8530,1263,100,1900,4426,3342,1364,749,78,1645,2541,5819,7166,514,649434
2018,2,11500530,등촌2동,2392,1248,1144,4,260,526,608,620,374,4,87,236,312,345,264,0,173,290,296,275,110,908847
2018,2,11500535,등촌3동,19177,9598,9579,51,3029,3616,3829,5346,3306,41,1341,2122,2210,2120,1764,10,1688,1494,1619,3226,1542,1049363
2018,2,11500540,화곡1동,4945,2221,2724,18,602,1061,1275,1228,761,7,222,510,605,479,398,11,380,551,670,749,363,1194778
2018,2,11500550,화곡2동,1611,759,852,3,220,433,447,372,136,1,92,234,202,143,87,2,128,199,245,229,49,456061
2018,2,11500560,화곡3동,2462,1095,1367,3,261,396,581,773,448,0,82,208,305,268,232,3,179,188,276,505,216,515596
2018,2,11500570,화곡4동,1923,905,1018,4,224,401,506,520,268,0,72,196,219,247,171,4,152,205,287,273,97,853460
2018,2,11500590,화곡본동,2348,873,1475,7,301,510,615,539,376,4,66,202,250,189,162,3,235,308,365,350,214,1007050
2018,2,11500591,화곡6동,9910,5858,4052,18,1111,2247,2517,2511,1506,10,488,1237,1552,1602,969,8,623,1010,965,909,537,1034624
2018,2,11500593,화곡8동,1786,628,1158,1,206,321,392,477,389,0,75,152,155,107,139,1,131,169,237,370,250,567208
2018,2,11500603,가양1동,26583,17564,9019,109,4132,8122,8375,4087,1758,46,1968,5224,6191,2849,1286,63,2164,2898,2184,1238,472,5908521
2018,2,11500604,가양2동,2218,1126,1092,9,310,475,433,414,577,5,102,215,210,164,430,4,208,260,223,250,147,996881
2018,2,11500605,가양3동,5703,3465,2238,38,1152,1561,1525,969,458,21,620,979,971,574,300,17,532,582,554,395,158,691403
2018,2,11500611,발산1동,7460,3892,3568,20,824,1658,1960,1933,1065,7,241,815,991,1075,763,13,583,843,969,858,302,3032326
2018,2,11500615,우장산동,4638,2064,2574,37,766,968,1174,961,732,16,244,460,568,397,379,21,522,508,606,564,353,1268459
2018,2,11500620,공항동,43739,25961,17778,31,7513,13843,12375,8134,1843,11,2310,6624,8327,7106,1583,20,5203,7219,4048,1028,260,11377979
2018,2,11500630,방화1동,8185,5283,2902,7,853,1995,2156,2228,946,2,447,1362,1415,1477,580,5,406,633,741,751,366,1125789
2018,2,11500640,방화2동,3945,2403,1542,4,390,782,988,977,804,1,172,461,563,618,588,3,218,321,425,359,216,5564098
2018,2,11500641,방화3동,3310,1734,1576,7,222,564,744,924,849,3,62,202,392,607,468,4,160,362,352,317,381,1964100
2018,2,11530510,신도림동,9286,5138,4148,26,1440,2484,2479,1851,1006,4,601,1347,1362,1093,731,22,839,1137,1117,758,275,1312211
2018,2,11530520,구로1동,2366,1055,1311,13,182,495,551,425,700,3,87,275,277,193,220,10,95,220,274,232,480,1004193
2018,2,11530530,구로2동,27309,14779,12530,34,3735,8029,7114,5523,2874,19,1371,3901,3946,3494,2048,15,2364,4128,3168,2029,826,1807452
2018,2,11530540,구로3동,79099,48050,31049,332,16523,27039,19039,10276,5890,191,7494,17796,12894,5806,3869,141,9029,9243,6145,4470,2021,1033159
2018,2,11530550,구로4동,2669,1194,1475,1,321,535,736,612,464,1,102,214,325,258,294,0,219,321,411,354,170,538215
2018,2,11530560,구로5동,20092,11998,8094,50,3096,5668,4686,3927,2665,28,1586,3417,3128,2272,1567,22,1510,2251,1558,1655,1098,1075552
2018,2,11530595,가리봉동,1551,623,928,1,192,275,338,392,353,0,78,137,127,129,152,1,114,138,211,263,201,415751
2018,2,11530720,고척1동,6258,3667,2591,8,657,1153,1496,1561,1383,3,280,636,851,915,982,5,377,517,645,646,401,1100132
2018,2,11530730,고척2동,1993,901,1092,0,190,346,561,545,351,0,77,169,205,241,209,0,113,177,356,304,142,1013917
2018,2,11530740,개봉1동,3076,1397,1679,1,342,525,780,856,572,1,118,265,326,366,321,0,224,260,454,490,251,1168155
2018,2,11530750,개봉2동,1422,569,853,1,175,266,408,338,234,1,35,97,158,144,134,0,140,169,250,194,100,825368
2018,2,11530760,개봉3동,4918,2504,2414,1,164,322,502,758,3171,1,55,128,181,314,1825,0,109,194,321,444,1346,831642
2018,2,11530770,오류1동,2937,1377,1560,14,356,521,698,757,591,5,115,272,301,290,394,9,241,249,397,467,197,707130
2018,2,11530780,오류2동,4538,2311,2227,3,487,996,1127,1215,710,2,155,488,539,618,509,1,332,508,588,597,201,4314692
2018,2,11530790,수궁동,4180,2571,1609,10,414,926,1022,1143,665,8,200,531,610,701,521,2,214,395,412,442,144,2684146
2018,2,11545510,가산동,135277,87257,48020,532,27762,43549,34293,18914,10227,299,13714,29408,24261,12227,7348,233,14048,14141,10032,6687,2879,2245346
2018,2,11545610,독산1동,17239,11126,6113,49,1994,4001,4453,4319,2423,30,1114,2744,2868,2660,1710,19,880,1257,1585,1659,713,1956086
2018,2,11545620,독산2동,1659,759,900,0,160,291,444,444,320,0,53,122,190,192,202,0,107,169,254,252,118,596742
2018,2,11545630,독산3동,4827,2909,1918,4,377,735,883,1060,1768,2,130,332,399,514,1532,2,247,403,484,546,236,982894
2018,2,11545640,독산4동,1779,1012,767,3,238,321,482,477,258,1,116,177,268,273,177,2,122,144,214,204,81,605029
2018,2,11545670,시흥1동,9912,4498,5414,32,1533,2358,2077,2127,1785,15,631,1110,908,983,851,17,902,1248,1169,1144,934,1437595
2018,2,11545680,시흥2동,1366,435,931,1,149,291,345,341,239,0,29,68,103,96,139,1,120,223,242,245,100,1170211
2018,2,11545690,시흥3동,8835,5456,3379,14,677,1542,2659,2639,1304,2,359,982,1541,1577,995,12,318,560,1118,1062,309,1328458
2018,2,11545700,시흥4동,934,320,614,0,83,164,268,292,127,0,26,57,82,97,58,0,57,107,186,195,69,873884
2018,2,11545710,시흥5동,1915,966,949,4,132,254,494,661,370,2,36,105,247,360,216,2,96,149,247,301,154,1368598
2018,2,11560515,영등포본동,2601,1198,1403,24,390,544,684,569,390,13,149,255,285,243,253,11,241,289,399,326,137,843586
2018,2,11560535,영등포동,24275,14233,10042,104,3801,6225,5716,4743,3686,42,1582,3651,3587,2908,2463,62,2219,2574,2129,1835,1223,1390482
2018,2,11560540,여의동,284886,188919,95967,530,44809,105700,80066,42063,11718,124,20698,69507,58873,32533,7184,406,24111,36193,21193,9530,4534,6703511
2018,2,11560550,당산1동,18315,10114,8201,66,2698,4390,4086,3928,3147,39,1096,2380,2404,2339,1856,27,1602,2010,1682,1589,1291,746447
2018,2,11560560,당산2동,29858,16424,13434,140,5548,7105,6923,5380,4762,59,2207,3973,3771,3082,3332,81,3341,3132,3152,2298,1430,1526636
2018,2,11560585,도림동,2072,1291,781,7,187,402,539,472,465,5,81,246,349,279,331,2,106,156,190,193,134,539427
2018,2,11560605,문래동,41153,24459,16694,116,7904,11225,10111,6624,5173,41,3612,6673,5936,4213,3984,75,4292,4552,4175,2411,1189,1738475
2018,2,11560610,양평1동,19418,10651,8767,80,3893,4696,4241,3771,2737,41,1877,2832,2410,1800,1691,39,2016,1864,1831,1971,1046,869573
2018,2,11560620,양평2동,34723,18700,16023,100,5902,11778,10449,4822,1672,43,2495,6546,5558,2855,1203,57,3407,5232,4891,1967,469,2573400
2018,2,11560630,신길1동,3778,1863,1915,10,486,627,753,927,975,3,136,278,401,462,583,7,350,349,352,465,392,762886
2018,2,11560650,신길3동,1585,715,870,2,140,296,391,416,340,1,37,135,178,190,174,1,103,161,213,226,166,510335
2018,2,11560660,신길4동,1123,524,599,1,134,301,302,247,138,0,41,148,154,114,67,1,93,153,148,133,71,298738
2018,2,11560670,신길5동,1302,605,697,0,131,292,304,345,230,0,62,131,129,155,128,0,69,161,175,190,102,498387
2018,2,11560680,신길6동,2801,1368,1433,8,327,576,698,636,556,2,123,271,320,292,360,6,204,305,378,344,196,676005
2018,2,11560690,신길7동,2744,1675,1069,2,355,620,688,757,322,1,199,410,457,390,218,1,156,210,231,367,104,599547
2018,2,11560700,대림1동,2711,980,1731,1,681,657,586,508,278,1,117,254,225,234,149,0,564,403,361,274,129,493503
2018,2,11560710,대림2동,2222,993,1229,1,207,496,705,477,336,0,46,227,249,244,227,1,161,269,456,233,109,574495
2018,2,11560720,대림3동,8002,4603,3399,22,929,1721,2050,1918,1362,14,434,1088,1295,1045,727,8,495,633,755,873,635,933892
2018,2,11590510,노량진1동,4292,2358,1934,8,510,1015,1040,1096,623,2,195,593,645,592,331,6,315,422,395,504,292,1876800
2018,2,11590520,노량진2동,5295,2794,2501,7,684,1348,1285,1257,714,1,353,586,664,744,446,6,331,762,621,513,268,619921
2018,2,11590530,상도1동,4884,2426,2458,10,600,1116,1311,1114,733,1,208,527,648,608,434,9,392,589,663,506,299,1492421
2018,2,11590540,상도2동,2795,1222,1573,2,296,548,779,735,435,0,90,222,350,357,203,2,206,326,429,378,232,771971
2018,2,11590550,상도3동,1407,554,853,8,175,290,345,392,197,5,66,121,132,130,100,3,109,169,213,262,97,662403
2018,2,11590560,상도4동,1819,707,1112,6,291,362,482,421,257,1,97,153,185,145,126,5,194,209,297,276,131,947172
2018,2,11590605,흑석동,5927,2683,3244,5,1097,1607,1452,1195,571,2,289,617,702,674,399,3,808,990,750,521,172,2062251
2018,2,11590620,사당1동,5295,2877,2418,9,986,1325,1384,977,614,6,351,746,839,548,387,3,635,579,545,429,227,630335
2018,2,11590630,사당2동,3928,1502,2426,20,465,740,925,1153,625,6,159,332,370,356,279,14,306,408,555,797,346,3064442
2018,2,11590640,사당3동,2590,1319,1271,3,206,347,544,619,871,2,88,163,254,298,514,1,118,184,290,321,357,898029
2018,2,11590650,사당4동,1022,463,559,0,117,189,257,225,234,0,26,74,106,99,158,0,91,115,151,126,76,431219
2018,2,11590651,사당5동,963,444,519,3,152,220,261,232,95,2,68,86,119,101,68,1,84,134,142,131,27,658780
2018,2,11590660,대방동,9771,5609,4162,47,1278,2738,2389,1888,1431,5,570,1659,1442,1081,852,42,708,1079,947,807,579,1591876
2018,2,11590670,신대방1동,3044,1930,1114,5,448,775,844,592,380,5,262,537,532,341,253,0,186,238,312,251,127,685547
2018,2,11590680,신대방2동,18954,10311,8643,58,3045,5289,5199,3860,1503,32,1416,2941,2856,2146,920,26,1629,2348,2343,1714,583,1024271
2018,2,11620525,보라매동,5361,2295,3066,15,715,1536,1779,940,376,9,257,571,698,520,240,6,458,965,1081,420,136,758003
2018,2,11620545,청림동,676,253,423,1,111,148,188,124,104,1,27,48,65,48,64,0,84,100,123,76,40,305629
2018,2,11620565,성현동,1689,764,925,5,207,351,470,383,273,3,85,172,190,171,143,2,122,179,280,212,130,695625
2018,2,11620575,행운동,3875,1986,1889,28,718,901,872,729,627,18,316,466,459,338,389,10,402,435,413,391,238,739229
2018,2,11620585,낙성대동,12497,6931,5566,25,1758,3659,2820,2485,1750,11,759,1715,1567,1504,1375,14,999,1944,1253,981,375,2341406
2018,2,11620595,청룡동,7712,4284,3428,6,973,1943,1879,1815,1096,0,416,1053,1008,1123,684,6,557,890,871,692,412,1186204
2018,2,11620605,은천동,3559,1573,1986,5,408,636,781,956,773,3,113,296,351,379,431,2,295,340,430,577,342,738181
2018,2,11620615,중앙동,2020,936,1084,6,296,443,509,424,342,6,87,183,270,209,181,0,209,260,239,215,161,385136
2018,2,11620625,인헌동,2474,1220,1254,6,355,622,621,471,399,0,113,328,296,217,266,6,242,294,325,254,133,709688
2018,2,11620630,남현동,4297,2428,1869,8,799,1015,1018,939,518,6,357,591,615,493,366,2,442,424,403,446,152,4218667
2018,2,11620645,서원동,4189,1854,2335,16,852,832,783,812,894,5,276,356,375,341,501,11,576,476,408,471,393,642690
2018,2,11620655,신원동,976,351,625,0,101,183,230,253,209,0,31,56,85,88,91,0,70,127,145,165,118,549115
2018,2,11620665,서림동,1601,911,690,1,118,265,383,452,382,1,49,154,191,251,265,0,69,111,192,201,117,981577
2018,2,11620685,신사동,2085,980,1105,4,247,408,551,541,334,1,75,200,281,243,180,3,172,208,270,298,154,609167
2018,2,11620695,신림동,2620,1274,1346,5,490,533,615,557,420,1,197,292,314,231,239,4,293,241,301,326,181,507666
2018,2,11620715,난향동,1376,521,855,0,86,180,282,401,427,0,10,47,101,117,246,0,76,133,181,284,181,786985
2018,2,11620725,조원동,3880,2361,1519,1,446,896,960,1010,567,0,225,577,588,591,380,1,221,319,372,419,187,652569
2018,2,11620735,대학동,2284,1254,1030,2,274,473,594,628,313,1,100,232,325,387,209,1,174,241,269,241,104,8107585
2018,2,11620745,삼성동,1131,485,646,4,122,204,266,293,242,3,28,75,102,119,158,1,94,129,164,174,84,2591742
2018,2,11620765,미성동,3159,1558,1601,7,282,559,761,871,679,2,107,252,354,430,413,5,175,307,407,441,266,1355300
2018,2,11620775,난곡동,1134,445,689,1,156,257,298,290,132,1,34,95,122,128,65,0,122,162,176,162,67,982294
2018,2,11650510,서초1동,39564,21261,18303,148,9107,11616,9163,6326,3204,68,3840,6856,5527,2964,2006,80,5267,4760,3636,3362,1198,1383210
2018,2,11650520,서초2동,57973,34820,23153,267,10747,18782,15789,8036,4352,40,4485,11122,10451,5640,3082,227,6262,7660,5338,2396,1270,1229759
2018,2,11650530,서초3동,75646,42896,32750,203,13065,22889,20200,12440,6849,70,4577,12515,12758,8048,4928,133,8488,10374,7442,4392,1921,3027494
2018,2,11650531,서초4동,26367,13004,13363,85,6674,9057,5696,2857,1998,21,1921,4622,3459,1714,1267,64,4753,4435,2237,1143,731,882770
2018,2,11650540,잠원동,20222,12296,7926,66,3732,6611,5285,2730,1798,18,1363,4056,3741,1831,1287,48,2369,2555,1544,899,511,1840832
2018,2,11650550,반포본동,1502,798,704,0,188,331,382,341,260,0,73,153,190,214,168,0,115,178,192,127,92,1491264
2018,2,11650560,반포1동,8362,4731,3631,28,1760,2858,1876,1123,717,9,728,1705,1200,631,458,19,1032,1153,676,492,259,1000549
2018,2,11650570,반포2동,2117,1039,1078,15,374,527,580,401,220,8,114,248,289,233,147,7,260,279,291,168,73,1258050
2018,2,11650580,반포3동,8306,3745,4561,30,1399,2179,1768,1600,1330,6,633,1071,890,568,577,24,766,1108,878,1032,753,1325140
2018,2,11650581,반포4동,32456,13293,19163,102,7868,9790,7368,4699,2629,27,1837,3868,3598,2489,1474,75,6031,5922,3770,2210,1155,1416005
2018,2,11650590,방배본동,7594,4695,2899,23,1183,2167,1737,1191,1293,16,545,1507,1172,695,760,7,638,660,565,496,533,660469
2018,2,11650600,방배1동,11023,5146,5877,33,2084,3051,2801,1884,1170,14,662,1512,1363,828,767,19,1422,1539,1438,1056,403,691215
2018,2,11650610,방배2동,13429,7033,6396,17,1647,2908,3119,3493,2245,9,696,1781,1898,1547,1102,8,951,1127,1221,1946,1143,1901725
2018,2,11650620,방배3동,9855,5702,4153,37,1803,2662,2131,1658,1564,9,625,1463,1397,1009,1199,28,1178,1199,734,649,365,2411856
2018,2,11650621,방배4동,12367,6761,5606,38,2085,3239,3152,2317,1536,18,812,1802,1775,1248,1106,20,1273,1437,1377,1069,430,954529
2018,2,11650651,양재1동,36767,21675,15092,114,6146,9337,8188,6945,6037,60,2529,5686,5324,4238,3838,54,3617,3651,2864,2707,2199,5711370
2018,2,11650652,양재2동,120861,99120,21741,328,13594,26450,34015,40958,5516,134,9041,21023,28267,36642,4013,194,4553,5427,5748,4316,1503,7516954
2018,2,11650660,내곡동,6502,4137,2365,20,808,1693,1663,1516,802,6,335,1043,1133,1049,571,14,473,650,530,467,231,13190710
2018,2,11680510,신사동,31887,14414,17473,1113,11634,8777,5314,3066,1983,440,4351,4207,2798,1421,1197,673,7283,4570,2516,1645,786,1736994
2018,2,11680521,논현1동,42208,21794,20414,129,10630,13750,9292,5087,3320,33,3410,7332,5929,2917,2173,96,7220,6418,3363,2170,1147,1254345
2018,2,11680531,논현2동,64966,34613,30353,208,14639,20897,14685,8046,6491,71,4750,11046,9310,5095,4341,137,9889,9851,5375,2951,2150,1445565
2018,2,11680545,압구정동,34749,14672,20077,223,10940,11228,6322,3356,2680,72,3262,5082,3343,1529,1384,151,7678,6146,2979,1827,1296,2520945
2018,2,11680565,청담동,45006,21678,23328,262,12162,15075,9487,4836,3184,74,3751,7424,5639,2761,2029,188,8411,7651,3848,2075,1155,2384707
2018,2,11680580,삼성1동,92680,54885,37795,305,20557,31911,20954,11580,7373,137,8470,19194,14893,7486,4705,168,12087,12717,6061,4094,2668,1926134
2018,2,11680590,삼성2동,58569,27728,30841,191,15520,18029,12303,8566,3960,88,5533,9723,6545,3569,2270,103,9987,8306,5758,4997,1690,1247821
2018,2,11680600,대치1동,3807,1575,2232,23,654,972,931,720,507,5,168,378,394,305,325,18,486,594,537,415,182,795761
2018,2,11680610,대치2동,63699,38773,24926,291,11286,20292,15928,9740,6162,83,4723,12860,11140,6083,3884,208,6563,7432,4788,3657,2278,2043875
2018,2,11680630,대치4동,27276,15511,11765,103,5106,9563,7254,3584,1666,20,2039,5523,4539,2285,1105,83,3067,4040,2715,1299,561,717795
2018,2,11680640,역삼1동,188153,106652,81501,733,39256,60133,45282,27727,15022,292,15224,35420,30846,16239,8631,441,24032,24713,14436,11488,6391,2360116
2018,2,11680650,역삼2동,48531,26048,22483,265,11583,13846,11177,7431,4229,111,4539,7698,6905,4265,2530,154,7044,6148,4272,3166,1699,1127531
2018,2,11680655,도곡1동,13902,7584,6318,68,2825,4348,3289,2044,1328,31,1169,2441,1921,1139,883,37,1656,1907,1368,905,445,1022697
2018,2,11680656,도곡2동,29905,12208,17697,121,5244,7442,8706,5510,2882,50,2020,3719,3009,1864,1546,71,3224,3723,5697,3646,1336,1025651
2018,2,11680660,개포1동,1440,940,500,3,110,231,273,418,405,0,56,140,163,270,311,3,54,91,110,148,94,973078
2018,2,11680670,개포2동,2627,1461,1166,11,256,488,633,780,459,10,105,224,353,461,308,1,151,264,280,319,151,2371826
2018,2,11680690,개포4동,9546,5620,3926,23,1138,2174,2446,2097,1668,13,511,1329,1474,1166,1127,10,627,845,972,931,541,1561449
2018,2,11680700,세곡동,4936,2485,2451,7,651,1126,1276,1069,807,7,218,511,586,570,593,0,433,615,690,499,214,5894759
2018,2,11680720,일원본동,8065,2025,6040,1,2400,2872,1650,914,228,0,334,689,467,372,163,1,2066,2183,1183,542,65,2381558
2018,2,11680730,일원1동,3642,1806,1836,2,406,607,836,974,817,1,205,338,420,414,428,1,201,269,416,560,389,947888
2018,2,11680740,일원2동,13344,10356,2988,59,3677,4046,2518,2030,1014,41,2941,3505,1953,1371,545,18,736,541,565,659,469,1043911
2018,2,11680750,수서동,18884,8402,10482,56,4631,5552,3626,3090,1929,11,1098,2654,1949,1384,1306,45,3533,2898,1677,1706,623,1648393
2018,2,11710510,풍납1동,1408,640,768,2,125,276,362,370,273,1,36,123,145,168,167,1,89,153,217,202,106,1057487
2018,2,11710520,풍납2동,13697,4451,9246,9,3297,4501,3406,1783,701,3,549,1268,1187,923,521,6,2748,3233,2219,860,180,1999222
2018,2,11710531,거여1동,3126,1742,1384,12,241,538,664,739,932,8,135,339,394,333,533,4,106,199,270,406,399,512307
2018,2,11710532,거여2동,2303,895,1408,4,222,404,608,664,401,1,68,192,255,210,169,3,154,212,353,454,232,510046
2018,2,11710540,마천1동,1046,491,555,0,110,202,271,271,192,0,35,89,102,132,133,0,75,113,169,139,59,504704
2018,2,11710550,마천2동,3234,1904,1330,5,318,603,780,917,611,4,140,372,423,538,427,1,178,231,357,379,184,936181
2018,2,11710561,방이1동,6348,3963,2385,20,731,1372,1346,1224,1655,13,313,750,788,744,1355,7,418,622,558,480,300,581968
2018,2,11710562,방이2동,14273,8660,5613,45,2221,3950,3399,2776,1882,27,1112,2517,2183,1575,1246,18,1109,1433,1216,1201,636,763928
2018,2,11710566,오륜동,4451,2623,1828,8,518,960,934,1153,878,6,288,535,560,695,539,2,230,425,374,458,339,3150411
2018,2,11710570,오금동,12893,7449,5444,25,1166,2311,2506,2562,4323,12,495,1418,1510,1342,2672,13,671,893,996,1220,1651,1691111
2018,2,11710580,송파1동,6787,3877,2910,15,915,1521,1521,1457,1358,9,435,924,890,754,865,6,480,597,631,703,493,683881
2018,2,11710590,송파2동,5216,2439,2777,14,1112,1443,1209,1018,420,8,382,707,693,404,245,6,730,736,516,614,175,636016
2018,2,11710600,석촌동,8947,4551,4396,35,1560,2048,2064,1771,1469,11,497,1111,1170,883,879,24,1063,937,894,888,590,943819
2018,2,11710610,삼전동,7809,4749,3060,17,901,1494,1573,1702,2122,8,406,881,923,871,1660,9,495,613,650,831,462,992437
2018,2,11710620,가락본동,24508,14237,10271,38,3510,6243,6084,5399,3234,17,1492,3653,3872,3166,2037,21,2018,2590,2212,2233,1197,1024764
2018,2,11710631,가락1동,10849,7597,3252,6,589,1943,2940,3289,2082,2,390,1552,2160,2067,1426,4,199,391,780,1222,656,1357317
2018,2,11710632,가락2동,7218,3739,3479,15,1060,1654,1837,1574,1078,10,420,896,924,751,738,5,640,758,913,823,340,934057
2018,2,11710641,문정1동,6503,4134,2369,10,534,1000,1270,1157,2532,7,261,589,743,599,1935,3,273,411,527,558,597,604321
2018,2,11710642,문정2동,46330,30066,16264,195,8302,14028,11772,7482,4551,88,4039,9472,8124,4826,3517,107,4263,4556,3648,2656,1034,2387651
2018,2,11710646,장지동,8108,5248,2860,10,646,1246,1873,2298,2035,4,308,738,1131,1578,1489,6,338,508,742,720,546,1295680
2018,2,11710647,위례동,2302,1321,981,19,250,426,638,755,214,2,65,190,351,547,166,17,185,236,287,208,48,2626871
2018,2,11710650,잠실본동,14195,8014,6181,71,2255,3265,3326,2930,2348,47,879,1811,1979,1745,1553,24,1376,1454,1347,1185,795,1136161
2018,2,11710670,잠실2동,3374,1846,1528,4,607,925,876,671,291,1,309,497,482,346,211,3,298,428,394,325,80,2886358
2018,2,11710680,잠실3동,5177,2305,2872,81,1711,1000,1064,946,375,33,656,456,463,525,172,48,1055,544,601,421,203,1506573
2018,2,11710690,잠실4동,1034,395,639,0,112,216,285,234,187,0,26,60,79,87,143,0,86,156,206,147,44,838370
2018,2,11710710,잠실6동,85436,46263,39173,272,16325,26770,23524,15943,2602,140,8257,17620,13298,5362,1586,132,8068,9150,10226,10581,1016,1403041
2018,2,11710720,잠실7동,662,320,342,1,48,148,167,179,119,0,14,61,74,89,82,1,34,87,93,90,37,675008
2018,2,11740515,강일동,13400,10451,2949,9,1542,5344,3179,2337,989,5,961,4257,2495,1897,836,4,581,1087,684,440,153,3722759
2018,2,11740520,상일동,3691,1392,2299,5,572,944,747,762,661,5,111,327,323,374,252,0,461,617,424,388,409,1801282
2018,2,11740530,명일1동,3367,1411,1956,7,390,516,704,864,886,4,130,242,297,302,436,3,260,274,407,562,450,630284
2018,2,11740540,명일2동,2470,1234,1236,7,267,449,592,716,439,2,95,231,275,364,267,5,172,218,317,352,172,920946
2018,2,11740550,고덕1동,1586,630,956,4,168,344,400,396,274,2,50,152,156,138,132,2,118,192,244,258,142,1906565
2018,2,11740560,고덕2동,1525,775,750,1,147,252,356,466,303,1,80,132,163,232,167,0,67,120,193,234,136,2408099
2018,2,11740570,암사1동,2437,1134,1303,1,246,489,589,657,455,0,91,236,264,291,252,1,155,253,325,366,203,738366
2018,2,11740580,암사2동,2560,1060,1500,5,224,425,659,740,507,2,73,193,245,230,317,3,151,232,414,510,190,2337773
2018,2,11740590,암사3동,1196,523,673,4,134,297,335,300,126,1,33,127,141,134,87,3,101,170,194,166,39,1843902
2018,2,11740600,천호1동,2693,1242,1451,8,286,589,647,638,525,4,97,273,287,276,305,4,189,316,360,362,220,669571
2018,2,11740610,천호2동,7621,3651,3970,22,1381,1790,1800,1497,1131,3,439,899,923,679,708,19,942,891,877,818,423,1828343
2018,2,11740620,천호3동,4244,2368,1876,21,470,1011,1105,881,756,11,175,580,681,452,469,10,295,431,424,429,287,569450
2018,2,11740640,성내1동,19311,10551,8760,38,2169,4435,4791,4749,3129,22,1018,2484,2583,2451,1993,16,1151,1951,2208,2298,1136,658437
2018,2,11740650,성내2동,3745,1888,1857,15,559,819,823,832,697,7,215,422,422,391,431,8,344,397,401,441,266,624632
2018,2,11740660,성내3동,5892,3249,2643,10,744,1465,1455,1239,979,4,340,854,839,620,592,6,404,611,616,619,387,641973
2018,2,11740685,길동,10413,4978,5435,9,1549,2273,2341,2287,1954,2,552,1112,1166,993,1153,7,997,1161,1175,1294,801,1590598
2018,2,11740690,둔촌1동,322,186,136,1,38,64,89,82,48,1,21,27,49,52,36,0,17,37,40,30,12,897261
2018,2,11740700,둔촌2동,6754,3320,3434,6,1145,1983,1531,1347,742,2,364,946,782,725,501,4,781,1037,749,622,241,1592001
2018,3,11110515,청운효자동,7185,4643,2542,6,1321,2318,1623,1502,415,2,806,1516,1038,1031,250,4,515,802,585,471,165,2429899
2018,3,11110530,사직동,65451,37560,27891,86,9585,19432,18258,11840,6250,35,3404,10488,12016,7945,3672,51,6181,8944,6242,3895,2578,1161995
2018,3,11110540,삼청동,3952,2063,1889,16,651,1168,1067,783,267,10,198,603,656,454,142,6,453,565,411,329,125,1391632
2018,3,11110550,부암동,3183,1640,1543,5,594,822,838,606,318,3,178,423,515,339,182,2,416,399,323,267,136,2221363
2018,3,11110560,평창동,2593,1221,1372,3,330,572,579,608,501,2,104,270,295,261,289,1,226,302,284,347,212,8346900
2018,3,11110570,무악동,800,220,580,0,164,192,191,159,94,0,23,47,54,40,56,0,141,145,137,119,38,453220
2018,3,11110580,교남동,4060,1433,2627,2,1163,1307,804,533,251,0,237,383,348,283,182,2,926,924,456,250,69,355267
2018,3,11110600,가회동,22112,18556,3556,24,2718,8366,5996,4209,799,11,1692,7025,5315,3860,653,13,1026,1341,681,349,146,565302
2018,3,11110615,종로1.2.3.4가동,150984,88861,62123,1606,28405,45435,40725,25850,8963,738,11892,25194,26670,18391,5976,868,16513,20241,14055,7459,2987,2430999
2018,3,11110630,종로5.6가동,18196,11125,7071,277,3102,5114,4766,3386,1551,87,1400,3202,3096,2290,1050,190,1702,1912,1670,1096,501,599631
2018,3,11110640,이화동,16933,6265,10668,29,4026,5886,3635,2428,929,12,1011,1869,1572,1220,581,17,3015,4017,2063,1208,348,747067
2018,3,11110650,혜화동,4990,2621,2369,11,828,1243,1211,1036,661,3,305,581,679,601,452,8,523,662,532,435,209,1161303
2018,3,11110670,창신1동,2893,1267,1626,10,415,717,797,543,411,3,138,322,326,229,249,7,277,395,471,314,162,297271
2018,3,11110680,창신2동,633,250,383,0,71,102,152,195,113,0,22,46,71,69,42,0,49,56,81,126,71,257188
2018,3,11110690,창신3동,437,219,218,2,36,93,104,127,75,0,13,33,53,64,56,2,23,60,51,63,19,216230
2018,3,11110700,숭인1동,580,287,293,0,72,126,163,140,79,0,23,60,77,73,54,0,49,66,86,67,25,236777
2018,3,11110710,숭인2동,2752,1391,1361,7,332,561,677,631,544,4,124,310,349,306,298,3,208,251,328,325,246,359384
2018,3,11140520,소공동,134759,75434,59325,353,30578,44744,35845,19513,3726,97,10698,22924,23630,15286,2799,256,19880,21820,12215,4227,927,918284
2018,3,11140540,회현동,74263,43633,30630,245,12317,26754,22481,9956,2510,74,5641,15380,14016,6739,1783,171,6676,11374,8465,3217,727,909465
2018,3,11140550,명동,149921,80299,69622,401,28928,50948,39009,22202,8433,119,11241,24826,23544,15397,5172,282,17687,26122,15465,6805,3261,993909
2018,3,11140570,필동,24448,12636,11812,67,3845,6225,6549,5097,2665,20,1392,3386,3699,2491,1648,47,2453,2839,2850,2606,1017,1458582
2018,3,11140580,장충동,10085,5746,4339,26,2561,3234,2355,1285,624,12,956,1777,1634,925,442,14,1605,1457,721,360,182,1013897
2018,3,11140590,광희동,39023,20251,18772,103,6738,10736,9663,8053,3730,20,3088,6352,5564,3399,1828,83,3650,4384,4099,4654,1902,745387
2018,3,11140605,을지로동,29116,16531,12585,499,6966,6875,6543,5086,3147,205,2934,3846,4138,3231,2177,294,4032,3029,2405,1855,970,612013
2018,3,11140615,신당동,13987,7475,6512,10,2784,4784,3290,2035,1084,6,1409,2490,1812,1130,628,4,1375,2294,1478,905,456,536647
2018,3,11140625,다산동,8113,3856,4257,42,2209,2124,1577,1324,837,18,835,1056,870,626,451,24,1374,1068,707,698,386,532721
2018,3,11140635,약수동,2879,1338,1541,9,500,731,683,543,413,1,173,351,330,243,240,8,327,380,353,300,173,509395
2018,3,11140645,청구동,2899,1750,1149,4,550,921,706,447,271,3,262,624,447,249,165,1,288,297,259,198,106,345114
2018,3,11140650,신당5동,1874,826,1048,2,243,456,439,441,293,1,86,190,214,190,145,1,157,266,225,251,148,310367
2018,3,11140665,동화동,2706,1245,1461,6,677,678,581,511,253,2,228,351,307,218,139,4,449,327,274,293,114,330049
2018,3,11140670,황학동,3219,1915,1304,5,580,816,764,644,410,2,266,513,502,377,255,3,314,303,262,267,155,327694
2018,3,11140680,중림동,7565,3964,3601,9,1374,2144,1887,1366,785,3,501,992,1090,868,510,6,873,1152,797,498,275,487576
2018,3,11170510,후암동,3325,1664,1661,6,471,762,804,883,399,2,139,397,482,416,228,4,332,365,322,467,171,868399
2018,3,11170520,용산2가동,3101,1648,1453,6,242,500,1147,940,266,2,122,263,563,549,149,4,120,237,584,391,117,2047347
2018,3,11170530,남영동,32591,15331,17260,569,13064,8716,5516,3058,1668,194,3664,5111,3638,1778,946,375,9400,3605,1878,1280,722,735947
2018,3,11170555,청파동,8159,4263,3896,14,1108,1911,1741,1790,1595,8,333,858,945,918,1201,6,775,1053,796,872,394,867676
2018,3,11170560,원효로1동,16321,8257,8064,83,3663,5712,4052,1869,942,34,1578,3028,2051,1016,550,49,2085,2684,2001,853,392,589294
2018,3,11170570,원효로2동,5255,3509,1746,37,659,1454,1315,830,960,25,375,1004,942,532,631,12,284,450,373,298,329,915567
2018,3,11170580,효창동,1820,949,871,3,225,390,525,425,252,2,72,196,298,216,165,1,153,194,227,209,87,470670
2018,3,11170590,용문동,1058,532,526,5,111,281,283,219,159,2,36,157,168,90,79,3,75,124,115,129,80,289284
2018,3,11170625,한강로동,70145,39132,31013,230,17441,23203,16940,8451,3880,118,6934,12763,10855,5795,2667,112,10507,10440,6085,2656,1213,3358956
2018,3,11170630,이촌1동,2077,940,1137,5,274,468,512,428,390,1,77,177,214,199,272,4,197,291,298,229,118,2143668
2018,3,11170640,이촌2동,492,286,206,1,97,124,95,90,85,1,58,80,55,49,43,0,39,44,40,41,42,1191110
2018,3,11170650,이태원1동,5715,3209,2506,18,1302,1627,1084,975,709,8,686,915,557,601,442,10,616,712,527,374,267,579369
2018,3,11170660,이태원2동,2640,1403,1237,7,488,693,499,421,532,2,222,377,277,210,315,5,266,316,222,211,217,879018
2018,3,11170685,한남동,15875,8310,7565,50,3939,5453,3455,1874,1104,24,1499,2956,2120,1086,625,26,2440,2497,1335,788,479,3198883
2018,3,11170690,서빙고동,4584,2599,1985,13,755,1372,1256,736,452,3,271,680,764,519,362,10,484,692,492,217,90,2198117
2018,3,11170700,보광동,988,546,442,0,93,176,258,258,203,0,28,86,145,146,141,0,65,90,113,112,62,890496
2018,3,11200520,왕십리2동,1226,554,672,3,152,278,328,260,205,2,42,106,147,125,132,1,110,172,181,135,73,385254
2018,3,11200535,왕십리도선동,8336,4136,4200,21,1554,1892,1876,1715,1278,10,529,976,1049,888,684,11,1025,916,827,827,594,718816
2018,3,11200540,마장동,11530,7839,3691,18,1041,2498,2941,3338,1694,16,623,1696,2056,2259,1189,2,418,802,885,1079,505,1082999
2018,3,11200550,사근동,7865,3882,3983,7,1467,1961,2157,1659,614,5,398,906,1078,1022,473,2,1069,1055,1079,637,141,1182945
2018,3,11200560,행당1동,5869,3107,2762,26,864,1350,1460,1443,726,12,277,593,767,959,499,14,587,757,693,484,227,552563
2018,3,11200570,행당2동,977,317,660,2,101,221,285,233,135,0,23,47,96,77,74,2,78,174,189,156,61,457197
2018,3,11200580,응봉동,453,184,269,0,52,87,117,118,79,0,14,25,33,48,64,0,38,62,84,70,15,547736
2018,3,11200590,금호1가동,967,395,572,5,122,236,260,201,143,2,29,91,92,81,100,3,93,145,168,120,43,441318
2018,3,11200615,금호2.3가동,1214,452,762,2,197,261,268,271,215,1,51,106,101,86,107,1,146,155,167,185,108,638261
2018,3,11200620,금호4가동,934,331,603,3,122,247,205,216,141,0,32,88,70,68,73,3,90,159,135,148,68,935263
2018,3,11200645,옥수동,2116,904,1212,8,382,504,534,413,275,1,120,206,220,191,166,7,262,298,314,222,109,1239152
2018,3,11200650,성수1가1동,7541,4481,3060,60,1310,2134,1824,1479,734,26,522,1239,1153,973,568,34,788,895,671,506,166,2248463
2018,3,11200660,성수1가2동,17337,10483,6854,46,3692,5648,3798,2499,1654,24,1474,3472,2563,1734,1216,22,2218,2176,1235,765,438,984783
2018,3,11200670,성수2가1동,42877,19125,23752,129,6609,10401,12763,11604,1371,94,4012,7375,4838,1914,892,35,2597,3026,7925,9690,479,1126355
2018,3,11200690,성수2가3동,49650,28457,21193,238,10560,13402,11888,8998,4564,127,4924,8454,7254,4641,3057,111,5636,4948,4634,4357,1507,1050781
2018,3,11200720,송정동,1909,1143,766,1,286,525,484,364,249,1,144,324,242,245,187,0,142,201,242,119,62,584812
2018,3,11200790,용답동,27939,22502,5437,79,3359,5322,8476,8566,2137,42,1996,4008,7197,7530,1729,37,1363,1314,1279,1036,408,2379362
2018,3,11215710,화양동,6214,2607,3607,26,1622,1743,1254,947,622,5,522,737,613,374,356,21,1100,1006,641,573,266,1124376
2018,3,11215730,군자동,6760,3455,3305,10,1187,1547,1747,1560,709,4,496,833,998,719,405,6,691,714,749,841,304,733236
2018,3,11215740,중곡1동,4092,2331,1761,11,385,746,902,964,1084,6,132,433,502,503,755,5,253,313,400,461,329,602769
2018,3,11215750,중곡2동,3893,1930,1963,7,453,801,966,997,669,1,187,400,483,481,378,6,266,401,483,516,291,544807
2018,3,11215760,중곡3동,2493,1180,1313,5,286,570,637,616,379,2,103,246,285,312,232,3,183,324,352,304,147,600824
2018,3,11215770,중곡4동,2496,1387,1109,4,243,481,643,693,432,1,81,245,344,403,313,3,162,236,299,290,119,2295463
2018,3,11215780,능동,3261,1670,1591,18,552,834,803,627,427,8,213,426,430,302,291,10,339,408,373,325,136,1094134
2018,3,11215810,광장동,8313,4280,4033,46,1508,2338,2048,1531,842,24,534,1140,1208,806,568,22,974,1198,840,725,274,2889609
2018,3,11215820,자양1동,9867,5900,3967,14,1226,2118,2367,2513,1629,5,425,1006,1424,1767,1273,9,801,1112,943,746,356,621606
2018,3,11215830,자양2동,5249,3400,1849,3,422,996,1533,1597,698,2,210,628,1085,1018,457,1,212,368,448,579,241,1630926
2018,3,11215840,자양3동,3013,1454,1559,15,459,739,743,613,444,8,174,367,363,267,275,7,285,372,380,346,169,1145609
2018,3,11215847,자양4동,2895,1606,1289,14,513,667,710,598,393,7,217,412,398,296,276,7,296,255,312,302,117,1148618
2018,3,11215850,구의1동,4570,2722,1848,2,521,1157,1199,1019,672,1,233,713,734,630,411,1,288,444,465,389,261,553095
2018,3,11215860,구의2동,3294,1721,1573,18,383,666,800,859,568,4,152,307,420,474,364,14,231,359,380,385,204,1363952
2018,3,11215870,구의3동,13651,7532,6119,54,1638,2745,3399,3391,2424,29,738,1665,1968,1697,1435,25,900,1080,1431,1694,989,1453971
2018,3,11230536,용신동,28326,14713,13613,97,3885,6875,7294,6011,4164,49,1585,3763,3787,3087,2442,48,2300,3112,3507,2924,1722,1590771
2018,3,11230545,제기동,6080,3441,2639,9,716,1221,1517,1483,1134,7,305,695,880,828,726,2,411,526,637,655,408,1184853
2018,3,11230560,전농1동,2758,1402,1356,7,415,558,708,644,426,2,188,276,387,314,235,5,227,282,321,330,191,1140490
2018,3,11230570,전농2동,3311,1621,1690,2,357,842,869,840,401,1,111,315,425,476,293,1,246,527,444,364,108,983768
2018,3,11230600,답십리1동,5102,2593,2509,9,705,1002,1342,1151,893,3,306,550,645,524,565,6,399,452,697,627,328,838156
2018,3,11230610,답십리2동,3693,2193,1500,8,378,771,976,878,682,8,193,448,608,500,436,0,185,323,368,378,246,814945
2018,3,11230650,장안1동,14056,8092,5964,33,1814,3120,3290,2976,2823,15,770,1737,1941,1703,1926,18,1044,1383,1349,1273,897,1360347
2018,3,11230660,장안2동,6870,3320,3550,20,978,1444,1766,1652,1010,6,402,725,872,766,549,14,576,719,894,886,461,1119438
2018,3,11230705,청량리동,5743,3205,2538,16,943,1471,1252,1267,794,10,426,854,727,705,483,6,517,617,525,562,311,1197287
2018,3,11230710,회기동,4103,1502,2601,8,909,1238,887,762,299,1,256,507,336,260,142,7,653,731,551,502,157,829432
2018,3,11230720,휘경1동,1737,926,811,6,216,297,387,340,491,2,76,162,205,163,318,4,140,135,182,177,173,519932
2018,3,11230730,휘경2동,4024,1583,2441,12,733,979,964,898,438,4,184,408,420,358,209,8,549,571,544,540,229,1207585
2018,3,11230740,이문1동,5394,2927,2467,7,570,1320,1623,1259,615,3,176,555,890,838,465,4,394,765,733,421,150,986690
2018,3,11230750,이문2동,998,494,504,2,112,171,244,275,194,2,24,66,107,149,146,0,88,105,137,126,48,698476
2018,3,11260520,면목2동,2672,1321,1351,4,248,465,697,765,493,2,77,206,339,383,314,2,171,259,358,382,179,743106
2018,3,11260540,면목4동,1792,1091,701,2,184,283,455,642,226,0,63,131,275,451,171,2,121,152,180,191,55,821882
2018,3,11260550,면목5동,1057,703,354,1,90,161,235,332,238,0,38,96,148,225,196,1,52,65,87,107,42,591696
2018,3,11260565,면목본동,2430,947,1483,6,284,403,628,688,421,3,77,170,264,224,209,3,207,233,364,464,212,840931
2018,3,11260570,면목7동,1490,708,782,4,187,285,330,392,292,0,50,113,155,193,197,4,137,172,175,199,95,1202721
2018,3,11260575,면목3.8동,3471,1826,1645,0,477,694,925,941,434,0,152,288,500,592,294,0,325,406,425,349,140,1591050
2018,3,11260580,상봉1동,3136,1730,1406,18,335,512,688,934,649,12,102,214,310,585,507,6,233,298,378,349,142,917193
2018,3,11260590,상봉2동,7568,4834,2734,33,1040,1846,2129,1673,847,15,539,1247,1359,1095,579,18,501,599,770,578,268,658991
2018,3,11260600,중화1동,1824,725,1099,5,220,363,521,499,216,2,67,134,211,198,113,3,153,229,310,301,103,637209
2018,3,11260610,중화2동,4382,3006,1376,7,268,504,695,816,2092,6,117,266,381,440,1796,1,151,238,314,376,296,960402
2018,3,11260620,묵1동,3110,1391,1719,4,354,724,868,755,405,1,115,343,349,330,253,3,239,381,519,425,152,1184393
2018,3,11260630,묵2동,1861,905,956,1,236,394,494,477,259,1,78,193,244,240,149,0,158,201,250,237,110,682005
2018,3,11260655,망우본동,5746,2720,3026,13,748,1160,1343,1473,1009,4,209,481,631,707,688,9,539,679,712,766,321,3074745
2018,3,11260660,망우3동,1697,794,903,4,134,296,423,486,354,2,27,128,203,223,211,2,107,168,220,263,143,967313
2018,3,11260680,신내1동,6628,3511,3117,5,967,1470,1508,1749,929,2,314,752,803,1003,637,3,653,718,705,746,292,2361684
2018,3,11260690,신내2동,4305,2094,2211,4,440,947,1093,1166,655,0,141,399,493,663,398,4,299,548,600,503,257,939758
2018,3,11290525,성북동,3065,1423,1642,15,510,900,845,533,262,6,161,433,386,274,163,9,349,467,459,259,99,3067396
2018,3,11290555,삼선동,8583,4359,4224,12,1130,1903,2108,2217,1213,5,402,882,1095,1304,671,7,728,1021,1013,913,542,1177823
2018,3,11290575,동선동,6219,2620,3599,22,1103,1187,1243,1152,1512,6,292,550,597,529,646,16,811,637,646,623,866,729672
2018,3,11290580,돈암1동,947,333,614,1,109,211,247,257,122,1,25,68,92,83,64,0,84,143,155,174,58,461503
2018,3,11290590,돈암2동,709,235,474,1,112,222,183,116,75,0,20,83,61,32,39,1,92,139,122,84,36,414465
2018,3,11290600,안암동,9606,4783,4823,28,1718,2857,2482,1782,739,6,486,1208,1406,1164,513,22,1232,1649,1076,618,226,1295307
2018,3,11290610,보문동,3591,1944,1647,10,382,615,689,725,1170,4,125,319,345,345,806,6,257,296,344,380,364,551172
2018,3,11290620,정릉1동,1152,487,665,1,136,222,327,297,169,1,33,96,121,134,102,0,103,126,206,163,67,475568
2018,3,11290630,정릉2동,1536,716,820,11,180,321,397,392,235,4,62,133,174,191,152,7,118,188,223,201,83,1165255
2018,3,11290640,정릉3동,2865,1686,1179,1,330,558,843,781,352,1,94,266,505,547,273,0,236,292,338,234,79,3182234
2018,3,11290650,정릉4동,2839,1759,1080,3,275,423,705,896,537,0,61,213,463,624,398,3,214,210,242,272,139,3714207
2018,3,11290660,길음1동,2143,765,1378,9,287,434,583,466,364,3,50,147,188,176,201,6,237,287,395,290,163,753885
2018,3,11290685,길음2동,1128,417,711,5,212,280,294,211,126,3,56,117,117,72,52,2,156,163,177,139,74,423663
2018,3,11290705,종암동,3896,1804,2092,10,549,871,1014,997,455,2,182,446,476,481,217,8,367,425,538,516,238,1494677
2018,3,11290715,월곡1동,3773,1675,2098,14,546,791,974,910,538,6,197,375,435,386,276,8,349,416,539,524,262,974658
2018,3,11290725,월곡2동,5389,2970,2419,11,980,1446,1264,1021,667,2,398,871,723,553,423,9,582,575,541,468,244,1330228
2018,3,11290760,장위1동,943,358,585,1,85,143,254,299,161,0,24,52,92,117,73,1,61,91,162,182,88,714821
2018,3,11290770,장위2동,2055,1098,957,1,189,348,517,554,446,0,73,191,250,269,315,1,116,157,267,285,131,682224
2018,3,11290780,장위3동,1628,937,691,3,147,254,364,498,362,0,48,111,193,298,287,3,99,143,171,200,75,663549
2018,3,11290810,석관동,5047,2946,2101,5,394,850,1110,1154,1534,1,127,406,595,688,1129,4,267,444,515,466,405,1773773
2018,3,11305534,삼양동,1495,591,904,1,175,306,370,385,258,1,38,95,119,165,173,0,137,211,251,220,85,959451
2018,3,11305535,미아동,2693,1130,1563,4,407,575,677,631,399,1,127,243,305,250,204,3,280,332,372,381,195,835492
2018,3,11305545,송중동,3522,1546,1976,18,500,756,938,777,533,11,189,334,400,311,301,7,311,422,538,466,232,1085065
2018,3,11305555,송천동,3451,1539,1912,8,336,561,725,836,985,4,108,246,344,399,438,4,228,315,381,437,547,928301
2018,3,11305575,삼각산동,1281,408,873,3,159,307,427,257,128,1,32,101,118,92,64,2,127,206,309,165,64,603256
2018,3,11305590,번1동,4381,2327,2054,14,513,869,958,1169,858,7,172,499,516,663,470,7,341,370,442,506,388,619363
2018,3,11305600,번2동,2115,1302,813,1,209,290,545,730,340,1,102,148,301,515,235,0,107,142,244,215,105,992960
2018,3,11305606,번3동,1470,681,789,8,223,243,345,376,275,7,84,102,152,174,162,1,139,141,193,202,113,1075371
2018,3,11305610,수유1동,3029,1551,1478,3,251,507,798,927,543,0,75,244,408,505,319,3,176,263,390,422,224,1748455
2018,3,11305620,수유2동,2096,888,1208,6,177,287,440,547,639,2,57,147,200,222,260,4,120,140,240,325,379,593685
2018,3,11305630,수유3동,4929,2523,2406,10,630,1193,1214,1192,690,7,257,577,613,666,403,3,373,616,601,526,287,725084
2018,3,11305645,우이동,2452,1521,931,2,215,295,471,766,703,0,95,168,279,519,460,2,120,127,192,247,243,10680138
2018,3,11305660,인수동,3410,1521,1889,3,415,685,837,880,590,3,132,295,350,379,362,0,283,390,487,501,228,2869695
2018,3,11320511,창1동,1831,672,1159,4,251,372,461,515,228,2,61,133,166,191,119,2,190,239,295,324,109,1104916
2018,3,11320512,창2동,2277,1160,1117,18,255,389,632,635,348,10,87,189,288,332,254,8,168,200,344,303,94,654615
2018,3,11320513,창3동,951,360,591,4,95,177,253,274,148,4,26,59,98,94,79,0,69,118,155,180,69,635079
2018,3,11320514,창4동,3823,2294,1529,2,370,600,945,1103,803,0,120,308,538,724,604,2,250,292,407,379,199,1155759
2018,3,11320515,창5동,5130,2509,2621,9,627,1229,1370,1316,579,4,201,577,674,714,339,5,426,652,696,602,240,676820
2018,3,11320521,도봉1동,3276,1981,1295,8,225,445,794,1145,659,5,90,240,446,738,462,3,135,205,348,407,197,8547209
2018,3,11320522,도봉2동,5137,2808,2329,7,367,768,1064,1088,1843,3,143,333,513,600,1216,4,224,435,551,488,627,1204332
2018,3,11320660,쌍문1동,2409,941,1468,1,375,421,581,666,365,0,76,166,220,251,228,1,299,255,361,415,137,1177010
2018,3,11320670,쌍문2동,3015,1595,1420,3,285,463,632,772,860,3,104,242,290,376,580,0,181,221,342,396,280,539384
2018,3,11320680,쌍문3동,2156,935,1221,3,466,497,496,497,197,1,118,226,213,246,131,2,348,271,283,251,66,504867
2018,3,11320681,쌍문4동,1201,477,724,1,142,302,295,302,159,0,30,119,106,106,116,1,112,183,189,196,43,543784
2018,3,11320690,방학1동,5232,2866,2366,23,601,862,1136,1503,1107,8,247,443,566,835,767,15,354,419,570,668,340,1041785
2018,3,11320700,방학2동,1306,571,735,1,124,248,337,336,260,0,51,127,146,122,125,1,73,121,191,214,135,1102018
2018,3,11320710,방학3동,1846,797,1049,0,136,240,439,595,436,0,35,73,177,227,285,0,101,167,262,368,151,1856777
2018,3,11350560,월계1동,2796,1509,1287,8,320,511,672,717,568,5,103,243,363,424,371,3,217,268,309,293,197,1218934
2018,3,11350570,월계2동,2200,1107,1093,8,235,424,592,621,320,4,88,159,286,344,226,4,147,265,306,277,94,1991095
2018,3,11350580,월계3동,1632,673,959,0,137,240,430,526,299,0,34,103,150,215,171,0,103,137,280,311,128,1133881
2018,3,11350595,공릉1동,9209,4751,4458,16,1042,1694,2162,2397,1898,9,443,990,1119,1125,1065,7,599,704,1043,1272,833,1217193
2018,3,11350600,공릉2동,6469,3036,3433,4,827,1333,1667,1628,1010,2,196,534,738,810,756,2,631,799,929,818,254,7207339
2018,3,11350611,하계1동,7666,4183,3483,13,1188,1918,1835,1903,809,9,432,993,1037,1197,515,4,756,925,798,706,294,1467562
2018,3,11350612,하계2동,652,233,419,2,53,102,192,211,92,1,8,29,48,66,81,1,45,73,144,145,11,513857
2018,3,11350619,중계본동,2491,1157,1334,3,216,396,552,601,723,2,83,167,232,265,408,1,133,229,320,336,315,2094464
2018,3,11350621,중계1동,1549,631,918,10,197,281,429,410,222,2,64,112,145,158,150,8,133,169,284,252,72,624508
2018,3,11350624,중계4동,2174,925,1249,11,197,440,558,612,356,3,60,202,244,248,168,8,137,238,314,364,188,1540528
2018,3,11350625,중계2.3동,2839,1164,1675,2,342,561,732,797,405,1,120,256,281,277,229,1,222,305,451,520,176,912217
2018,3,11350630,상계1동,6027,3195,2832,8,467,889,1356,1473,1834,5,183,476,652,751,1128,3,284,413,704,722,706,4997346
2018,3,11350640,상계2동,4653,1816,2837,29,817,865,1045,1189,708,11,272,379,409,421,324,18,545,486,636,768,384,629194
2018,3,11350665,상계3.4동,3494,1970,1524,1,212,335,705,1072,1169,0,64,159,376,676,695,1,148,176,329,396,474,5751720
2018,3,11350670,상계5동,2246,1034,1212,4,154,264,430,557,837,1,66,158,176,213,420,3,88,106,254,344,417,473604
2018,3,11350695,상계6.7동,8853,3443,5410,9,1531,2223,2248,1895,947,0,342,724,871,993,513,9,1189,1499,1377,902,434,1434043
2018,3,11350700,상계8동,1146,392,754,2,128,223,359,294,140,2,36,79,73,99,103,0,92,144,286,195,37,668937
2018,3,11350710,상계9동,1306,478,828,2,121,268,389,368,158,0,30,84,107,149,108,2,91,184,282,219,50,833448
2018,3,11350720,상계10동,1004,375,629,2,96,207,270,305,124,0,19,64,89,124,79,2,77,143,181,181,45,802642
2018,3,11380510,녹번동,7268,3571,3697,11,789,1660,1932,1884,992,6,297,721,905,1051,591,5,492,939,1027,833,401,1923020
2018,3,11380520,불광1동,2632,1094,1538,3,363,737,692,520,317,1,124,317,296,189,167,2,239,420,396,331,150,2948578
2018,3,11380530,불광2동,3580,1739,1841,7,478,756,987,866,486,5,193,408,474,428,231,2,285,348,513,438,255,1756596
2018,3,11380551,갈현1동,2232,963,1269,13,363,471,578,478,329,3,121,235,220,212,172,10,242,236,358,266,157,909869
2018,3,11380552,갈현2동,3328,1288,2040,7,400,697,838,862,524,6,98,302,335,287,260,1,302,395,503,575,264,1018512
2018,3,11380560,구산동,4220,1917,2303,10,428,732,950,1362,738,2,123,279,409,712,392,8,305,453,541,650,346,1316383
2018,3,11380570,대조동,3577,1418,2159,12,420,668,954,889,634,5,134,270,386,319,304,7,286,398,568,570,330,867572
2018,3,11380580,응암1동,3885,1698,2187,9,463,793,1011,912,697,5,137,328,446,362,420,4,326,465,565,550,277,1126418
2018,3,11380590,응암2동,978,459,519,1,104,205,244,256,168,0,21,65,103,145,125,1,83,140,141,111,43,554079
2018,3,11380600,응암3동,3027,1246,1781,5,382,577,834,781,448,5,163,235,324,295,224,0,219,342,510,486,224,933101
2018,3,11380625,역촌동,4132,1871,2261,6,442,832,1041,1038,773,1,148,370,481,451,420,5,294,462,560,587,353,1138805
2018,3,11380631,신사1동,2059,925,1134,3,243,405,493,516,399,2,80,202,229,212,200,1,163,203,264,304,199,823498
2018,3,11380632,신사2동,1806,837,969,2,139,288,430,458,489,0,38,120,184,243,252,2,101,168,246,215,237,1050676
2018,3,11380640,증산동,2331,1374,957,6,239,401,570,600,515,5,89,207,315,354,404,1,150,194,255,246,111,929526
2018,3,11380650,수색동,1407,664,743,11,259,292,319,320,206,6,56,104,166,203,129,5,203,188,153,117,77,1169504
2018,3,11380690,진관동,4925,2402,2523,25,664,839,1285,1482,630,9,210,359,609,815,400,16,454,480,676,667,230,12836383
2018,3,11410520,천연동,1572,658,914,1,176,309,436,445,205,1,53,116,192,183,113,0,123,193,244,262,92,866603
2018,3,11410555,북아현동,1299,502,797,3,140,216,331,338,271,1,44,84,126,115,132,2,96,132,205,223,139,461555
2018,3,11410565,충현동,25213,15085,10128,27,3785,8006,6718,4593,2084,13,1656,4637,4289,3040,1450,14,2129,3369,2429,1553,634,1139343
2018,3,11410585,신촌동,20466,8259,12207,76,5133,6323,4616,3090,1228,33,1487,2385,1954,1630,770,43,3646,3938,2662,1460,458,2504686
2018,3,11410615,연희동,8808,4751,4057,35,1197,2175,2118,2066,1217,28,468,1146,1110,1201,798,7,729,1029,1008,865,419,2965760
2018,3,11410620,홍제1동,1816,751,1065,4,233,378,490,430,281,4,60,158,193,183,153,0,173,220,297,247,128,1492096
2018,3,11410640,홍제3동,1580,607,973,0,198,314,365,347,356,0,50,95,127,132,203,0,148,219,238,215,153,1093373
2018,3,11410655,홍제2동,1120,509,611,1,110,166,264,349,230,1,45,71,99,175,118,0,65,95,165,174,112,705399
2018,3,11410660,홍은1동,1411,545,866,5,166,268,373,389,210,3,50,86,128,146,132,2,116,182,245,243,78,1538023
2018,3,11410685,홍은2동,3502,1889,1613,3,439,706,802,958,594,2,149,345,424,549,420,1,290,361,378,409,174,2049745
2018,3,11410690,남가좌1동,1348,678,670,9,230,293,343,297,176,5,60,126,186,190,111,4,170,167,157,107,65,484765
2018,3,11410700,남가좌2동,1599,761,838,5,198,316,445,397,238,2,56,132,202,197,172,3,142,184,243,200,66,787125
2018,3,11410710,북가좌1동,1774,1130,644,3,155,282,382,486,466,3,51,134,205,334,403,0,104,148,177,152,63,562752
2018,3,11410720,북가좌2동,2654,1386,1268,6,247,409,660,768,564,3,93,195,334,425,336,3,154,214,326,343,228,806705
2018,3,11440555,아현동,21982,11840,10142,60,3982,6576,5479,4244,1641,33,1500,3666,3344,2290,1007,27,2482,2910,2135,1954,634,870645
2018,3,11440565,공덕동,10924,6880,4044,21,1934,2782,2959,2240,988,8,1043,1682,1990,1625,532,13,891,1100,969,615,456,891209
2018,3,11440585,도화동,15575,8461,7114,42,2832,4230,3784,2933,1754,20,1200,2398,2197,1446,1200,22,1632,1832,1587,1487,554,863516
2018,3,11440590,용강동,18528,10236,8292,114,3011,4624,4537,3767,2475,38,1251,2708,2811,1899,1529,76,1760,1916,1726,1868,946,910388
2018,3,11440600,대흥동,5900,3094,2806,21,865,1606,1444,1205,759,8,303,795,843,701,444,13,562,811,601,504,315,854083
2018,3,11440610,염리동,7914,5293,2621,89,1335,2258,2073,1371,788,38,762,1609,1551,805,528,51,573,649,522,566,260,549601
2018,3,11440630,신수동,4297,2401,1896,17,587,1239,1247,804,403,9,247,680,741,457,267,8,340,559,506,347,136,914314
2018,3,11440655,서강동,9731,5465,4266,26,1900,2425,2059,1507,1814,14,822,1365,1363,926,975,12,1078,1060,696,581,839,1890596
2018,3,11440660,서교동,49373,24588,24785,238,12545,13590,10606,7277,5117,102,4729,7466,6246,3461,2584,136,7816,6124,4360,3816,2533,1641475
2018,3,11440680,합정동,10990,5956,5034,34,2278,3573,2886,1508,711,10,731,1868,1850,1020,477,24,1547,1705,1036,488,234,1792621
2018,3,11440690,망원1동,2919,1527,1392,7,551,762,735,532,332,0,252,442,414,236,183,7,299,320,321,296,149,1111518
2018,3,11440700,망원2동,2623,1357,1266,2,358,643,698,541,381,0,131,337,380,273,236,2,227,306,318,268,145,1209563
2018,3,11440710,연남동,4971,2698,2273,14,1173,1543,1135,700,406,8,516,872,669,384,249,6,657,671,466,316,157,641653
2018,3,11440720,성산1동,8916,5732,3184,29,1069,1785,1845,1664,2524,20,419,1006,1155,1048,2084,9,650,779,690,616,440,855779
2018,3,11440730,성산2동,9455,4508,4947,10,579,1420,1816,2784,2846,6,219,577,891,1201,1614,4,360,843,925,1583,1232,1990923
2018,3,11440740,상암동,36040,21535,14505,53,7206,13147,9655,4275,1704,26,2532,7529,6995,3129,1324,27,4674,5618,2660,1146,380,7646126
2018,3,11470510,목1동,14339,8543,5796,60,2290,3744,3919,3031,1295,22,895,2118,2598,2089,821,38,1395,1626,1321,942,474,1572490
2018,3,11470520,목2동,2594,1360,1234,0,288,714,691,584,317,0,112,412,344,312,180,0,176,302,347,272,137,1021500
2018,3,11470530,목3동,2404,1164,1240,8,388,609,599,524,276,3,133,318,300,232,178,5,255,291,299,292,98,533074
2018,3,11470540,목4동,2123,942,1181,4,192,375,504,580,468,3,70,160,216,223,270,1,122,215,288,357,198,578170
2018,3,11470550,목5동,6255,2208,4047,9,1009,1637,1531,1237,832,4,186,467,518,524,509,5,823,1170,1013,713,323,2055129
2018,3,11470560,신월1동,2649,1550,1099,7,187,417,684,843,511,6,70,239,380,512,343,1,117,178,304,331,168,625887
2018,3,11470570,신월2동,2155,1051,1104,1,181,354,556,652,411,0,69,152,235,336,259,1,112,202,321,316,152,608140
2018,3,11470580,신월3동,2652,1468,1184,2,218,443,657,811,521,2,82,208,327,458,391,0,136,235,330,353,130,932122
2018,3,11470590,신월4동,2019,1160,859,3,156,324,463,574,499,2,63,178,223,324,370,1,93,146,240,250,129,470224
2018,3,11470600,신월5동,2714,1623,1091,0,202,348,536,570,1058,0,61,127,208,268,959,0,141,221,328,302,99,523363
2018,3,11470610,신월6동,1224,624,600,4,134,193,295,362,236,3,48,96,122,186,169,1,86,97,173,176,67,437027
2018,3,11470611,신월7동,3576,2369,1207,1,314,555,851,1055,800,1,209,362,483,691,623,0,105,193,368,364,177,1403954
2018,3,11470620,신정1동,2707,1237,1470,7,293,590,727,643,447,2,103,274,334,283,241,5,190,316,393,360,206,722680
2018,3,11470630,신정2동,1891,807,1084,8,213,344,530,498,298,4,66,155,215,183,184,4,147,189,315,315,114,594999
2018,3,11470640,신정3동,6120,3311,2809,10,561,1124,1485,1678,1262,2,181,477,734,937,980,8,380,647,751,741,282,2650845
2018,3,11470650,신정4동,7877,3824,4053,21,877,1514,1884,1828,1753,10,280,704,940,801,1089,11,597,810,944,1027,664,996406
2018,3,11470670,신정6동,5771,3091,2680,17,772,1458,1418,1556,550,17,392,687,689,966,340,0,380,771,729,590,210,972556
2018,3,11470680,신정7동,2001,824,1177,4,216,396,585,526,274,1,65,171,204,209,174,3,151,225,381,317,100,1144112
2018,3,11500510,염창동,12242,7359,4883,30,1824,3354,3240,2351,1443,16,716,1989,2100,1475,1063,14,1108,1365,1140,876,380,1957926
2018,3,11500520,등촌1동,29644,11881,17763,178,3545,6967,9161,8530,1263,100,1900,4426,3342,1364,749,78,1645,2541,5819,7166,514,649434
2018,3,11500530,등촌2동,2392,1248,1144,4,260,526,608,620,374,4,87,236,312,345,264,0,173,290,296,275,110,908847
2018,3,11500535,등촌3동,19177,9598,9579,51,3029,3616,3829,5346,3306,41,1341,2122,2210,2120,1764,10,1688,1494,1619,3226,1542,1049363
2018,3,11500540,화곡1동,4945,2221,2724,18,602,1061,1275,1228,761,7,222,510,605,479,398,11,380,551,670,749,363,1194778
2018,3,11500550,화곡2동,1611,759,852,3,220,433,447,372,136,1,92,234,202,143,87,2,128,199,245,229,49,456061
2018,3,11500560,화곡3동,2462,1095,1367,3,261,396,581,773,448,0,82,208,305,268,232,3,179,188,276,505,216,515596
2018,3,11500570,화곡4동,1923,905,1018,4,224,401,506,520,268,0,72,196,219,247,171,4,152,205,287,273,97,853460
2018,3,11500590,화곡본동,2348,873,1475,7,301,510,615,539,376,4,66,202,250,189,162,3,235,308,365,350,214,1007050
2018,3,11500591,화곡6동,9910,5858,4052,18,1111,2247,2517,2511,1506,10,488,1237,1552,1602,969,8,623,1010,965,909,537,1034624
2018,3,11500593,화곡8동,1786,628,1158,1,206,321,392,477,389,0,75,152,155,107,139,1,131,169,237,370,250,567208
2018,3,11500603,가양1동,26583,17564,9019,109,4132,8122,8375,4087,1758,46,1968,5224,6191,2849,1286,63,2164,2898,2184,1238,472,5908521
2018,3,11500604,가양2동,2218,1126,1092,9,310,475,433,414,577,5,102,215,210,164,430,4,208,260,223,250,147,996881
2018,3,11500605,가양3동,5703,3465,2238,38,1152,1561,1525,969,458,21,620,979,971,574,300,17,532,582,554,395,158,691403
2018,3,11500611,발산1동,7460,3892,3568,20,824,1658,1960,1933,1065,7,241,815,991,1075,763,13,583,843,969,858,302,3032326
2018,3,11500615,우장산동,4638,2064,2574,37,766,968,1174,961,732,16,244,460,568,397,379,21,522,508,606,564,353,1268459
2018,3,11500620,공항동,43739,25961,17778,31,7513,13843,12375,8134,1843,11,2310,6624,8327,7106,1583,20,5203,7219,4048,1028,260,11377979
2018,3,11500630,방화1동,8185,5283,2902,7,853,1995,2156,2228,946,2,447,1362,1415,1477,580,5,406,633,741,751,366,1125789
2018,3,11500640,방화2동,3945,2403,1542,4,390,782,988,977,804,1,172,461,563,618,588,3,218,321,425,359,216,5564098
2018,3,11500641,방화3동,3310,1734,1576,7,222,564,744,924,849,3,62,202,392,607,468,4,160,362,352,317,381,1964100
2018,3,11530510,신도림동,9286,5138,4148,26,1440,2484,2479,1851,1006,4,601,1347,1362,1093,731,22,839,1137,1117,758,275,1312211
2018,3,11530520,구로1동,2366,1055,1311,13,182,495,551,425,700,3,87,275,277,193,220,10,95,220,274,232,480,1004193
2018,3,11530530,구로2동,27309,14779,12530,34,3735,8029,7114,5523,2874,19,1371,3901,3946,3494,2048,15,2364,4128,3168,2029,826,1807452
2018,3,11530540,구로3동,79099,48050,31049,332,16523,27039,19039,10276,5890,191,7494,17796,12894,5806,3869,141,9029,9243,6145,4470,2021,1033159
2018,3,11530550,구로4동,2669,1194,1475,1,321,535,736,612,464,1,102,214,325,258,294,0,219,321,411,354,170,538215
2018,3,11530560,구로5동,20092,11998,8094,50,3096,5668,4686,3927,2665,28,1586,3417,3128,2272,1567,22,1510,2251,1558,1655,1098,1075552
2018,3,11530595,가리봉동,1551,623,928,1,192,275,338,392,353,0,78,137,127,129,152,1,114,138,211,263,201,415751
2018,3,11530720,고척1동,6258,3667,2591,8,657,1153,1496,1561,1383,3,280,636,851,915,982,5,377,517,645,646,401,1100132
2018,3,11530730,고척2동,1993,901,1092,0,190,346,561,545,351,0,77,169,205,241,209,0,113,177,356,304,142,1013917
2018,3,11530740,개봉1동,3076,1397,1679,1,342,525,780,856,572,1,118,265,326,366,321,0,224,260,454,490,251,1168155
2018,3,11530750,개봉2동,1422,569,853,1,175,266,408,338,234,1,35,97,158,144,134,0,140,169,250,194,100,825368
2018,3,11530760,개봉3동,4918,2504,2414,1,164,322,502,758,3171,1,55,128,181,314,1825,0,109,194,321,444,1346,831642
2018,3,11530770,오류1동,2937,1377,1560,14,356,521,698,757,591,5,115,272,301,290,394,9,241,249,397,467,197,707130
2018,3,11530780,오류2동,4538,2311,2227,3,487,996,1127,1215,710,2,155,488,539,618,509,1,332,508,588,597,201,4314692
2018,3,11530790,수궁동,4180,2571,1609,10,414,926,1022,1143,665,8,200,531,610,701,521,2,214,395,412,442,144,2684146
2018,3,11545510,가산동,135277,87257,48020,532,27762,43549,34293,18914,10227,299,13714,29408,24261,12227,7348,233,14048,14141,10032,6687,2879,2245346
2018,3,11545610,독산1동,17239,11126,6113,49,1994,4001,4453,4319,2423,30,1114,2744,2868,2660,1710,19,880,1257,1585,1659,713,1956086
2018,3,11545620,독산2동,1659,759,900,0,160,291,444,444,320,0,53,122,190,192,202,0,107,169,254,252,118,596742
2018,3,11545630,독산3동,4827,2909,1918,4,377,735,883,1060,1768,2,130,332,399,514,1532,2,247,403,484,546,236,982894
2018,3,11545640,독산4동,1779,1012,767,3,238,321,482,477,258,1,116,177,268,273,177,2,122,144,214,204,81,605029
2018,3,11545670,시흥1동,9912,4498,5414,32,1533,2358,2077,2127,1785,15,631,1110,908,983,851,17,902,1248,1169,1144,934,1437595
2018,3,11545680,시흥2동,1366,435,931,1,149,291,345,341,239,0,29,68,103,96,139,1,120,223,242,245,100,1170211
2018,3,11545690,시흥3동,8835,5456,3379,14,677,1542,2659,2639,1304,2,359,982,1541,1577,995,12,318,560,1118,1062,309,1328458
2018,3,11545700,시흥4동,934,320,614,0,83,164,268,292,127,0,26,57,82,97,58,0,57,107,186,195,69,873884
2018,3,11545710,시흥5동,1915,966,949,4,132,254,494,661,370,2,36,105,247,360,216,2,96,149,247,301,154,1368598
2018,3,11560515,영등포본동,2601,1198,1403,24,390,544,684,569,390,13,149,255,285,243,253,11,241,289,399,326,137,843586
2018,3,11560535,영등포동,24275,14233,10042,104,3801,6225,5716,4743,3686,42,1582,3651,3587,2908,2463,62,2219,2574,2129,1835,1223,1390482
2018,3,11560540,여의동,284886,188919,95967,530,44809,105700,80066,42063,11718,124,20698,69507,58873,32533,7184,406,24111,36193,21193,9530,4534,6703511
2018,3,11560550,당산1동,18315,10114,8201,66,2698,4390,4086,3928,3147,39,1096,2380,2404,2339,1856,27,1602,2010,1682,1589,1291,746447
2018,3,11560560,당산2동,29858,16424,13434,140,5548,7105,6923,5380,4762,59,2207,3973,3771,3082,3332,81,3341,3132,3152,2298,1430,1526636
2018,3,11560585,도림동,2072,1291,781,7,187,402,539,472,465,5,81,246,349,279,331,2,106,156,190,193,134,539427
2018,3,11560605,문래동,41153,24459,16694,116,7904,11225,10111,6624,5173,41,3612,6673,5936,4213,3984,75,4292,4552,4175,2411,1189,1738475
2018,3,11560610,양평1동,19418,10651,8767,80,3893,4696,4241,3771,2737,41,1877,2832,2410,1800,1691,39,2016,1864,1831,1971,1046,869573
2018,3,11560620,양평2동,34723,18700,16023,100,5902,11778,10449,4822,1672,43,2495,6546,5558,2855,1203,57,3407,5232,4891,1967,469,2573400
2018,3,11560630,신길1동,3778,1863,1915,10,486,627,753,927,975,3,136,278,401,462,583,7,350,349,352,465,392,762886
2018,3,11560650,신길3동,1585,715,870,2,140,296,391,416,340,1,37,135,178,190,174,1,103,161,213,226,166,510335
2018,3,11560660,신길4동,1123,524,599,1,134,301,302,247,138,0,41,148,154,114,67,1,93,153,148,133,71,298738
2018,3,11560670,신길5동,1302,605,697,0,131,292,304,345,230,0,62,131,129,155,128,0,69,161,175,190,102,498387
2018,3,11560680,신길6동,2801,1368,1433,8,327,576,698,636,556,2,123,271,320,292,360,6,204,305,378,344,196,676005
2018,3,11560690,신길7동,2744,1675,1069,2,355,620,688,757,322,1,199,410,457,390,218,1,156,210,231,367,104,599547
2018,3,11560700,대림1동,2711,980,1731,1,681,657,586,508,278,1,117,254,225,234,149,0,564,403,361,274,129,493503
2018,3,11560710,대림2동,2222,993,1229,1,207,496,705,477,336,0,46,227,249,244,227,1,161,269,456,233,109,574495
2018,3,11560720,대림3동,8002,4603,3399,22,929,1721,2050,1918,1362,14,434,1088,1295,1045,727,8,495,633,755,873,635,933892
2018,3,11590510,노량진1동,4292,2358,1934,8,510,1015,1040,1096,623,2,195,593,645,592,331,6,315,422,395,504,292,1876800
2018,3,11590520,노량진2동,5295,2794,2501,7,684,1348,1285,1257,714,1,353,586,664,744,446,6,331,762,621,513,268,619921
2018,3,11590530,상도1동,4884,2426,2458,10,600,1116,1311,1114,733,1,208,527,648,608,434,9,392,589,663,506,299,1492421
2018,3,11590540,상도2동,2795,1222,1573,2,296,548,779,735,435,0,90,222,350,357,203,2,206,326,429,378,232,771971
2018,3,11590550,상도3동,1407,554,853,8,175,290,345,392,197,5,66,121,132,130,100,3,109,169,213,262,97,662403
2018,3,11590560,상도4동,1819,707,1112,6,291,362,482,421,257,1,97,153,185,145,126,5,194,209,297,276,131,947172
2018,3,11590605,흑석동,5927,2683,3244,5,1097,1607,1452,1195,571,2,289,617,702,674,399,3,808,990,750,521,172,2062251
2018,3,11590620,사당1동,5295,2877,2418,9,986,1325,1384,977,614,6,351,746,839,548,387,3,635,579,545,429,227,630335
2018,3,11590630,사당2동,3928,1502,2426,20,465,740,925,1153,625,6,159,332,370,356,279,14,306,408,555,797,346,3064442
2018,3,11590640,사당3동,2590,1319,1271,3,206,347,544,619,871,2,88,163,254,298,514,1,118,184,290,321,357,898029
2018,3,11590650,사당4동,1022,463,559,0,117,189,257,225,234,0,26,74,106,99,158,0,91,115,151,126,76,431219
2018,3,11590651,사당5동,963,444,519,3,152,220,261,232,95,2,68,86,119,101,68,1,84,134,142,131,27,658780
2018,3,11590660,대방동,9771,5609,4162,47,1278,2738,2389,1888,1431,5,570,1659,1442,1081,852,42,708,1079,947,807,579,1591876
2018,3,11590670,신대방1동,3044,1930,1114,5,448,775,844,592,380,5,262,537,532,341,253,0,186,238,312,251,127,685547
2018,3,11590680,신대방2동,18954,10311,8643,58,3045,5289,5199,3860,1503,32,1416,2941,2856,2146,920,26,1629,2348,2343,1714,583,1024271
2018,3,11620525,보라매동,5361,2295,3066,15,715,1536,1779,940,376,9,257,571,698,520,240,6,458,965,1081,420,136,758003
2018,3,11620545,청림동,676,253,423,1,111,148,188,124,104,1,27,48,65,48,64,0,84,100,123,76,40,305629
2018,3,11620565,성현동,1689,764,925,5,207,351,470,383,273,3,85,172,190,171,143,2,122,179,280,212,130,695625
2018,3,11620575,행운동,3875,1986,1889,28,718,901,872,729,627,18,316,466,459,338,389,10,402,435,413,391,238,739229
2018,3,11620585,낙성대동,12497,6931,5566,25,1758,3659,2820,2485,1750,11,759,1715,1567,1504,1375,14,999,1944,1253,981,375,2341406
2018,3,11620595,청룡동,7712,4284,3428,6,973,1943,1879,1815,1096,0,416,1053,1008,1123,684,6,557,890,871,692,412,1186204
2018,3,11620605,은천동,3559,1573,1986,5,408,636,781,956,773,3,113,296,351,379,431,2,295,340,430,577,342,738181
2018,3,11620615,중앙동,2020,936,1084,6,296,443,509,424,342,6,87,183,270,209,181,0,209,260,239,215,161,385136
2018,3,11620625,인헌동,2474,1220,1254,6,355,622,621,471,399,0,113,328,296,217,266,6,242,294,325,254,133,709688
2018,3,11620630,남현동,4297,2428,1869,8,799,1015,1018,939,518,6,357,591,615,493,366,2,442,424,403,446,152,4218667
2018,3,11620645,서원동,4189,1854,2335,16,852,832,783,812,894,5,276,356,375,341,501,11,576,476,408,471,393,642690
2018,3,11620655,신원동,976,351,625,0,101,183,230,253,209,0,31,56,85,88,91,0,70,127,145,165,118,549115
2018,3,11620665,서림동,1601,911,690,1,118,265,383,452,382,1,49,154,191,251,265,0,69,111,192,201,117,981577
2018,3,11620685,신사동,2085,980,1105,4,247,408,551,541,334,1,75,200,281,243,180,3,172,208,270,298,154,609167
2018,3,11620695,신림동,2620,1274,1346,5,490,533,615,557,420,1,197,292,314,231,239,4,293,241,301,326,181,507666
2018,3,11620715,난향동,1376,521,855,0,86,180,282,401,427,0,10,47,101,117,246,0,76,133,181,284,181,786985
2018,3,11620725,조원동,3880,2361,1519,1,446,896,960,1010,567,0,225,577,588,591,380,1,221,319,372,419,187,652569
2018,3,11620735,대학동,2284,1254,1030,2,274,473,594,628,313,1,100,232,325,387,209,1,174,241,269,241,104,8107585
2018,3,11620745,삼성동,1131,485,646,4,122,204,266,293,242,3,28,75,102,119,158,1,94,129,164,174,84,2591742
2018,3,11620765,미성동,3159,1558,1601,7,282,559,761,871,679,2,107,252,354,430,413,5,175,307,407,441,266,1355300
2018,3,11620775,난곡동,1134,445,689,1,156,257,298,290,132,1,34,95,122,128,65,0,122,162,176,162,67,982294
2018,3,11650510,서초1동,39564,21261,18303,148,9107,11616,9163,6326,3204,68,3840,6856,5527,2964,2006,80,5267,4760,3636,3362,1198,1383210
2018,3,11650520,서초2동,57973,34820,23153,267,10747,18782,15789,8036,4352,40,4485,11122,10451,5640,3082,227,6262,7660,5338,2396,1270,1229759
2018,3,11650530,서초3동,75646,42896,32750,203,13065,22889,20200,12440,6849,70,4577,12515,12758,8048,4928,133,8488,10374,7442,4392,1921,3027494
2018,3,11650531,서초4동,26367,13004,13363,85,6674,9057,5696,2857,1998,21,1921,4622,3459,1714,1267,64,4753,4435,2237,1143,731,882770
2018,3,11650540,잠원동,20222,12296,7926,66,3732,6611,5285,2730,1798,18,1363,4056,3741,1831,1287,48,2369,2555,1544,899,511,1840832
2018,3,11650550,반포본동,1502,798,704,0,188,331,382,341,260,0,73,153,190,214,168,0,115,178,192,127,92,1491264
2018,3,11650560,반포1동,8362,4731,3631,28,1760,2858,1876,1123,717,9,728,1705,1200,631,458,19,1032,1153,676,492,259,1000549
2018,3,11650570,반포2동,2117,1039,1078,15,374,527,580,401,220,8,114,248,289,233,147,7,260,279,291,168,73,1258050
2018,3,11650580,반포3동,8306,3745,4561,30,1399,2179,1768,1600,1330,6,633,1071,890,568,577,24,766,1108,878,1032,753,1325140
2018,3,11650581,반포4동,32456,13293,19163,102,7868,9790,7368,4699,2629,27,1837,3868,3598,2489,1474,75,6031,5922,3770,2210,1155,1416005
2018,3,11650590,방배본동,7594,4695,2899,23,1183,2167,1737,1191,1293,16,545,1507,1172,695,760,7,638,660,565,496,533,660469
2018,3,11650600,방배1동,11023,5146,5877,33,2084,3051,2801,1884,1170,14,662,1512,1363,828,767,19,1422,1539,1438,1056,403,691215
2018,3,11650610,방배2동,13429,7033,6396,17,1647,2908,3119,3493,2245,9,696,1781,1898,1547,1102,8,951,1127,1221,1946,1143,1901725
2018,3,11650620,방배3동,9855,5702,4153,37,1803,2662,2131,1658,1564,9,625,1463,1397,1009,1199,28,1178,1199,734,649,365,2411856
2018,3,11650621,방배4동,12367,6761,5606,38,2085,3239,3152,2317,1536,18,812,1802,1775,1248,1106,20,1273,1437,1377,1069,430,954529
2018,3,11650651,양재1동,36767,21675,15092,114,6146,9337,8188,6945,6037,60,2529,5686,5324,4238,3838,54,3617,3651,2864,2707,2199,5711370
2018,3,11650652,양재2동,120861,99120,21741,328,13594,26450,34015,40958,5516,134,9041,21023,28267,36642,4013,194,4553,5427,5748,4316,1503,7516954
2018,3,11650660,내곡동,6502,4137,2365,20,808,1693,1663,1516,802,6,335,1043,1133,1049,571,14,473,650,530,467,231,13190710
2018,3,11680510,신사동,31887,14414,17473,1113,11634,8777,5314,3066,1983,440,4351,4207,2798,1421,1197,673,7283,4570,2516,1645,786,1736994
2018,3,11680521,논현1동,42208,21794,20414,129,10630,13750,9292,5087,3320,33,3410,7332,5929,2917,2173,96,7220,6418,3363,2170,1147,1254345
2018,3,11680531,논현2동,64966,34613,30353,208,14639,20897,14685,8046,6491,71,4750,11046,9310,5095,4341,137,9889,9851,5375,2951,2150,1445565
2018,3,11680545,압구정동,34749,14672,20077,223,10940,11228,6322,3356,2680,72,3262,5082,3343,1529,1384,151,7678,6146,2979,1827,1296,2520945
2018,3,11680565,청담동,45006,21678,23328,262,12162,15075,9487,4836,3184,74,3751,7424,5639,2761,2029,188,8411,7651,3848,2075,1155,2384707
2018,3,11680580,삼성1동,92680,54885,37795,305,20557,31911,20954,11580,7373,137,8470,19194,14893,7486,4705,168,12087,12717,6061,4094,2668,1926134
2018,3,11680590,삼성2동,58569,27728,30841,191,15520,18029,12303,8566,3960,88,5533,9723,6545,3569,2270,103,9987,8306,5758,4997,1690,1247821
2018,3,11680600,대치1동,3807,1575,2232,23,654,972,931,720,507,5,168,378,394,305,325,18,486,594,537,415,182,795761
2018,3,11680610,대치2동,63699,38773,24926,291,11286,20292,15928,9740,6162,83,4723,12860,11140,6083,3884,208,6563,7432,4788,3657,2278,2043875
2018,3,11680630,대치4동,27276,15511,11765,103,5106,9563,7254,3584,1666,20,2039,5523,4539,2285,1105,83,3067,4040,2715,1299,561,717795
2018,3,11680640,역삼1동,188153,106652,81501,733,39256,60133,45282,27727,15022,292,15224,35420,30846,16239,8631,441,24032,24713,14436,11488,6391,2360116
2018,3,11680650,역삼2동,48531,26048,22483,265,11583,13846,11177,7431,4229,111,4539,7698,6905,4265,2530,154,7044,6148,4272,3166,1699,1127531
2018,3,11680655,도곡1동,13902,7584,6318,68,2825,4348,3289,2044,1328,31,1169,2441,1921,1139,883,37,1656,1907,1368,905,445,1022697
2018,3,11680656,도곡2동,29905,12208,17697,121,5244,7442,8706,5510,2882,50,2020,3719,3009,1864,1546,71,3224,3723,5697,3646,1336,1025651
2018,3,11680660,개포1동,1440,940,500,3,110,231,273,418,405,0,56,140,163,270,311,3,54,91,110,148,94,973078
2018,3,11680670,개포2동,2627,1461,1166,11,256,488,633,780,459,10,105,224,353,461,308,1,151,264,280,319,151,2371826
2018,3,11680690,개포4동,9546,5620,3926,23,1138,2174,2446,2097,1668,13,511,1329,1474,1166,1127,10,627,845,972,931,541,1561449
2018,3,11680700,세곡동,4936,2485,2451,7,651,1126,1276,1069,807,7,218,511,586,570,593,0,433,615,690,499,214,5894759
2018,3,11680720,일원본동,8065,2025,6040,1,2400,2872,1650,914,228,0,334,689,467,372,163,1,2066,2183,1183,542,65,2381558
2018,3,11680730,일원1동,3642,1806,1836,2,406,607,836,974,817,1,205,338,420,414,428,1,201,269,416,560,389,947888
2018,3,11680740,일원2동,13344,10356,2988,59,3677,4046,2518,2030,1014,41,2941,3505,1953,1371,545,18,736,541,565,659,469,1043911
2018,3,11680750,수서동,18884,8402,10482,56,4631,5552,3626,3090,1929,11,1098,2654,1949,1384,1306,45,3533,2898,1677,1706,623,1648393
2018,3,11710510,풍납1동,1408,640,768,2,125,276,362,370,273,1,36,123,145,168,167,1,89,153,217,202,106,1057487
2018,3,11710520,풍납2동,13697,4451,9246,9,3297,4501,3406,1783,701,3,549,1268,1187,923,521,6,2748,3233,2219,860,180,1999222
2018,3,11710531,거여1동,3126,1742,1384,12,241,538,664,739,932,8,135,339,394,333,533,4,106,199,270,406,399,512307
2018,3,11710532,거여2동,2303,895,1408,4,222,404,608,664,401,1,68,192,255,210,169,3,154,212,353,454,232,510046
2018,3,11710540,마천1동,1046,491,555,0,110,202,271,271,192,0,35,89,102,132,133,0,75,113,169,139,59,504704
2018,3,11710550,마천2동,3234,1904,1330,5,318,603,780,917,611,4,140,372,423,538,427,1,178,231,357,379,184,936181
2018,3,11710561,방이1동,6348,3963,2385,20,731,1372,1346,1224,1655,13,313,750,788,744,1355,7,418,622,558,480,300,581968
2018,3,11710562,방이2동,14273,8660,5613,45,2221,3950,3399,2776,1882,27,1112,2517,2183,1575,1246,18,1109,1433,1216,1201,636,763928
2018,3,11710566,오륜동,4451,2623,1828,8,518,960,934,1153,878,6,288,535,560,695,539,2,230,425,374,458,339,3150411
2018,3,11710570,오금동,12893,7449,5444,25,1166,2311,2506,2562,4323,12,495,1418,1510,1342,2672,13,671,893,996,1220,1651,1691111
2018,3,11710580,송파1동,6787,3877,2910,15,915,1521,1521,1457,1358,9,435,924,890,754,865,6,480,597,631,703,493,683881
2018,3,11710590,송파2동,5216,2439,2777,14,1112,1443,1209,1018,420,8,382,707,693,404,245,6,730,736,516,614,175,636016
2018,3,11710600,석촌동,8947,4551,4396,35,1560,2048,2064,1771,1469,11,497,1111,1170,883,879,24,1063,937,894,888,590,943819
2018,3,11710610,삼전동,7809,4749,3060,17,901,1494,1573,1702,2122,8,406,881,923,871,1660,9,495,613,650,831,462,992437
2018,3,11710620,가락본동,24508,14237,10271,38,3510,6243,6084,5399,3234,17,1492,3653,3872,3166,2037,21,2018,2590,2212,2233,1197,1024764
2018,3,11710631,가락1동,10849,7597,3252,6,589,1943,2940,3289,2082,2,390,1552,2160,2067,1426,4,199,391,780,1222,656,1357317
2018,3,11710632,가락2동,7218,3739,3479,15,1060,1654,1837,1574,1078,10,420,896,924,751,738,5,640,758,913,823,340,934057
2018,3,11710641,문정1동,6503,4134,2369,10,534,1000,1270,1157,2532,7,261,589,743,599,1935,3,273,411,527,558,597,604321
2018,3,11710642,문정2동,46330,30066,16264,195,8302,14028,11772,7482,4551,88,4039,9472,8124,4826,3517,107,4263,4556,3648,2656,1034,2387651
2018,3,11710646,장지동,8108,5248,2860,10,646,1246,1873,2298,2035,4,308,738,1131,1578,1489,6,338,508,742,720,546,1295680
2018,3,11710647,위례동,2302,1321,981,19,250,426,638,755,214,2,65,190,351,547,166,17,185,236,287,208,48,2626871
2018,3,11710650,잠실본동,14195,8014,6181,71,2255,3265,3326,2930,2348,47,879,1811,1979,1745,1553,24,1376,1454,1347,1185,795,1136161
2018,3,11710670,잠실2동,3374,1846,1528,4,607,925,876,671,291,1,309,497,482,346,211,3,298,428,394,325,80,2886358
2018,3,11710680,잠실3동,5177,2305,2872,81,1711,1000,1064,946,375,33,656,456,463,525,172,48,1055,544,601,421,203,1506573
2018,3,11710690,잠실4동,1034,395,639,0,112,216,285,234,187,0,26,60,79,87,143,0,86,156,206,147,44,838370
2018,3,11710710,잠실6동,85436,46263,39173,272,16325,26770,23524,15943,2602,140,8257,17620,13298,5362,1586,132,8068,9150,10226,10581,1016,1403041
2018,3,11710720,잠실7동,662,320,342,1,48,148,167,179,119,0,14,61,74,89,82,1,34,87,93,90,37,675008
2018,3,11740515,강일동,13400,10451,2949,9,1542,5344,3179,2337,989,5,961,4257,2495,1897,836,4,581,1087,684,440,153,3722759
2018,3,11740520,상일동,3691,1392,2299,5,572,944,747,762,661,5,111,327,323,374,252,0,461,617,424,388,409,1801282
2018,3,11740530,명일1동,3367,1411,1956,7,390,516,704,864,886,4,130,242,297,302,436,3,260,274,407,562,450,630284
2018,3,11740540,명일2동,2470,1234,1236,7,267,449,592,716,439,2,95,231,275,364,267,5,172,218,317,352,172,920946
2018,3,11740550,고덕1동,1586,630,956,4,168,344,400,396,274,2,50,152,156,138,132,2,118,192,244,258,142,1906565
2018,3,11740560,고덕2동,1525,775,750,1,147,252,356,466,303,1,80,132,163,232,167,0,67,120,193,234,136,2408099
2018,3,11740570,암사1동,2437,1134,1303,1,246,489,589,657,455,0,91,236,264,291,252,1,155,253,325,366,203,738366
2018,3,11740580,암사2동,2560,1060,1500,5,224,425,659,740,507,2,73,193,245,230,317,3,151,232,414,510,190,2337773
2018,3,11740590,암사3동,1196,523,673,4,134,297,335,300,126,1,33,127,141,134,87,3,101,170,194,166,39,1843902
2018,3,11740600,천호1동,2693,1242,1451,8,286,589,647,638,525,4,97,273,287,276,305,4,189,316,360,362,220,669571
2018,3,11740610,천호2동,7621,3651,3970,22,1381,1790,1800,1497,1131,3,439,899,923,679,708,19,942,891,877,818,423,1828343
2018,3,11740620,천호3동,4244,2368,1876,21,470,1011,1105,881,756,11,175,580,681,452,469,10,295,431,424,429,287,569450
2018,3,11740640,성내1동,19311,10551,8760,38,2169,4435,4791,4749,3129,22,1018,2484,2583,2451,1993,16,1151,1951,2208,2298,1136,658437
2018,3,11740650,성내2동,3745,1888,1857,15,559,819,823,832,697,7,215,422,422,391,431,8,344,397,401,441,266,624632
2018,3,11740660,성내3동,5892,3249,2643,10,744,1465,1455,1239,979,4,340,854,839,620,592,6,404,611,616,619,387,641973
2018,3,11740685,길동,10413,4978,5435,9,1549,2273,2341,2287,1954,2,552,1112,1166,993,1153,7,997,1161,1175,1294,801,1590598
2018,3,11740690,둔촌1동,322,186,136,1,38,64,89,82,48,1,21,27,49,52,36,0,17,37,40,30,12,897261
2018,3,11740700,둔촌2동,6754,3320,3434,6,1145,1983,1531,1347,742,2,364,946,782,725,501,4,781,1037,749,622,241,1592001
2018,4,11110515,청운효자동,7153,4577,2576,7,1429,2207,1614,1473,423,3,862,1422,1025,1013,252,4,567,785,589,460,171,2429899
2018,4,11110530,사직동,67986,38862,29124,108,10753,20312,18755,11926,6132,48,3866,11112,12322,7925,3589,60,6887,9200,6433,4001,2543,1161995
2018,4,11110540,삼청동,3994,2066,1928,24,696,1180,1077,750,267,10,219,606,660,436,135,14,477,574,417,314,132,1391632
2018,4,11110550,부암동,3206,1637,1569,5,609,827,846,609,310,5,176,426,516,343,171,0,433,401,330,266,139,2221363
2018,4,11110560,평창동,2458,1110,1348,6,340,515,525,583,489,4,105,235,261,239,266,2,235,280,264,344,223,8346900
2018,4,11110570,무악동,878,249,629,0,200,195,200,170,113,0,29,49,60,46,65,0,171,146,140,124,48,453220
2018,4,11110580,교남동,4262,1468,2794,3,1308,1348,810,536,257,0,262,401,349,280,176,3,1046,947,461,256,81,355267
2018,4,11110600,가회동,22084,18468,3616,36,2845,8418,5997,4052,736,17,1768,7075,5310,3714,584,19,1077,1343,687,338,152,565302
2018,4,11110615,종로1.2.3.4가동,143761,86507,57254,2454,28991,42638,37726,23962,7990,1055,12501,24519,25700,17456,5276,1399,16490,18119,12026,6506,2714,2430999
2018,4,11110630,종로5.6가동,19682,12211,7471,404,3374,5485,5335,3551,1533,121,1538,3487,3587,2441,1037,283,1836,1998,1748,1110,496,599631
2018,4,11110640,이화동,17536,6584,10952,43,4278,5919,3673,2600,1023,15,1061,1931,1593,1339,645,28,3217,3988,2080,1261,378,747067
2018,4,11110650,혜화동,5020,2578,2442,20,897,1215,1223,1045,620,8,338,555,672,591,414,12,559,660,551,454,206,1161303
2018,4,11110670,창신1동,2981,1311,1670,13,465,754,809,526,414,5,166,350,319,223,248,8,299,404,490,303,166,297271
2018,4,11110680,창신2동,652,250,402,0,69,111,159,203,110,0,20,47,73,70,40,0,49,64,86,133,70,257188
2018,4,11110690,창신3동,448,219,229,2,42,83,108,140,73,0,11,27,55,70,56,2,31,56,53,70,17,216230
2018,4,11110700,숭인1동,682,351,331,1,93,153,201,153,81,1,40,83,101,74,52,0,53,70,100,79,29,236777
2018,4,11110710,숭인2동,2862,1395,1467,9,380,577,690,647,559,4,140,302,342,309,298,5,240,275,348,338,261,359384
2018,4,11140520,소공동,136757,76157,60600,524,33437,44320,35507,19365,3604,141,12055,22785,23339,15136,2701,383,21382,21535,12168,4229,903,918284
2018,4,11140540,회현동,76731,45129,31602,363,14246,27216,22831,9754,2321,145,6951,15506,14219,6677,1631,218,7295,11710,8612,3077,690,909465
2018,4,11140550,명동,167533,87119,80414,790,35867,55907,42667,23931,8371,270,14342,27263,24473,15691,5080,520,21525,28644,18194,8240,3291,993909
2018,4,11140570,필동,24334,12711,11623,84,4082,6123,6411,4997,2637,35,1540,3328,3633,2493,1682,49,2542,2795,2778,2504,955,1458582
2018,4,11140580,장충동,9557,5428,4129,30,2583,3046,2227,1199,472,15,1002,1700,1530,858,323,15,1581,1346,697,341,149,1013897
2018,4,11140590,광희동,39556,20206,19350,151,7688,10372,9505,8128,3712,41,3788,6057,5240,3305,1775,110,3900,4315,4265,4823,1937,745387
2018,4,11140605,을지로동,29362,16733,12629,673,6954,6894,6551,5158,3132,299,2964,3853,4165,3283,2169,374,3990,3041,2386,1875,963,612013
2018,4,11140615,신당동,14346,7636,6710,29,3085,4787,3305,2056,1084,13,1566,2490,1806,1141,620,16,1519,2297,1499,915,464,536647
2018,4,11140625,다산동,7836,3726,4110,74,2083,1989,1534,1340,816,33,748,981,848,657,459,41,1335,1008,686,683,357,532721
2018,4,11140635,약수동,3070,1404,1666,13,544,740,739,567,467,4,193,340,348,256,263,9,351,400,391,311,204,509395
2018,4,11140645,청구동,2883,1713,1170,5,596,900,687,449,246,2,274,604,430,252,151,3,322,296,257,197,95,345114
2018,4,11140650,신당5동,2002,888,1114,6,281,496,470,463,286,3,100,230,222,192,141,3,181,266,248,271,145,310367
2018,4,11140665,동화동,2800,1305,1495,10,726,714,598,494,258,5,254,369,316,212,149,5,472,345,282,282,109,330049
2018,4,11140670,황학동,3219,1885,1334,5,602,830,742,649,391,2,290,503,469,379,242,3,312,327,273,270,149,327694
2018,4,11140680,중림동,7636,3877,3759,14,1425,2123,1907,1434,733,4,489,969,1072,860,483,10,936,1154,835,574,250,487576
2018,4,11170510,후암동,3345,1676,1669,12,470,736,794,920,413,6,154,392,467,422,235,6,316,344,327,498,178,868399
2018,4,11170520,용산2가동,3557,1736,1821,7,291,575,1398,1006,280,2,142,284,581,567,160,5,149,291,817,439,120,2047347
2018,4,11170530,남영동,32638,15323,17315,920,13037,8694,5544,3077,1366,309,3771,5124,3584,1736,799,611,9266,3570,1960,1341,567,735947
2018,4,11170555,청파동,8195,4357,3838,13,1173,1954,1774,1781,1500,7,383,886,966,944,1171,6,790,1068,808,837,329,867676
2018,4,11170560,원효로1동,17131,8590,8541,149,4101,5892,4130,1910,949,62,1778,3144,2052,1015,539,87,2323,2748,2078,895,410,589294
2018,4,11170570,원효로2동,5300,3565,1735,33,709,1450,1332,831,945,21,405,1008,958,550,623,12,304,442,374,281,322,915567
2018,4,11170580,효창동,1878,990,888,4,235,414,524,454,247,0,82,211,298,238,161,4,153,203,226,216,86,470670
2018,4,11170590,용문동,1069,510,559,2,116,265,300,228,158,0,36,142,170,90,72,2,80,123,130,138,86,289284
2018,4,11170625,한강로동,71203,40059,31144,420,18496,23941,17083,7848,3415,174,7548,13503,11065,5417,2352,246,10948,10438,6018,2431,1063,3358956
2018,4,11170630,이촌1동,2130,967,1163,8,296,464,520,443,399,3,86,183,210,204,281,5,210,281,310,239,118,2143668
2018,4,11170640,이촌2동,508,291,217,2,100,130,97,87,92,2,55,85,58,48,43,0,45,45,39,39,49,1191110
2018,4,11170650,이태원1동,5859,3269,2590,32,1373,1629,1134,994,697,15,732,897,589,614,422,17,641,732,545,380,275,579369
2018,4,11170660,이태원2동,2652,1430,1222,15,485,674,480,425,573,10,225,374,256,224,341,5,260,300,224,201,232,879018
2018,4,11170685,한남동,16392,8691,7701,67,4289,5469,3476,1992,1099,36,1715,3028,2127,1166,619,31,2574,2441,1349,826,480,3198883
2018,4,11170690,서빙고동,4611,2600,2011,12,852,1361,1224,719,443,0,307,684,750,502,357,12,545,677,474,217,86,2198117
2018,4,11170700,보광동,1012,542,470,1,109,187,273,247,195,0,41,95,147,128,131,1,68,92,126,119,64,890496
2018,4,11200520,왕십리2동,1315,606,709,5,176,296,358,278,202,2,59,125,161,124,135,3,117,171,197,154,67,385254
2018,4,11200535,왕십리도선동,8357,4135,4222,29,1643,1908,1843,1709,1225,14,573,984,1008,880,676,15,1070,924,835,829,549,718816
2018,4,11200540,마장동,11601,7912,3689,19,1047,2455,2964,3393,1723,15,631,1670,2077,2301,1218,4,416,785,887,1092,505,1082999
2018,4,11200550,사근동,8063,3997,4066,8,1727,1898,2171,1657,602,6,517,885,1100,1033,456,2,1210,1013,1071,624,146,1182945
2018,4,11200560,행당1동,6139,3268,2871,33,949,1404,1563,1492,698,15,334,628,843,982,466,18,615,776,720,510,232,552563
2018,4,11200570,행당2동,998,322,676,1,98,222,286,255,136,0,17,51,91,87,76,1,81,171,195,168,60,457197
2018,4,11200580,응봉동,464,196,268,1,55,95,115,115,83,1,19,33,30,46,67,0,36,62,85,69,16,547736
2018,4,11200590,금호1가동,992,408,584,1,118,248,267,211,147,0,27,95,96,92,98,1,91,153,171,119,49,441318
2018,4,11200615,금호2.3가동,1252,466,786,2,190,267,285,286,222,1,46,112,108,91,108,1,144,155,177,195,114,638261
2018,4,11200620,금호4가동,1007,351,656,7,144,253,219,232,152,3,39,90,75,69,75,4,105,163,144,163,77,935263
2018,4,11200645,옥수동,2288,942,1346,11,469,532,547,443,286,2,155,210,209,194,172,9,314,322,338,249,114,1239152
2018,4,11200650,성수1가1동,8174,4802,3372,54,1613,2366,1922,1480,739,26,645,1378,1212,975,566,28,968,988,710,505,173,2248463
2018,4,11200660,성수1가2동,17833,10650,7183,57,4027,5752,3921,2491,1585,25,1631,3509,2628,1702,1155,32,2396,2243,1293,789,430,984783
2018,4,11200670,성수2가1동,43193,19413,23780,180,7257,10311,12671,11492,1282,124,4443,7286,4750,1915,895,56,2814,3025,7921,9577,387,1126355
2018,4,11200690,성수2가3동,50529,29087,21442,302,11234,13484,11969,9071,4469,156,5398,8565,7269,4708,2991,146,5836,4919,4700,4363,1478,1050781
2018,4,11200720,송정동,1881,1116,765,6,281,496,489,360,249,5,140,306,240,236,189,1,141,190,249,124,60,584812
2018,4,11200790,용답동,27742,22399,5343,89,3517,5161,8290,8567,2118,45,2116,3906,7089,7543,1700,44,1401,1255,1201,1024,418,2379362
2018,4,11215710,화양동,6156,2596,3560,41,1648,1701,1201,934,631,15,546,737,580,361,357,26,1102,964,621,573,274,1124376
2018,4,11215730,군자동,6948,3535,3413,14,1303,1566,1731,1583,751,6,554,843,983,737,412,8,749,723,748,846,339,733236
2018,4,11215740,중곡1동,4087,2125,1962,12,430,794,953,1031,867,6,155,456,528,514,466,6,275,338,425,517,401,602769
2018,4,11215750,중곡2동,4024,1994,2030,6,522,826,969,997,704,1,214,420,488,479,392,5,308,406,481,518,312,544807
2018,4,11215760,중곡3동,2383,1121,1262,3,268,555,605,587,365,1,93,233,263,290,241,2,175,322,342,297,124,600824
2018,4,11215770,중곡4동,2556,1405,1151,5,289,494,642,694,432,3,108,255,334,391,314,2,181,239,308,303,118,2295463
2018,4,11215780,능동,3390,1682,1708,17,594,870,837,640,432,6,222,423,440,306,285,11,372,447,397,334,147,1094134
2018,4,11215810,광장동,8564,4404,4160,72,1704,2314,2088,1540,846,39,651,1117,1212,807,578,33,1053,1197,876,733,268,2889609
2018,4,11215820,자양1동,9941,5812,4129,24,1393,2211,2372,2523,1418,8,507,1053,1424,1762,1058,16,886,1158,948,761,360,621606
2018,4,11215830,자양2동,5114,3287,1827,8,422,885,1464,1638,697,4,203,540,1014,1050,476,4,219,345,450,588,221,1630926
2018,4,11215840,자양3동,3149,1528,1621,19,520,760,765,627,458,11,201,388,367,271,290,8,319,372,398,356,168,1145609
2018,4,11215847,자양4동,2877,1537,1340,14,510,630,717,613,393,5,211,369,390,297,265,9,299,261,327,316,128,1148618
2018,4,11215850,구의1동,4514,2658,1856,6,545,1133,1205,980,645,3,242,691,743,603,376,3,303,442,462,377,269,553095
2018,4,11215860,구의2동,3373,1729,1644,27,400,687,805,879,575,12,159,322,411,461,364,15,241,365,394,418,211,1363952
2018,4,11215870,구의3동,14037,7794,6243,64,1730,2758,3436,3511,2538,36,818,1663,2004,1776,1497,28,912,1095,1432,1735,1041,1453971
2018,4,11230536,용신동,28357,14627,13730,99,4098,6904,7323,5942,3991,55,1681,3791,3761,3005,2334,44,2417,3113,3562,2937,1657,1590771
2018,4,11230545,제기동,6219,3505,2714,15,793,1229,1528,1538,1116,9,371,689,875,846,715,6,422,540,653,692,401,1184853
2018,4,11230560,전농1동,2848,1396,1452,21,459,578,705,657,428,11,212,284,361,304,224,10,247,294,344,353,204,1140490
2018,4,11230570,전농2동,3388,1630,1758,0,389,865,886,855,393,0,117,332,429,468,284,0,272,533,457,387,109,983768
2018,4,11230600,답십리1동,5128,2606,2522,12,754,1027,1372,1164,799,3,320,555,662,555,511,9,434,472,710,609,288,838156
2018,4,11230610,답십리2동,3773,2219,1554,13,427,776,969,901,687,11,228,462,581,501,436,2,199,314,388,400,251,814945
2018,4,11230650,장안1동,14251,8185,6066,56,1895,3112,3330,3017,2841,23,842,1744,1940,1707,1929,33,1053,1368,1390,1310,912,1360347
2018,4,11230660,장안2동,7012,3396,3616,37,1055,1459,1797,1663,1001,13,424,733,904,782,540,24,631,726,893,881,461,1119438
2018,4,11230705,청량리동,5924,3288,2636,30,1044,1490,1270,1294,796,15,481,885,733,710,464,15,563,605,537,584,332,1197287
2018,4,11230710,회기동,4260,1592,2668,10,993,1254,893,776,334,3,272,536,339,282,160,7,721,718,554,494,174,829432
2018,4,11230720,휘경1동,1755,921,834,6,232,324,388,354,451,4,98,178,200,164,277,2,134,146,188,190,174,519932
2018,4,11230730,휘경2동,3830,1495,2335,25,743,916,951,810,385,13,177,386,424,312,183,12,566,530,527,498,202,1207585
2018,4,11230740,이문1동,5542,2963,2579,10,660,1337,1655,1273,607,4,203,579,893,835,449,6,457,758,762,438,158,986690
2018,4,11230750,이문2동,1548,594,954,3,125,177,283,531,429,3,37,67,114,169,204,0,88,110,169,362,225,698476
2018,4,11260520,면목2동,2682,1319,1363,5,274,465,697,747,494,3,96,198,326,379,317,2,178,267,371,368,177,743106
2018,4,11260540,면목4동,1847,1112,735,4,202,295,473,644,229,0,72,142,285,450,163,4,130,153,188,194,66,821882
2018,4,11260550,면목5동,1090,703,387,1,84,177,238,350,240,0,37,101,148,226,191,1,47,76,90,124,49,591696
2018,4,11260565,면목본동,2473,944,1529,6,307,451,646,702,361,3,84,198,261,231,167,3,223,253,385,471,194,840931
2018,4,11260570,면목7동,1526,714,812,5,215,275,340,406,285,1,62,106,166,186,193,4,153,169,174,220,92,1202721
2018,4,11260575,면목3.8동,3594,1904,1690,4,493,686,963,980,468,0,158,285,526,612,323,4,335,401,437,368,145,1591050
2018,4,11260580,상봉1동,3071,1682,1389,12,384,484,672,891,628,9,123,199,298,554,499,3,261,285,374,337,129,917193
2018,4,11260590,상봉2동,7399,4636,2763,36,1041,1736,2045,1665,876,18,515,1166,1274,1082,581,18,526,570,771,583,295,658991
2018,4,11260600,중화1동,1941,749,1192,5,226,362,554,550,244,1,68,131,226,203,120,4,158,231,328,347,124,637209
2018,4,11260610,중화2동,3128,1737,1391,6,271,488,720,734,909,5,104,251,386,366,625,1,167,237,334,368,284,960402
2018,4,11260620,묵1동,3305,1518,1787,11,426,757,894,783,434,6,155,361,365,350,281,5,271,396,529,433,153,1184393
2018,4,11260630,묵2동,1956,954,1002,3,268,420,500,506,259,1,96,211,248,251,147,2,172,209,252,255,112,682005
2018,4,11260655,망우본동,5826,2768,3058,19,799,1165,1383,1467,993,4,244,497,621,714,688,15,555,668,762,753,305,3074745
2018,4,11260660,망우3동,1718,789,929,6,162,286,436,489,339,2,38,121,209,226,193,4,124,165,227,263,146,967313
2018,4,11260680,신내1동,6785,3580,3205,10,1037,1526,1557,1751,904,5,350,807,827,983,608,5,687,719,730,768,296,2361684
2018,4,11260690,신내2동,4381,2098,2283,7,506,969,1137,1147,615,3,159,404,506,654,372,4,347,565,631,493,243,939758
2018,4,11290525,성북동,3240,1486,1754,23,596,926,872,546,277,9,210,430,394,279,164,14,386,496,478,267,113,3067396
2018,4,11290555,삼선동,8762,4370,4392,30,1193,1893,2161,2272,1213,15,416,870,1105,1315,649,15,777,1023,1056,957,564,1177823
2018,4,11290575,동선동,6327,2627,3700,26,1135,1172,1231,1169,1594,4,314,542,587,519,661,22,821,630,644,650,933,729672
2018,4,11290580,돈암1동,983,353,630,0,134,222,264,243,120,0,36,73,101,76,67,0,98,149,163,167,53,461503
2018,4,11290590,돈암2동,765,243,522,3,145,232,191,117,77,1,28,83,59,32,40,2,117,149,132,85,37,414465
2018,4,11290600,안암동,9984,4994,4990,25,1894,3005,2540,1795,725,6,554,1312,1435,1184,503,19,1340,1693,1105,611,222,1295307
2018,4,11290610,보문동,3526,1900,1626,8,414,591,693,695,1125,1,142,301,351,334,771,7,272,290,342,361,354,551172
2018,4,11290620,정릉1동,1191,522,669,1,145,226,346,310,163,0,38,100,137,147,100,1,107,126,209,163,63,475568
2018,4,11290630,정릉2동,1633,779,854,10,217,334,421,405,246,3,83,142,181,209,161,7,134,192,240,196,85,1165255
2018,4,11290640,정릉3동,2978,1752,1226,1,433,569,856,785,334,1,148,281,510,549,263,0,285,288,346,236,71,3182234
2018,4,11290650,정릉4동,2920,1794,1126,4,287,429,740,915,545,1,73,206,478,637,399,3,214,223,262,278,146,3714207
2018,4,11290660,길음1동,2239,822,1417,14,312,456,599,492,366,8,61,166,184,191,212,6,251,290,415,301,154,753885
2018,4,11290685,길음2동,1169,430,739,7,221,294,302,217,128,3,62,119,125,70,51,4,159,175,177,147,77,423663
2018,4,11290705,종암동,4033,1859,2174,11,600,890,1049,1005,478,3,202,459,498,472,225,8,398,431,551,533,253,1494677
2018,4,11290715,월곡1동,3921,1749,2172,23,575,806,1012,928,577,3,200,383,459,398,306,20,375,423,553,530,271,974658
2018,4,11290725,월곡2동,5834,3191,2643,11,1277,1553,1326,1058,609,2,562,934,757,568,368,9,715,619,569,490,241,1330228
2018,4,11290760,장위1동,1049,421,628,1,107,160,274,309,198,0,26,62,108,125,100,1,81,98,166,184,98,714821
2018,4,11290770,장위2동,1831,884,947,4,193,299,519,517,299,1,76,148,246,231,182,3,117,151,273,286,117,682224
2018,4,11290780,장위3동,1661,965,696,7,164,254,381,492,363,4,61,119,196,302,283,3,103,135,185,190,80,663549
2018,4,11290810,석관동,5141,2979,2162,11,419,836,1089,1168,1618,2,139,382,569,687,1200,9,280,454,520,481,418,1773773
2018,4,11305534,삼양동,1564,608,956,0,193,326,399,393,253,0,39,103,135,158,173,0,154,223,264,235,80,959451
2018,4,11305535,미아동,3008,1304,1704,6,431,583,713,710,565,4,134,245,321,284,316,2,297,338,392,426,249,835492
2018,4,11305545,송중동,3679,1655,2024,24,567,813,972,807,496,14,229,375,416,330,291,10,338,438,556,477,205,1085065
2018,4,11305555,송천동,3583,1605,1978,9,351,568,752,852,1051,6,124,253,351,405,466,3,227,315,401,447,585,928301
2018,4,11305575,삼각산동,1320,405,915,4,179,311,436,249,141,1,36,98,113,86,71,3,143,213,323,163,70,603256
2018,4,11305590,번1동,4381,2302,2079,13,571,865,963,1157,812,6,204,500,510,642,440,7,367,365,453,515,372,619363
2018,4,11305600,번2동,2115,1286,829,5,204,281,550,738,337,4,98,141,306,510,227,1,106,140,244,228,110,992960
2018,4,11305606,번3동,1532,704,828,12,227,254,369,383,287,7,83,110,164,171,169,5,144,144,205,212,118,1075371
2018,4,11305610,수유1동,3077,1575,1502,3,265,526,830,931,522,0,77,258,428,507,305,3,188,268,402,424,217,1748455
2018,4,11305620,수유2동,2152,908,1244,12,202,301,478,538,621,6,69,155,220,208,250,6,133,146,258,330,371,593685
2018,4,11305630,수유3동,5049,2584,2465,23,645,1229,1226,1259,667,14,255,594,619,699,403,9,390,635,607,560,264,725084
2018,4,11305645,우이동,2484,1520,964,5,217,312,477,782,691,1,86,176,284,524,449,4,131,136,193,258,242,10680138
2018,4,11305660,인수동,3575,1568,2007,4,450,708,878,919,616,2,136,310,374,386,360,2,314,398,504,533,256,2869695
2018,4,11320511,창1동,1789,715,1074,6,267,383,471,466,196,4,77,143,177,195,119,2,190,240,294,271,77,1104916
2018,4,11320512,창2동,2302,1172,1130,9,284,397,638,644,330,3,111,187,286,346,239,6,173,210,352,298,91,654615
2018,4,11320513,창3동,941,340,601,3,94,178,251,270,145,3,19,54,92,93,79,0,75,124,159,177,66,635079
2018,4,11320514,창4동,3893,2336,1557,2,425,626,952,1090,798,1,153,326,521,733,602,1,272,300,431,357,196,1155759
2018,4,11320515,창5동,5285,2571,2714,21,706,1274,1388,1329,567,11,226,604,697,709,324,10,480,670,691,620,243,676820
2018,4,11320521,도봉1동,3345,2042,1303,10,242,472,810,1133,678,6,99,244,466,751,476,4,143,228,344,382,202,8547209
2018,4,11320522,도봉2동,5151,2802,2349,4,375,794,1048,1094,1836,0,148,344,500,606,1204,4,227,450,548,488,632,1204332
2018,4,11320660,쌍문1동,2486,964,1522,3,418,446,594,653,372,1,93,175,231,239,225,2,325,271,363,414,147,1177010
2018,4,11320670,쌍문2동,3122,1626,1496,12,294,493,639,770,914,9,112,246,279,368,612,3,182,247,360,402,302,539384
2018,4,11320680,쌍문3동,2285,975,1310,6,504,499,529,522,225,3,139,221,230,251,131,3,365,278,299,271,94,504867
2018,4,11320681,쌍문4동,1228,483,745,1,151,290,323,307,156,0,33,111,109,114,116,1,118,179,214,193,40,543784
2018,4,11320690,방학1동,5378,2908,2470,25,664,893,1152,1549,1095,9,269,459,569,847,755,16,395,434,583,702,340,1041785
2018,4,11320700,방학2동,1350,586,764,2,137,254,339,332,286,2,61,125,146,114,138,0,76,129,193,218,148,1102018
2018,4,11320710,방학3동,1926,802,1124,0,154,258,466,616,432,0,42,81,178,223,278,0,112,177,288,393,154,1856777
2018,4,11350560,월계1동,2690,1473,1217,10,344,505,680,654,497,6,114,237,365,400,351,4,230,268,315,254,146,1218934
2018,4,11350570,월계2동,2194,1133,1061,11,248,419,593,618,305,7,94,167,280,356,229,4,154,252,313,262,76,1991095
2018,4,11350580,월계3동,1808,823,985,2,152,270,484,565,335,2,45,124,195,256,201,0,107,146,289,309,134,1133881
2018,4,11350595,공릉1동,9988,4957,5031,30,1088,1696,2168,2483,2523,16,479,979,1116,1100,1267,14,609,717,1052,1383,1256,1217193
2018,4,11350600,공릉2동,6610,3068,3542,8,884,1398,1658,1653,1009,7,230,565,704,816,746,1,654,833,954,837,263,7207339
2018,4,11350611,하계1동,7895,4247,3648,26,1354,1928,1887,1931,769,21,536,974,1044,1195,477,5,818,954,843,736,292,1467562
2018,4,11350612,하계2동,681,247,434,3,61,108,203,211,95,2,13,32,51,68,81,1,48,76,152,143,14,513857
2018,4,11350619,중계본동,2568,1163,1405,3,241,396,581,609,738,3,100,158,243,256,403,0,141,238,338,353,335,2094464
2018,4,11350621,중계1동,1574,660,914,7,223,282,442,395,225,2,76,112,157,161,152,5,147,170,285,234,73,624508
2018,4,11350624,중계4동,2235,939,1296,10,228,446,562,621,368,3,75,204,239,253,165,7,153,242,323,368,203,1540528
2018,4,11350625,중계2.3동,2961,1191,1770,6,367,583,755,839,411,2,131,265,284,283,226,4,236,318,471,556,185,912217
2018,4,11350630,상계1동,6272,3354,2918,16,487,903,1410,1523,1933,9,208,493,677,762,1205,7,279,410,733,761,728,4997346
2018,4,11350640,상계2동,4745,1878,2867,35,849,867,1075,1219,700,15,298,387,429,416,333,20,551,480,646,803,367,629194
2018,4,11350665,상계3.4동,3126,1840,1286,5,218,369,757,1066,711,2,67,186,408,691,486,3,151,183,349,375,225,5751720
2018,4,11350670,상계5동,2243,1038,1205,4,183,273,455,577,751,1,84,160,197,217,379,3,99,113,258,360,372,473604
2018,4,11350695,상계6.7동,9378,3548,5830,22,1645,2288,2358,2025,1040,7,364,772,884,992,529,15,1281,1516,1474,1033,511,1434043
2018,4,11350700,상계8동,1155,395,760,1,128,211,377,298,140,1,41,67,74,107,105,0,87,144,303,191,35,668937
2018,4,11350710,상계9동,1340,493,847,2,125,271,398,375,169,0,28,86,112,152,115,2,97,185,286,223,54,833448
2018,4,11350720,상계10동,1083,444,639,2,107,223,289,315,147,1,27,72,104,144,96,1,80,151,185,171,51,802642
2018,4,11380510,녹번동,7570,3682,3888,17,875,1694,2031,1937,1016,9,336,732,977,1050,578,8,539,962,1054,887,438,1923020
2018,4,11380520,불광1동,2861,1202,1659,3,465,792,719,539,343,1,149,332,319,211,190,2,316,460,400,328,153,2948578
2018,4,11380530,불광2동,3683,1800,1883,14,520,797,995,898,459,7,207,427,488,445,226,7,313,370,507,453,233,1756596
2018,4,11380551,갈현1동,2352,1007,1345,13,414,489,584,518,334,5,151,240,212,221,178,8,263,249,372,297,156,909869
2018,4,11380552,갈현2동,3307,1251,2056,10,429,716,843,884,425,5,121,317,329,286,193,5,308,399,514,598,232,1018512
2018,4,11380560,구산동,4279,1969,2310,9,461,731,970,1390,718,3,148,280,423,741,374,6,313,451,547,649,344,1316383
2018,4,11380570,대조동,3575,1415,2160,15,425,665,935,906,629,6,139,266,383,326,295,9,286,399,552,580,334,867572
2018,4,11380580,응암1동,3919,1691,2228,18,513,794,1010,902,682,8,161,339,436,347,400,10,352,455,574,555,282,1126418
2018,4,11380590,응암2동,963,461,502,1,104,210,232,250,166,0,27,72,92,146,124,1,77,138,140,104,42,554079
2018,4,11380600,응암3동,3127,1264,1863,9,407,617,833,801,460,5,156,256,312,304,231,4,251,361,521,497,229,933101
2018,4,11380625,역촌동,4288,1931,2357,10,497,836,1097,1065,783,5,179,369,501,449,428,5,318,467,596,616,355,1138805
2018,4,11380631,신사1동,2170,986,1184,1,268,427,521,544,409,1,78,214,243,231,219,0,190,213,278,313,190,823498
2018,4,11380632,신사2동,1846,880,966,1,175,304,443,438,485,0,65,128,194,230,263,1,110,176,249,208,222,1050676
2018,4,11380640,증산동,2366,1367,999,5,239,434,564,605,519,3,90,208,306,355,405,2,149,226,258,250,114,929526
2018,4,11380650,수색동,1442,684,758,7,256,307,330,328,214,3,56,110,179,204,132,4,200,197,151,124,82,1169504
2018,4,11380690,진관동,5681,2923,2758,39,833,1062,1472,1602,673,15,337,532,716,888,435,24,496,530,756,714,238,12836383
2018,4,11410520,천연동,1676,717,959,5,198,323,452,462,236,4,67,124,192,194,136,1,131,199,260,268,100,866603
2018,4,11410555,북아현동,1354,541,813,2,157,223,350,363,259,0,48,98,134,127,134,2,109,125,216,236,125,461555
2018,4,11410565,충현동,25281,15036,10245,57,4136,7943,6651,4533,1961,38,1789,4599,4231,3034,1345,19,2347,3344,2420,1499,616,1139343
2018,4,11410585,신촌동,20740,8273,12467,85,5700,6258,4514,3024,1159,34,1643,2367,1895,1626,708,51,4057,3891,2619,1398,451,2504686
2018,4,11410615,연희동,8949,4709,4240,13,1327,2137,2163,2087,1222,3,536,1089,1097,1185,799,10,791,1048,1066,902,423,2965760
2018,4,11410620,홍제1동,1840,764,1076,3,250,374,497,434,282,2,76,158,191,175,162,1,174,216,306,259,120,1492096
2018,4,11410640,홍제3동,1608,605,1003,2,198,314,382,351,361,1,51,96,128,127,202,1,147,218,254,224,159,1093373
2018,4,11410655,홍제2동,1201,563,638,4,119,170,289,377,242,4,51,74,118,180,136,0,68,96,171,197,106,705399
2018,4,11410660,홍은1동,1529,606,923,10,195,303,387,428,206,5,69,117,125,166,124,5,126,186,262,262,82,1538023
2018,4,11410685,홍은2동,3635,1934,1701,5,479,727,844,987,593,2,174,339,442,565,412,3,305,388,402,422,181,2049745
2018,4,11410690,남가좌1동,1520,762,758,11,271,332,376,337,193,5,72,137,204,215,129,6,199,195,172,122,64,484765
2018,4,11410700,남가좌2동,1702,799,903,4,216,345,464,425,248,2,60,145,215,205,172,2,156,200,249,220,76,787125
2018,4,11410710,북가좌1동,1793,1124,669,4,168,269,385,500,467,4,48,123,207,339,403,0,120,146,178,161,64,562752
2018,4,11410720,북가좌2동,2745,1397,1348,9,265,433,683,789,566,3,91,204,328,425,346,6,174,229,355,364,220,806705
2018,4,11440555,아현동,22833,12228,10605,98,4440,6741,5533,4400,1621,39,1732,3780,3327,2345,1005,59,2708,2961,2206,2055,616,870645
2018,4,11440565,공덕동,11079,6976,4103,29,2027,2784,3020,2243,976,9,1069,1719,2027,1635,517,20,958,1065,993,608,459,891209
2018,4,11440585,도화동,15724,8694,7030,52,3083,4161,3730,3001,1697,25,1382,2390,2205,1504,1188,27,1701,1771,1525,1497,509,863516
2018,4,11440590,용강동,18853,10387,8466,112,3186,4555,4551,3826,2623,41,1348,2697,2805,1897,1599,71,1838,1858,1746,1929,1024,910388
2018,4,11440600,대흥동,5999,3092,2907,24,935,1540,1460,1288,752,10,339,717,830,748,448,14,596,823,630,540,304,854083
2018,4,11440610,염리동,8435,5612,2823,90,1478,2332,2112,1487,936,36,865,1649,1568,861,633,54,613,683,544,626,303,549601
2018,4,11440630,신수동,4449,2479,1970,21,671,1276,1253,815,413,7,272,712,730,478,280,14,399,564,523,337,133,914314
2018,4,11440655,서강동,10196,5675,4521,40,2162,2563,2059,1506,1866,25,908,1459,1369,924,990,15,1254,1104,690,582,876,1890596
2018,4,11440660,서교동,50633,25273,25360,352,13764,13814,10691,7050,4962,146,5370,7661,6256,3343,2497,206,8394,6153,4435,3707,2465,1641475
2018,4,11440680,합정동,11632,6313,5319,50,2628,3757,2980,1506,711,22,895,1997,1911,1015,473,28,1733,1760,1069,491,238,1792621
2018,4,11440690,망원1동,3001,1528,1473,11,577,776,732,552,353,2,257,440,404,240,185,9,320,336,328,312,168,1111518
2018,4,11440700,망원2동,2637,1401,1236,4,380,634,722,558,339,2,164,336,391,288,220,2,216,298,331,270,119,1209563
2018,4,11440710,연남동,5156,2733,2423,23,1330,1578,1128,688,409,12,582,865,667,364,243,11,748,713,461,324,166,641653
2018,4,11440720,성산1동,8904,5776,3128,24,1196,1811,1925,1610,2338,16,487,1018,1199,1038,2018,8,709,793,726,572,320,855779
2018,4,11440730,성산2동,9924,4717,5207,8,740,1430,1849,2915,2982,5,267,574,900,1256,1715,3,473,856,949,1659,1267,1990923
2018,4,11440740,상암동,34935,21102,13833,53,7458,12095,9300,4306,1723,29,2830,7077,6709,3117,1340,24,4628,5018,2591,1189,383,7646126
2018,4,11470510,목1동,14479,8570,5909,69,2584,3766,3915,2989,1156,24,1032,2131,2585,2068,730,45,1552,1635,1330,921,426,1572490
2018,4,11470520,목2동,2555,1302,1253,5,324,680,691,549,306,3,128,391,334,282,164,2,196,289,357,267,142,1021500
2018,4,11470530,목3동,2635,1200,1435,8,399,596,569,556,507,3,136,297,269,243,252,5,263,299,300,313,255,533074
2018,4,11470540,목4동,2250,977,1273,3,226,393,543,611,474,3,91,159,232,230,262,0,135,234,311,381,212,578170
2018,4,11470550,목5동,6011,2067,3944,15,1121,1632,1519,1184,540,9,193,465,500,520,380,6,928,1167,1019,664,160,2055129
2018,4,11470560,신월1동,2693,1561,1132,5,204,417,689,853,525,4,83,234,382,519,339,1,121,183,307,334,186,625887
2018,4,11470570,신월2동,2306,1147,1159,2,227,407,592,654,424,1,97,190,245,344,270,1,130,217,347,310,154,608140
2018,4,11470580,신월3동,2650,1452,1198,1,205,426,657,790,571,0,75,192,324,447,414,1,130,234,333,343,157,932122
2018,4,11470590,신월4동,2037,1166,871,7,173,312,490,578,477,4,79,170,231,327,355,3,94,142,259,251,122,470224
2018,4,11470600,신월5동,2709,1587,1122,2,227,367,522,570,1021,2,72,135,195,267,916,0,155,232,327,303,105,523363
2018,4,11470610,신월6동,1315,694,621,3,149,212,312,393,246,2,54,113,142,203,180,1,95,99,170,190,66,437027
2018,4,11470611,신월7동,3577,2345,1232,2,345,538,863,1066,763,1,225,347,497,684,591,1,120,191,366,382,172,1403954
2018,4,11470620,신정1동,2730,1237,1493,8,308,591,734,640,449,1,115,273,328,275,245,7,193,318,406,365,204,722680
2018,4,11470630,신정2동,1895,788,1107,6,231,341,518,495,304,2,72,149,207,175,183,4,159,192,311,320,121,594999
2018,4,11470640,신정3동,6107,3304,2803,14,631,1165,1458,1644,1195,6,200,510,728,920,940,8,431,655,730,724,255,2650845
2018,4,11470650,신정4동,7695,3621,4074,22,978,1556,1923,1882,1334,11,323,734,951,852,750,11,655,822,972,1030,584,996406
2018,4,11470670,신정6동,5882,3137,2745,33,841,1507,1395,1577,529,30,436,717,677,959,318,3,405,790,718,618,211,972556
2018,4,11470680,신정7동,2037,865,1172,6,214,409,584,542,282,3,64,193,206,222,177,3,150,216,378,320,105,1144112
2018,4,11500510,염창동,12542,7597,4945,43,1953,3394,3308,2353,1491,27,817,2028,2147,1481,1097,16,1136,1366,1161,872,394,1957926
2018,4,11500520,등촌1동,29302,11684,17618,180,3684,6809,9039,8414,1176,109,1905,4323,3282,1338,727,71,1779,2486,5757,7076,449,649434
2018,4,11500530,등촌2동,2444,1255,1189,5,284,548,627,613,367,3,96,244,316,335,261,2,188,304,311,278,106,908847
2018,4,11500535,등촌3동,19383,9895,9488,83,2931,3715,3964,5390,3300,59,1424,2202,2262,2178,1770,24,1507,1513,1702,3212,1530,1049363
2018,4,11500540,화곡1동,4984,2231,2753,25,634,1075,1238,1246,766,13,241,523,563,491,400,12,393,552,675,755,366,1194778
2018,4,11500550,화곡2동,1698,825,873,4,251,470,454,376,143,1,108,260,209,153,94,3,143,210,245,223,49,456061
2018,4,11500560,화곡3동,2040,884,1156,7,270,363,460,511,429,3,70,165,213,218,215,4,200,198,247,293,214,515596
2018,4,11500570,화곡4동,1932,908,1024,4,256,400,503,514,255,4,80,205,224,232,163,0,176,195,279,282,92,853460
2018,4,11500590,화곡본동,2363,864,1499,4,314,522,629,531,363,1,65,200,257,185,156,3,249,322,372,346,207,1007050
2018,4,11500591,화곡6동,10074,5950,4124,17,1192,2273,2554,2573,1465,9,536,1259,1562,1639,945,8,656,1014,992,934,520,1034624
2018,4,11500593,화곡8동,1823,656,1167,6,229,322,408,487,371,3,87,152,159,116,139,3,142,170,249,371,232,567208
2018,4,11500603,가양1동,31864,20724,11140,149,5767,9569,9491,4793,2095,66,2701,6230,6998,3222,1507,83,3066,3339,2493,1571,588,5908521
2018,4,11500604,가양2동,2286,1182,1104,11,311,488,450,426,600,6,101,222,216,182,455,5,210,266,234,244,145,996881
2018,4,11500605,가양3동,5778,3492,2286,53,1185,1567,1540,974,459,31,638,973,957,585,308,22,547,594,583,389,151,691403
2018,4,11500611,발산1동,7975,4155,3820,20,974,1805,2058,2023,1095,8,295,898,1057,1121,776,12,679,907,1001,902,319,3032326
2018,4,11500615,우장산동,4772,2056,2716,58,876,967,1173,979,719,24,293,444,526,399,370,34,583,523,647,580,349,1268459
2018,4,11500620,공항동,44744,26463,18281,45,8428,13905,12355,8158,1853,18,2688,6766,8320,7085,1586,27,5740,7139,4035,1073,267,11377979
2018,4,11500630,방화1동,8600,5479,3121,12,1020,2035,2203,2363,967,3,557,1386,1424,1537,572,9,463,649,779,826,395,1125789
2018,4,11500640,방화2동,3816,2289,1527,6,379,718,940,983,790,2,173,397,517,625,575,4,206,321,423,358,215,5564098
2018,4,11500641,방화3동,3431,1781,1650,6,257,615,769,957,827,3,74,214,415,621,454,3,183,401,354,336,373,1964100
2018,4,11530510,신도림동,9494,5293,4201,47,1603,2509,2437,1847,1051,14,708,1381,1349,1107,734,33,895,1128,1088,740,317,1312211
2018,4,11530520,구로1동,2474,1095,1379,11,206,504,576,460,717,1,99,282,291,195,227,10,107,222,285,265,490,1004193
2018,4,11530530,구로2동,27098,14518,12580,44,3923,7765,7021,5469,2876,24,1490,3730,3847,3427,2000,20,2433,4035,3174,2042,876,1807452
2018,4,11530540,구로3동,81217,49144,32073,399,18109,26595,19143,10796,6175,234,8479,17533,12872,6032,3994,165,9630,9062,6271,4764,2181,1033159
2018,4,11530550,구로4동,2610,1162,1448,4,306,539,727,595,439,4,97,213,309,266,273,0,209,326,418,329,166,538215
2018,4,11530560,구로5동,20049,11755,8294,57,3303,5589,4578,3968,2554,33,1720,3300,2951,2252,1499,24,1583,2289,1627,1716,1055,1075552
2018,4,11530595,가리봉동,1646,675,971,0,198,290,344,406,408,0,82,147,132,137,177,0,116,143,212,269,231,415751
2018,4,11530720,고척1동,6432,3721,2711,19,705,1162,1545,1602,1399,8,306,647,874,905,981,11,399,515,671,697,418,1100132
2018,4,11530730,고척2동,2080,944,1136,4,202,355,564,574,381,1,86,166,208,259,224,3,116,189,356,315,157,1013917
2018,4,11530740,개봉1동,3202,1474,1728,7,365,530,805,915,580,6,145,269,338,386,330,1,220,261,467,529,250,1168155
2018,4,11530750,개봉2동,1503,582,921,5,212,275,406,362,243,1,47,97,152,153,132,4,165,178,254,209,111,825368
2018,4,11530760,개봉3동,4961,2636,2325,2,178,332,501,798,3150,1,56,131,178,332,1938,1,122,201,323,466,1212,831642
2018,4,11530770,오류1동,2972,1421,1551,19,419,508,674,760,592,12,182,255,274,296,402,7,237,253,400,464,190,707130
2018,4,11530780,오류2동,4639,2351,2288,6,491,984,1184,1249,725,3,159,480,562,649,498,3,332,504,622,600,227,4314692
2018,4,11530790,수궁동,4174,2551,1623,9,444,921,1016,1124,660,8,210,532,594,688,519,1,234,389,422,436,141,2684146
2018,4,11545510,가산동,138188,88866,49322,650,30760,43680,34477,18759,9862,347,15489,29612,24297,12183,6938,303,15271,14068,10180,6576,2924,2245346
2018,4,11545610,독산1동,17166,11013,6153,58,2199,4026,4418,4229,2236,24,1212,2717,2800,2617,1643,34,987,1309,1618,1612,593,1956086
2018,4,11545620,독산2동,1737,798,939,3,172,302,454,472,334,2,52,135,202,204,203,1,120,167,252,268,131,596742
2018,4,11545630,독산3동,4861,2947,1914,6,395,737,913,1036,1774,3,136,334,415,513,1546,3,259,403,498,523,228,982894
2018,4,11545640,독산4동,1791,984,807,8,251,337,462,463,270,4,122,185,248,250,175,4,129,152,214,213,95,605029
2018,4,11545670,시흥1동,9980,4453,5527,45,1626,2357,2074,2166,1712,19,684,1134,880,982,754,26,942,1223,1194,1184,958,1437595
2018,4,11545680,시흥2동,1439,475,964,2,162,305,350,357,263,0,31,75,104,108,157,2,131,230,246,249,106,1170211
2018,4,11545690,시흥3동,8949,5533,3416,12,742,1526,2708,2671,1290,2,392,954,1564,1611,1010,10,350,572,1144,1060,280,1328458
2018,4,11545700,시흥4동,974,334,640,0,81,182,269,300,142,0,26,66,82,97,63,0,55,116,187,203,79,873884
2018,4,11545710,시흥5동,1969,1030,939,5,137,266,524,674,363,3,38,115,272,380,222,2,99,151,252,294,141,1368598
2018,4,11560515,영등포본동,3228,1466,1762,16,416,551,700,878,667,8,171,264,316,333,374,8,245,287,384,545,293,843586
2018,4,11560535,영등포동,24546,14264,10282,144,4256,6277,5670,4673,3526,58,1828,3690,3551,2845,2292,86,2428,2587,2119,1828,1234,1390482
2018,4,11560540,여의동,289417,190843,98574,678,49595,105450,79873,42380,11441,172,23541,69517,58236,32411,6966,506,26054,35933,21637,9969,4475,6703511
2018,4,11560550,당산1동,18815,10258,8557,86,2855,4423,4176,4086,3189,48,1176,2406,2414,2373,1841,38,1679,2017,1762,1713,1348,746447
2018,4,11560560,당산2동,31678,17950,13728,149,5800,7257,7082,5489,5901,49,2303,4067,3835,3177,4519,100,3497,3190,3247,2312,1382,1526636
2018,4,11560585,도림동,2088,1227,861,6,187,403,543,520,429,3,72,238,347,301,266,3,115,165,196,219,163,539427
2018,4,11560605,문래동,41842,24607,17235,163,8335,11084,10183,6831,5246,61,3910,6549,5888,4214,3985,102,4425,4535,4295,2617,1261,1738475
2018,4,11560610,양평1동,19331,10609,8722,96,3956,4592,4250,3780,2657,51,1926,2821,2366,1778,1667,45,2030,1771,1884,2002,990,869573
2018,4,11560620,양평2동,34736,18830,15906,148,6297,11583,10286,4810,1612,64,2822,6496,5450,2843,1155,84,3475,5087,4836,1967,457,2573400
2018,4,11560630,신길1동,3795,1882,1913,13,521,642,769,937,913,6,152,286,401,476,561,7,369,356,368,461,352,762886
2018,4,11560650,신길3동,1461,704,757,1,147,309,367,382,255,1,43,137,169,184,170,0,104,172,198,198,85,510335
2018,4,11560660,신길4동,1140,533,607,1,160,294,297,241,147,1,49,147,149,118,69,0,111,147,148,123,78,298738
2018,4,11560670,신길5동,1325,601,724,1,149,288,297,359,231,0,73,134,129,147,118,1,76,154,168,212,113,498387
2018,4,11560680,신길6동,2967,1449,1518,8,384,610,727,677,561,3,144,295,325,317,365,5,240,315,402,360,196,676005
2018,4,11560690,신길7동,2343,1381,962,5,361,554,594,563,266,4,179,360,372,285,181,1,182,194,222,278,85,599547
2018,4,11560700,대림1동,2865,1075,1790,1,741,657,635,526,305,1,134,258,260,253,169,0,607,399,375,273,136,493503
2018,4,11560710,대림2동,2281,1015,1266,2,207,493,738,493,348,0,51,223,265,248,228,2,156,270,473,245,120,574495
2018,4,11560720,대림3동,7951,4537,3414,33,976,1743,2077,1867,1255,20,461,1099,1292,992,673,13,515,644,785,875,582,933892
2018,4,11590510,노량진1동,4357,2361,1996,21,563,1006,1032,1114,621,8,244,579,622,577,331,13,319,427,410,537,290,1876800
2018,4,11590520,노량진2동,5564,2938,2626,17,728,1410,1339,1320,750,7,370,615,689,780,477,10,358,795,650,540,273,619921
2018,4,11590530,상도1동,4961,2415,2546,19,766,1128,1279,1073,696,7,313,516,598,572,409,12,453,612,681,501,287,1492421
2018,4,11590540,상도2동,2851,1289,1562,5,321,560,755,763,447,1,107,235,356,375,215,4,214,325,399,388,232,771971
2018,4,11590550,상도3동,1460,572,888,13,191,295,352,397,212,5,68,125,133,138,103,8,123,170,219,259,109,662403
2018,4,11590560,상도4동,1900,727,1173,3,275,363,498,452,309,1,83,153,191,165,134,2,192,210,307,287,175,947172
2018,4,11590605,흑석동,6152,2744,3408,8,1229,1602,1474,1247,592,3,334,610,712,694,391,5,895,992,762,553,201,2062251
2018,4,11590620,사당1동,5258,2885,2373,9,977,1285,1349,1002,636,3,381,731,806,549,415,6,596,554,543,453,221,630335
2018,4,11590630,사당2동,3959,1535,2424,22,526,748,960,1109,594,11,176,335,376,357,280,11,350,413,584,752,314,3064442
2018,4,11590640,사당3동,2608,1342,1266,5,194,369,546,607,887,1,79,174,263,294,531,4,115,195,283,313,356,898029
2018,4,11590650,사당4동,1038,481,557,0,127,200,253,221,237,0,33,76,106,100,166,0,94,124,147,121,71,431219
2018,4,11590651,사당5동,1012,467,545,3,150,236,274,244,105,2,62,94,116,114,79,1,88,142,158,130,26,658780
2018,4,11590660,대방동,10304,5677,4627,58,1366,2709,2529,2151,1491,8,598,1620,1418,1144,889,50,768,1089,1111,1007,602,1591876
2018,4,11590670,신대방1동,3115,1979,1136,8,503,782,845,600,377,7,296,548,533,355,240,1,207,234,312,245,137,685547
2018,4,11590680,신대방2동,16509,9077,7432,63,2524,4856,4648,3253,1165,18,1048,2635,2685,1984,707,45,1476,2221,1963,1269,458,1024271
2018,4,11620525,보라매동,5519,2385,3134,15,812,1544,1810,959,379,6,294,581,724,537,243,9,518,963,1086,422,136,758003
2018,4,11620545,청림동,719,260,459,2,123,151,194,146,103,0,27,50,70,55,58,2,96,101,124,91,45,305629
2018,4,11620565,성현동,1764,816,948,6,226,365,485,395,287,2,101,185,196,172,160,4,125,180,289,223,127,695625
2018,4,11620575,행운동,3647,1802,1845,21,559,818,872,740,637,9,192,422,453,342,384,12,367,396,419,398,253,739229
2018,4,11620585,낙성대동,12640,6914,5726,35,2015,3618,2808,2476,1688,16,877,1675,1539,1488,1319,19,1138,1943,1269,988,369,2341406
2018,4,11620595,청룡동,8093,4454,3639,16,1055,1977,1953,1892,1200,5,458,1073,1031,1138,749,11,597,904,922,754,451,1186204
2018,4,11620605,은천동,3516,1561,1955,3,451,650,804,885,723,2,135,302,347,373,402,1,316,348,457,512,321,738181
2018,4,11620615,중앙동,2088,928,1160,9,337,483,501,418,340,2,93,205,256,202,170,7,244,278,245,216,170,385136
2018,4,11620625,인헌동,2433,1157,1276,6,376,622,598,464,367,2,119,319,268,205,244,4,257,303,330,259,123,709688
2018,4,11620630,남현동,4904,2921,1983,28,989,1157,1184,1043,503,20,495,708,765,586,347,8,494,449,419,457,156,4218667
2018,4,11620645,서원동,3687,1612,2075,20,838,740,666,734,689,8,279,320,323,291,391,12,559,420,343,443,298,642690
2018,4,11620655,신원동,994,362,632,0,108,189,234,246,217,0,34,65,83,81,99,0,74,124,151,165,118,549115
2018,4,11620665,서림동,1704,987,717,3,141,267,418,471,404,2,69,151,212,266,287,1,72,116,206,205,117,981577
2018,4,11620685,신사동,2145,1037,1108,1,281,447,537,546,333,0,91,227,280,255,184,1,190,220,257,291,149,609167
2018,4,11620695,신림동,2691,1275,1416,19,554,556,603,552,407,9,209,297,302,225,233,10,345,259,301,327,174,507666
2018,4,11620715,난향동,1139,474,665,0,91,172,272,286,318,0,13,48,99,96,218,0,78,124,173,190,100,786985
2018,4,11620725,조원동,3990,2413,1577,7,470,893,980,1052,588,3,242,585,590,604,389,4,228,308,390,448,199,652569
2018,4,11620735,대학동,2498,1349,1149,11,292,492,635,708,360,5,116,248,347,406,227,6,176,244,288,302,133,8107585
2018,4,11620745,삼성동,1187,506,681,4,129,216,288,297,253,2,25,78,116,122,163,2,104,138,172,175,90,2591742
2018,4,11620765,미성동,3179,1548,1631,12,311,542,766,875,673,2,111,255,356,422,402,10,200,287,410,453,271,1355300
2018,4,11620775,난곡동,1198,464,734,2,170,269,306,308,143,1,44,89,129,132,69,1,126,180,177,176,74,982294
2018,4,11650510,서초1동,39718,21220,18498,202,9422,11477,9247,6208,3162,94,3989,6751,5477,2946,1963,108,5433,4726,3770,3262,1199,1383210
2018,4,11650520,서초2동,59563,35587,23976,318,12002,19135,15875,8071,4162,63,5251,11380,10422,5603,2868,255,6751,7755,5453,2468,1294,1229759
2018,4,11650530,서초3동,79305,45152,34153,266,14827,23820,20852,12693,6847,87,5481,13292,13222,8187,4883,179,9346,10528,7630,4506,1964,3027494
2018,4,11650531,서초4동,26707,13059,13648,120,6912,8781,5690,3029,2175,34,2012,4449,3424,1783,1357,86,4900,4332,2266,1246,818,882770
2018,4,11650540,잠원동,20195,12226,7969,52,3999,6457,5162,2737,1788,16,1481,4020,3669,1810,1230,36,2518,2437,1493,927,558,1840832
2018,4,11650550,반포본동,1689,947,742,2,183,357,473,404,270,0,71,162,260,275,179,2,112,195,213,129,91,1491264
2018,4,11650560,반포1동,8562,4787,3775,37,1902,2889,1902,1129,703,10,815,1730,1176,612,444,27,1087,1159,726,517,259,1000549
2018,4,11650570,반포2동,2034,991,1043,7,358,505,574,372,218,1,101,240,291,211,147,6,257,265,283,161,71,1258050
2018,4,11650580,반포3동,8137,3492,4645,55,1477,2052,1660,1589,1304,15,619,951,796,539,572,40,858,1101,864,1050,732,1325140
2018,4,11650581,반포4동,33461,13555,19906,121,8728,9945,7412,4665,2590,44,2074,4028,3565,2403,1441,77,6654,5917,3847,2262,1149,1416005
2018,4,11650590,방배본동,8029,4999,3030,29,1293,2237,1839,1248,1383,19,610,1559,1235,755,821,10,683,678,604,493,562,660469
2018,4,11650600,방배1동,11191,5404,5787,35,2233,3063,2820,1854,1186,9,779,1552,1382,894,788,26,1454,1511,1438,960,398,691215
2018,4,11650610,방배2동,15925,8199,7726,29,2556,4014,3572,3516,2238,19,987,2311,2239,1581,1062,10,1569,1703,1333,1935,1176,1901725
2018,4,11650620,방배3동,9719,5516,4203,73,1983,2528,2051,1637,1447,16,712,1379,1334,996,1079,57,1271,1149,717,641,368,2411856
2018,4,11650621,방배4동,12411,6660,5751,44,2248,3182,3197,2288,1452,19,891,1754,1764,1208,1024,25,1357,1428,1433,1080,428,954529
2018,4,11650651,양재1동,38208,22286,15922,179,6838,9462,8419,7196,6114,78,2939,5814,5422,4273,3760,101,3899,3648,2997,2923,2354,5711370
2018,4,11650652,양재2동,122184,100163,22021,417,14473,26886,34020,40829,5559,174,9655,21481,28244,36572,4037,243,4818,5405,5776,4257,1522,7516954
2018,4,11650660,내곡동,6645,4264,2381,18,866,1769,1718,1510,764,9,383,1100,1175,1057,540,9,483,669,543,453,224,13190710
2018,4,11680510,신사동,31254,14082,17172,1293,11195,8398,5274,3100,1994,492,4148,4034,2734,1435,1239,801,7047,4364,2540,1665,755,1736994
2018,4,11680521,논현1동,43773,22633,21140,188,11803,14008,9453,5111,3210,58,3976,7598,5957,2946,2098,130,7827,6410,3496,2165,1112,1254345
2018,4,11680531,논현2동,67107,35453,31654,257,16017,20841,14905,8319,6768,84,5378,11118,9272,5113,4488,173,10639,9723,5633,3206,2280,1445565
2018,4,11680545,압구정동,35477,14954,20523,285,11573,11085,6326,3517,2691,96,3473,5090,3312,1591,1392,189,8100,5995,3014,1926,1299,2520945
2018,4,11680565,청담동,45278,21858,23420,302,13061,15152,9217,4565,2981,87,4122,7448,5590,2713,1898,215,8939,7704,3627,1852,1083,2384707
2018,4,11680580,삼성1동,95170,56571,38599,393,22596,31912,21038,11855,7376,163,9678,19363,14979,7704,4684,230,12918,12549,6059,4151,2692,1926134
2018,4,11680590,삼성2동,57050,27748,29302,240,16034,17414,11763,7754,3845,100,6003,9453,6341,3549,2302,140,10031,7961,5422,4205,1543,1247821
2018,4,11680600,대치1동,3796,1554,2242,24,644,954,945,720,509,3,157,365,396,304,329,21,487,589,549,416,180,795761
2018,4,11680610,대치2동,64296,38759,25537,299,12351,20166,15712,9764,6004,82,5182,12747,10900,6062,3786,217,7169,7419,4812,3702,2218,2043875
2018,4,11680630,대치4동,27945,15764,12181,159,5724,9571,7266,3571,1654,24,2330,5534,4511,2257,1108,135,3394,4037,2755,1314,546,717795
2018,4,11680640,역삼1동,192833,108670,84163,1001,43095,60549,45356,28167,14665,390,17124,35847,30675,16304,8330,611,25971,24702,14681,11863,6335,2360116
2018,4,11680650,역삼2동,50568,27234,23334,313,12803,14364,11219,7644,4225,127,5212,8159,6949,4323,2464,186,7591,6205,4270,3321,1761,1127531
2018,4,11680655,도곡1동,14354,7887,6467,78,3102,4460,3323,2061,1330,42,1300,2547,1932,1166,900,36,1802,1913,1391,895,430,1022697
2018,4,11680656,도곡2동,30747,12655,18092,183,5446,7598,9009,5554,2957,83,2196,3807,3072,1892,1605,100,3250,3791,5937,3662,1352,1025651
2018,4,11680660,개포1동,696,444,252,3,63,135,140,194,161,1,29,77,83,124,130,2,34,58,57,70,31,973078
2018,4,11680670,개포2동,2760,1555,1205,14,267,486,682,846,465,11,116,219,390,507,312,3,151,267,292,339,153,2371826
2018,4,11680690,개포4동,10027,5731,4296,21,1227,2152,2640,2286,1701,10,549,1313,1486,1211,1162,11,678,839,1154,1075,539,1561449
2018,4,11680700,세곡동,5358,2675,2683,8,758,1206,1357,1161,868,7,284,539,623,602,620,1,474,667,734,559,248,5894759
2018,4,11680720,일원본동,8200,2044,6156,2,2590,2860,1647,889,212,1,354,725,447,365,152,1,2236,2135,1200,524,60,2381558
2018,4,11680730,일원1동,3606,1816,1790,5,409,610,833,959,790,3,214,335,416,426,422,2,195,275,417,533,368,947888
2018,4,11680740,일원2동,13682,10639,3043,90,3966,3979,2515,2127,1005,66,3217,3449,1944,1431,532,24,749,530,571,696,473,1043911
2018,4,11680750,수서동,15014,8043,6971,26,1999,3719,3718,3539,2013,8,995,2350,2044,1393,1253,18,1004,1369,1674,2146,760,1648393
2018,4,11710510,풍납1동,1433,647,786,4,152,296,361,360,260,1,48,126,153,153,166,3,104,170,208,207,94,1057487
2018,4,11710520,풍납2동,14056,4587,9469,17,3614,4499,3422,1801,703,7,650,1310,1189,902,529,10,2964,3189,2233,899,174,1999222
2018,4,11710531,거여1동,3330,1846,1484,9,269,559,672,839,982,6,149,353,400,392,546,3,120,206,272,447,436,512307
2018,4,11710532,거여2동,2365,949,1416,5,239,414,611,702,394,2,79,199,272,228,169,3,160,215,339,474,225,510046
2018,4,11710540,마천1동,1075,499,576,0,115,204,294,284,178,0,35,93,111,137,123,0,80,111,183,147,55,504704
2018,4,11710550,마천2동,3283,1894,1389,11,365,603,802,931,571,6,172,359,426,532,399,5,193,244,376,399,172,936181
2018,4,11710561,방이1동,6492,4027,2465,32,829,1364,1371,1243,1653,10,331,769,806,760,1351,22,498,595,565,483,302,581968
2018,4,11710562,방이2동,14630,8830,5800,46,2427,3990,3456,2794,1917,23,1193,2520,2216,1580,1298,23,1234,1470,1240,1214,619,763928
2018,4,11710566,오륜동,4582,2664,1918,12,562,977,952,1176,903,9,321,543,560,698,533,3,241,434,392,478,370,3150411
2018,4,11710570,오금동,15194,9059,6135,22,1337,2342,2585,2830,6078,7,578,1432,1518,1478,4046,15,759,910,1067,1352,2032,1691111
2018,4,11710580,송파1동,6904,3934,2970,29,1123,1597,1552,1413,1190,16,559,975,922,717,745,13,564,622,630,696,445,683881
2018,4,11710590,송파2동,5678,2479,3199,16,1362,1482,1286,1095,437,7,398,707,697,407,263,9,964,775,589,688,174,636016
2018,4,11710600,석촌동,9162,4747,4415,38,1578,1983,2051,1859,1653,12,547,1113,1166,899,1010,26,1031,870,885,960,643,943819
2018,4,11710610,삼전동,8000,4843,3157,20,967,1545,1622,1759,2087,9,442,931,955,884,1622,11,525,614,667,875,465,992437
2018,4,11710620,가락본동,24896,14462,10434,62,3810,6208,6060,5420,3336,28,1653,3674,3833,3164,2110,34,2157,2534,2227,2256,1226,1024764
2018,4,11710631,가락1동,11023,7712,3311,12,685,1954,2959,3328,2085,6,467,1550,2157,2092,1440,6,218,404,802,1236,645,1357317
2018,4,11710632,가락2동,7212,3734,3478,26,1108,1552,1843,1592,1091,13,467,828,915,763,748,13,641,724,928,829,343,934057
2018,4,11710641,문정1동,4727,2672,2055,12,597,1048,1271,1031,768,10,274,627,740,547,474,2,323,421,531,484,294,604321
2018,4,11710642,문정2동,50601,32977,17624,242,9762,15216,12715,7886,4780,102,4895,10295,8810,5173,3702,140,4867,4921,3905,2713,1078,2387651
2018,4,11710646,장지동,8384,5435,2949,14,652,1288,1943,2389,2098,4,318,777,1178,1625,1533,10,334,511,765,764,565,1295680
2018,4,11710647,위례동,2312,1331,981,23,237,445,644,754,209,3,66,199,355,549,159,20,171,246,289,205,50,2626871
2018,4,11710650,잠실본동,13831,7832,5999,108,2372,3187,3199,2704,2261,67,925,1743,1955,1646,1496,41,1447,1444,1244,1058,765,1136161
2018,4,11710670,잠실2동,3487,1919,1568,5,716,932,873,680,281,3,389,490,473,355,209,2,327,442,400,325,72,2886358
2018,4,11710680,잠실3동,5284,2377,2907,113,1745,1019,1069,953,385,43,716,472,450,518,178,70,1029,547,619,435,207,1506573
2018,4,11710690,잠실4동,1075,421,654,1,124,216,294,243,197,0,31,61,84,95,150,1,93,155,210,148,47,838370
2018,4,11710710,잠실6동,88340,48160,40180,416,17553,27323,24041,16357,2650,215,8992,18093,13605,5620,1635,201,8561,9230,10436,10737,1015,1403041
2018,4,11710720,잠실7동,684,329,355,2,50,154,164,185,129,0,15,65,70,89,90,2,35,89,94,96,39,675008
2018,4,11740515,강일동,21228,17048,4180,12,2314,8474,5804,3634,990,8,1375,6738,4915,3170,842,4,939,1736,889,464,148,3722759
2018,4,11740520,상일동,3954,1538,2416,7,656,989,791,840,671,5,133,354,354,428,264,2,523,635,437,412,407,1801282
2018,4,11740530,명일1동,3436,1391,2045,6,383,513,740,877,917,4,124,241,307,300,415,2,259,272,433,577,502,630284
2018,4,11740540,명일2동,2710,1379,1331,14,306,511,635,773,471,5,112,274,298,409,281,9,194,237,337,364,190,920946
2018,4,11740550,고덕1동,1656,695,961,0,200,351,418,415,272,0,72,161,169,160,133,0,128,190,249,255,139,1906565
2018,4,11740560,고덕2동,1643,855,788,1,135,267,395,542,303,0,64,146,189,292,164,1,71,121,206,250,139,2408099
2018,4,11740570,암사1동,2587,1219,1368,12,278,497,623,695,482,7,117,254,268,310,263,5,161,243,355,385,219,738366
2018,4,11740580,암사2동,2588,1040,1548,5,239,410,614,795,525,2,83,181,229,221,324,3,156,229,385,574,201,2337773
2018,4,11740590,암사3동,1221,532,689,4,148,299,338,303,129,2,40,121,144,140,85,2,108,178,194,163,44,1843902
2018,4,11740600,천호1동,2592,1223,1369,15,306,596,669,601,405,11,120,282,293,266,251,4,186,314,376,335,154,669571
2018,4,11740610,천호2동,7720,3667,4053,28,1482,1832,1802,1509,1067,9,500,913,896,687,662,19,982,919,906,822,405,1828343
2018,4,11740620,천호3동,4086,2247,1839,18,487,997,1077,844,663,7,182,577,650,416,415,11,305,420,427,428,248,569450
2018,4,11740640,성내1동,19235,10480,8755,54,2246,4302,4709,4700,3224,36,1062,2390,2457,2438,2097,18,1184,1912,2252,2262,1127,658437
2018,4,11740650,성내2동,3702,1934,1768,17,611,835,814,788,637,8,239,446,418,407,416,9,372,389,396,381,221,624632
2018,4,11740660,성내3동,6790,3892,2898,10,898,1530,1476,1263,1613,5,411,885,860,645,1086,5,487,645,616,618,527,641973
2018,4,11740685,길동,10963,5081,5882,26,1675,2361,2440,2455,2006,12,583,1137,1193,996,1160,14,1092,1224,1247,1459,846,1590598
2018,4,11740690,둔촌1동,297,168,129,1,28,61,88,79,40,1,16,25,48,50,28,0,12,36,40,29,12,897261
2018,4,11740700,둔촌2동,7335,3495,3840,9,1381,1991,1593,1536,825,5,448,947,793,786,516,4,933,1044,800,750,309,1592001
2019,1,11110515,청운효자동,7153,4577,2576,7,1429,2207,1614,1473,423,3,862,1422,1025,1013,252,4,567,785,589,460,171,2429899
2019,1,11110530,사직동,67986,38862,29124,108,10753,20312,18755,11926,6132,48,3866,11112,12322,7925,3589,60,6887,9200,6433,4001,2543,1161995
2019,1,11110540,삼청동,3994,2066,1928,24,696,1180,1077,750,267,10,219,606,660,436,135,14,477,574,417,314,132,1391632
2019,1,11110550,부암동,3206,1637,1569,5,609,827,846,609,310,5,176,426,516,343,171,0,433,401,330,266,139,2221363
2019,1,11110560,평창동,2458,1110,1348,6,340,515,525,583,489,4,105,235,261,239,266,2,235,280,264,344,223,8346900
2019,1,11110570,무악동,878,249,629,0,200,195,200,170,113,0,29,49,60,46,65,0,171,146,140,124,48,453220
2019,1,11110580,교남동,4262,1468,2794,3,1308,1348,810,536,257,0,262,401,349,280,176,3,1046,947,461,256,81,355267
2019,1,11110600,가회동,22084,18468,3616,36,2845,8418,5997,4052,736,17,1768,7075,5310,3714,584,19,1077,1343,687,338,152,565302
2019,1,11110615,종로1.2.3.4가동,143761,86507,57254,2454,28991,42638,37726,23962,7990,1055,12501,24519,25700,17456,5276,1399,16490,18119,12026,6506,2714,2430999
2019,1,11110630,종로5.6가동,19682,12211,7471,404,3374,5485,5335,3551,1533,121,1538,3487,3587,2441,1037,283,1836,1998,1748,1110,496,599631
2019,1,11110640,이화동,17536,6584,10952,43,4278,5919,3673,2600,1023,15,1061,1931,1593,1339,645,28,3217,3988,2080,1261,378,747067
2019,1,11110650,혜화동,5020,2578,2442,20,897,1215,1223,1045,620,8,338,555,672,591,414,12,559,660,551,454,206,1161303
2019,1,11110670,창신1동,2981,1311,1670,13,465,754,809,526,414,5,166,350,319,223,248,8,299,404,490,303,166,297271
2019,1,11110680,창신2동,652,250,402,0,69,111,159,203,110,0,20,47,73,70,40,0,49,64,86,133,70,257188
2019,1,11110690,창신3동,448,219,229,2,42,83,108,140,73,0,11,27,55,70,56,2,31,56,53,70,17,216230
2019,1,11110700,숭인1동,682,351,331,1,93,153,201,153,81,1,40,83,101,74,52,0,53,70,100,79,29,236777
2019,1,11110710,숭인2동,2862,1395,1467,9,380,577,690,647,559,4,140,302,342,309,298,5,240,275,348,338,261,359384
2019,1,11140520,소공동,136757,76157,60600,524,33437,44320,35507,19365,3604,141,12055,22785,23339,15136,2701,383,21382,21535,12168,4229,903,918284
2019,1,11140540,회현동,76731,45129,31602,363,14246,27216,22831,9754,2321,145,6951,15506,14219,6677,1631,218,7295,11710,8612,3077,690,909465
2019,1,11140550,명동,167533,87119,80414,790,35867,55907,42667,23931,8371,270,14342,27263,24473,15691,5080,520,21525,28644,18194,8240,3291,993909
2019,1,11140570,필동,24334,12711,11623,84,4082,6123,6411,4997,2637,35,1540,3328,3633,2493,1682,49,2542,2795,2778,2504,955,1458582
2019,1,11140580,장충동,9557,5428,4129,30,2583,3046,2227,1199,472,15,1002,1700,1530,858,323,15,1581,1346,697,341,149,1013897
2019,1,11140590,광희동,39556,20206,19350,151,7688,10372,9505,8128,3712,41,3788,6057,5240,3305,1775,110,3900,4315,4265,4823,1937,745387
2019,1,11140605,을지로동,29362,16733,12629,673,6954,6894,6551,5158,3132,299,2964,3853,4165,3283,2169,374,3990,3041,2386,1875,963,612013
2019,1,11140615,신당동,14346,7636,6710,29,3085,4787,3305,2056,1084,13,1566,2490,1806,1141,620,16,1519,2297,1499,915,464,536647
2019,1,11140625,다산동,7836,3726,4110,74,2083,1989,1534,1340,816,33,748,981,848,657,459,41,1335,1008,686,683,357,532721
2019,1,11140635,약수동,3070,1404,1666,13,544,740,739,567,467,4,193,340,348,256,263,9,351,400,391,311,204,509395
2019,1,11140645,청구동,2883,1713,1170,5,596,900,687,449,246,2,274,604,430,252,151,3,322,296,257,197,95,345114
2019,1,11140650,신당5동,2002,888,1114,6,281,496,470,463,286,3,100,230,222,192,141,3,181,266,248,271,145,310367
2019,1,11140665,동화동,2800,1305,1495,10,726,714,598,494,258,5,254,369,316,212,149,5,472,345,282,282,109,330049
2019,1,11140670,황학동,3219,1885,1334,5,602,830,742,649,391,2,290,503,469,379,242,3,312,327,273,270,149,327694
2019,1,11140680,중림동,7636,3877,3759,14,1425,2123,1907,1434,733,4,489,969,1072,860,483,10,936,1154,835,574,250,487576
2019,1,11170510,후암동,3345,1676,1669,12,470,736,794,920,413,6,154,392,467,422,235,6,316,344,327,498,178,868399
2019,1,11170520,용산2가동,3557,1736,1821,7,291,575,1398,1006,280,2,142,284,581,567,160,5,149,291,817,439,120,2047347
2019,1,11170530,남영동,32638,15323,17315,920,13037,8694,5544,3077,1366,309,3771,5124,3584,1736,799,611,9266,3570,1960,1341,567,735947
2019,1,11170555,청파동,8195,4357,3838,13,1173,1954,1774,1781,1500,7,383,886,966,944,1171,6,790,1068,808,837,329,867676
2019,1,11170560,원효로1동,17131,8590,8541,149,4101,5892,4130,1910,949,62,1778,3144,2052,1015,539,87,2323,2748,2078,895,410,589294
2019,1,11170570,원효로2동,5300,3565,1735,33,709,1450,1332,831,945,21,405,1008,958,550,623,12,304,442,374,281,322,915567
2019,1,11170580,효창동,1878,990,888,4,235,414,524,454,247,0,82,211,298,238,161,4,153,203,226,216,86,470670
2019,1,11170590,용문동,1069,510,559,2,116,265,300,228,158,0,36,142,170,90,72,2,80,123,130,138,86,289284
2019,1,11170625,한강로동,71203,40059,31144,420,18496,23941,17083,7848,3415,174,7548,13503,11065,5417,2352,246,10948,10438,6018,2431,1063,3358956
2019,1,11170630,이촌1동,2130,967,1163,8,296,464,520,443,399,3,86,183,210,204,281,5,210,281,310,239,118,2143668
2019,1,11170640,이촌2동,508,291,217,2,100,130,97,87,92,2,55,85,58,48,43,0,45,45,39,39,49,1191110
2019,1,11170650,이태원1동,5859,3269,2590,32,1373,1629,1134,994,697,15,732,897,589,614,422,17,641,732,545,380,275,579369
2019,1,11170660,이태원2동,2652,1430,1222,15,485,674,480,425,573,10,225,374,256,224,341,5,260,300,224,201,232,879018
2019,1,11170685,한남동,16392,8691,7701,67,4289,5469,3476,1992,1099,36,1715,3028,2127,1166,619,31,2574,2441,1349,826,480,3198883
2019,1,11170690,서빙고동,4611,2600,2011,12,852,1361,1224,719,443,0,307,684,750,502,357,12,545,677,474,217,86,2198117
2019,1,11170700,보광동,1012,542,470,1,109,187,273,247,195,0,41,95,147,128,131,1,68,92,126,119,64,890496
2019,1,11200520,왕십리2동,1315,606,709,5,176,296,358,278,202,2,59,125,161,124,135,3,117,171,197,154,67,385254
2019,1,11200535,왕십리도선동,8357,4135,4222,29,1643,1908,1843,1709,1225,14,573,984,1008,880,676,15,1070,924,835,829,549,718816
2019,1,11200540,마장동,11601,7912,3689,19,1047,2455,2964,3393,1723,15,631,1670,2077,2301,1218,4,416,785,887,1092,505,1082999
2019,1,11200550,사근동,8063,3997,4066,8,1727,1898,2171,1657,602,6,517,885,1100,1033,456,2,1210,1013,1071,624,146,1182945
2019,1,11200560,행당1동,6139,3268,2871,33,949,1404,1563,1492,698,15,334,628,843,982,466,18,615,776,720,510,232,552563
2019,1,11200570,행당2동,998,322,676,1,98,222,286,255,136,0,17,51,91,87,76,1,81,171,195,168,60,457197
2019,1,11200580,응봉동,464,196,268,1,55,95,115,115,83,1,19,33,30,46,67,0,36,62,85,69,16,547736
2019,1,11200590,금호1가동,992,408,584,1,118,248,267,211,147,0,27,95,96,92,98,1,91,153,171,119,49,441318
2019,1,11200615,금호2.3가동,1252,466,786,2,190,267,285,286,222,1,46,112,108,91,108,1,144,155,177,195,114,638261
2019,1,11200620,금호4가동,1007,351,656,7,144,253,219,232,152,3,39,90,75,69,75,4,105,163,144,163,77,935263
2019,1,11200645,옥수동,2288,942,1346,11,469,532,547,443,286,2,155,210,209,194,172,9,314,322,338,249,114,1239152
2019,1,11200650,성수1가1동,8174,4802,3372,54,1613,2366,1922,1480,739,26,645,1378,1212,975,566,28,968,988,710,505,173,2248463
2019,1,11200660,성수1가2동,17833,10650,7183,57,4027,5752,3921,2491,1585,25,1631,3509,2628,1702,1155,32,2396,2243,1293,789,430,984783
2019,1,11200670,성수2가1동,43193,19413,23780,180,7257,10311,12671,11492,1282,124,4443,7286,4750,1915,895,56,2814,3025,7921,9577,387,1126355
2019,1,11200690,성수2가3동,50529,29087,21442,302,11234,13484,11969,9071,4469,156,5398,8565,7269,4708,2991,146,5836,4919,4700,4363,1478,1050781
2019,1,11200720,송정동,1881,1116,765,6,281,496,489,360,249,5,140,306,240,236,189,1,141,190,249,124,60,584812
2019,1,11200790,용답동,27742,22399,5343,89,3517,5161,8290,8567,2118,45,2116,3906,7089,7543,1700,44,1401,1255,1201,1024,418,2379362
2019,1,11215710,화양동,6156,2596,3560,41,1648,1701,1201,934,631,15,546,737,580,361,357,26,1102,964,621,573,274,1124376
2019,1,11215730,군자동,6948,3535,3413,14,1303,1566,1731,1583,751,6,554,843,983,737,412,8,749,723,748,846,339,733236
2019,1,11215740,중곡1동,4087,2125,1962,12,430,794,953,1031,867,6,155,456,528,514,466,6,275,338,425,517,401,602769
2019,1,11215750,중곡2동,4024,1994,2030,6,522,826,969,997,704,1,214,420,488,479,392,5,308,406,481,518,312,544807
2019,1,11215760,중곡3동,2383,1121,1262,3,268,555,605,587,365,1,93,233,263,290,241,2,175,322,342,297,124,600824
2019,1,11215770,중곡4동,2556,1405,1151,5,289,494,642,694,432,3,108,255,334,391,314,2,181,239,308,303,118,2295463
2019,1,11215780,능동,3390,1682,1708,17,594,870,837,640,432,6,222,423,440,306,285,11,372,447,397,334,147,1094134
2019,1,11215810,광장동,8564,4404,4160,72,1704,2314,2088,1540,846,39,651,1117,1212,807,578,33,1053,1197,876,733,268,2889609
2019,1,11215820,자양1동,9941,5812,4129,24,1393,2211,2372,2523,1418,8,507,1053,1424,1762,1058,16,886,1158,948,761,360,621606
2019,1,11215830,자양2동,5114,3287,1827,8,422,885,1464,1638,697,4,203,540,1014,1050,476,4,219,345,450,588,221,1630926
2019,1,11215840,자양3동,3149,1528,1621,19,520,760,765,627,458,11,201,388,367,271,290,8,319,372,398,356,168,1145609
2019,1,11215847,자양4동,2877,1537,1340,14,510,630,717,613,393,5,211,369,390,297,265,9,299,261,327,316,128,1148618
2019,1,11215850,구의1동,4514,2658,1856,6,545,1133,1205,980,645,3,242,691,743,603,376,3,303,442,462,377,269,553095
2019,1,11215860,구의2동,3373,1729,1644,27,400,687,805,879,575,12,159,322,411,461,364,15,241,365,394,418,211,1363952
2019,1,11215870,구의3동,14037,7794,6243,64,1730,2758,3436,3511,2538,36,818,1663,2004,1776,1497,28,912,1095,1432,1735,1041,1453971
2019,1,11230536,용신동,28357,14627,13730,99,4098,6904,7323,5942,3991,55,1681,3791,3761,3005,2334,44,2417,3113,3562,2937,1657,1590771
2019,1,11230545,제기동,6219,3505,2714,15,793,1229,1528,1538,1116,9,371,689,875,846,715,6,422,540,653,692,401,1184853
2019,1,11230560,전농1동,2848,1396,1452,21,459,578,705,657,428,11,212,284,361,304,224,10,247,294,344,353,204,1140490
2019,1,11230570,전농2동,3388,1630,1758,0,389,865,886,855,393,0,117,332,429,468,284,0,272,533,457,387,109,983768
2019,1,11230600,답십리1동,5128,2606,2522,12,754,1027,1372,1164,799,3,320,555,662,555,511,9,434,472,710,609,288,838156
2019,1,11230610,답십리2동,3773,2219,1554,13,427,776,969,901,687,11,228,462,581,501,436,2,199,314,388,400,251,814945
2019,1,11230650,장안1동,14251,8185,6066,56,1895,3112,3330,3017,2841,23,842,1744,1940,1707,1929,33,1053,1368,1390,1310,912,1360347
2019,1,11230660,장안2동,7012,3396,3616,37,1055,1459,1797,1663,1001,13,424,733,904,782,540,24,631,726,893,881,461,1119438
2019,1,11230705,청량리동,5924,3288,2636,30,1044,1490,1270,1294,796,15,481,885,733,710,464,15,563,605,537,584,332,1197287
2019,1,11230710,회기동,4260,1592,2668,10,993,1254,893,776,334,3,272,536,339,282,160,7,721,718,554,494,174,829432
2019,1,11230720,휘경1동,1755,921,834,6,232,324,388,354,451,4,98,178,200,164,277,2,134,146,188,190,174,519932
2019,1,11230730,휘경2동,3830,1495,2335,25,743,916,951,810,385,13,177,386,424,312,183,12,566,530,527,498,202,1207585
2019,1,11230740,이문1동,5542,2963,2579,10,660,1337,1655,1273,607,4,203,579,893,835,449,6,457,758,762,438,158,986690
2019,1,11230750,이문2동,1548,594,954,3,125,177,283,531,429,3,37,67,114,169,204,0,88,110,169,362,225,698476
2019,1,11260520,면목2동,2682,1319,1363,5,274,465,697,747,494,3,96,198,326,379,317,2,178,267,371,368,177,743106
2019,1,11260540,면목4동,1847,1112,735,4,202,295,473,644,229,0,72,142,285,450,163,4,130,153,188,194,66,821882
2019,1,11260550,면목5동,1090,703,387,1,84,177,238,350,240,0,37,101,148,226,191,1,47,76,90,124,49,591696
2019,1,11260565,면목본동,2473,944,1529,6,307,451,646,702,361,3,84,198,261,231,167,3,223,253,385,471,194,840931
2019,1,11260570,면목7동,1526,714,812,5,215,275,340,406,285,1,62,106,166,186,193,4,153,169,174,220,92,1202721
2019,1,11260575,면목3.8동,3594,1904,1690,4,493,686,963,980,468,0,158,285,526,612,323,4,335,401,437,368,145,1591050
2019,1,11260580,상봉1동,3071,1682,1389,12,384,484,672,891,628,9,123,199,298,554,499,3,261,285,374,337,129,917193
2019,1,11260590,상봉2동,7399,4636,2763,36,1041,1736,2045,1665,876,18,515,1166,1274,1082,581,18,526,570,771,583,295,658991
2019,1,11260600,중화1동,1941,749,1192,5,226,362,554,550,244,1,68,131,226,203,120,4,158,231,328,347,124,637209
2019,1,11260610,중화2동,3128,1737,1391,6,271,488,720,734,909,5,104,251,386,366,625,1,167,237,334,368,284,960402
2019,1,11260620,묵1동,3305,1518,1787,11,426,757,894,783,434,6,155,361,365,350,281,5,271,396,529,433,153,1184393
2019,1,11260630,묵2동,1956,954,1002,3,268,420,500,506,259,1,96,211,248,251,147,2,172,209,252,255,112,682005
2019,1,11260655,망우본동,5826,2768,3058,19,799,1165,1383,1467,993,4,244,497,621,714,688,15,555,668,762,753,305,3074745
2019,1,11260660,망우3동,1718,789,929,6,162,286,436,489,339,2,38,121,209,226,193,4,124,165,227,263,146,967313
2019,1,11260680,신내1동,6785,3580,3205,10,1037,1526,1557,1751,904,5,350,807,827,983,608,5,687,719,730,768,296,2361684
2019,1,11260690,신내2동,4381,2098,2283,7,506,969,1137,1147,615,3,159,404,506,654,372,4,347,565,631,493,243,939758
2019,1,11290525,성북동,3240,1486,1754,23,596,926,872,546,277,9,210,430,394,279,164,14,386,496,478,267,113,3067396
2019,1,11290555,삼선동,8762,4370,4392,30,1193,1893,2161,2272,1213,15,416,870,1105,1315,649,15,777,1023,1056,957,564,1177823
2019,1,11290575,동선동,6327,2627,3700,26,1135,1172,1231,1169,1594,4,314,542,587,519,661,22,821,630,644,650,933,729672
2019,1,11290580,돈암1동,983,353,630,0,134,222,264,243,120,0,36,73,101,76,67,0,98,149,163,167,53,461503
2019,1,11290590,돈암2동,765,243,522,3,145,232,191,117,77,1,28,83,59,32,40,2,117,149,132,85,37,414465
2019,1,11290600,안암동,9984,4994,4990,25,1894,3005,2540,1795,725,6,554,1312,1435,1184,503,19,1340,1693,1105,611,222,1295307
2019,1,11290610,보문동,3526,1900,1626,8,414,591,693,695,1125,1,142,301,351,334,771,7,272,290,342,361,354,551172
2019,1,11290620,정릉1동,1191,522,669,1,145,226,346,310,163,0,38,100,137,147,100,1,107,126,209,163,63,475568
2019,1,11290630,정릉2동,1633,779,854,10,217,334,421,405,246,3,83,142,181,209,161,7,134,192,240,196,85,1165255
2019,1,11290640,정릉3동,2978,1752,1226,1,433,569,856,785,334,1,148,281,510,549,263,0,285,288,346,236,71,3182234
2019,1,11290650,정릉4동,2920,1794,1126,4,287,429,740,915,545,1,73,206,478,637,399,3,214,223,262,278,146,3714207
2019,1,11290660,길음1동,2239,822,1417,14,312,456,599,492,366,8,61,166,184,191,212,6,251,290,415,301,154,753885
2019,1,11290685,길음2동,1169,430,739,7,221,294,302,217,128,3,62,119,125,70,51,4,159,175,177,147,77,423663
2019,1,11290705,종암동,4033,1859,2174,11,600,890,1049,1005,478,3,202,459,498,472,225,8,398,431,551,533,253,1494677
2019,1,11290715,월곡1동,3921,1749,2172,23,575,806,1012,928,577,3,200,383,459,398,306,20,375,423,553,530,271,974658
2019,1,11290725,월곡2동,5834,3191,2643,11,1277,1553,1326,1058,609,2,562,934,757,568,368,9,715,619,569,490,241,1330228
2019,1,11290760,장위1동,1049,421,628,1,107,160,274,309,198,0,26,62,108,125,100,1,81,98,166,184,98,714821
2019,1,11290770,장위2동,1831,884,947,4,193,299,519,517,299,1,76,148,246,231,182,3,117,151,273,286,117,682224
2019,1,11290780,장위3동,1661,965,696,7,164,254,381,492,363,4,61,119,196,302,283,3,103,135,185,190,80,663549
2019,1,11290810,석관동,5141,2979,2162,11,419,836,1089,1168,1618,2,139,382,569,687,1200,9,280,454,520,481,418,1773773
2019,1,11305534,삼양동,1564,608,956,0,193,326,399,393,253,0,39,103,135,158,173,0,154,223,264,235,80,959451
2019,1,11305535,미아동,3008,1304,1704,6,431,583,713,710,565,4,134,245,321,284,316,2,297,338,392,426,249,835492
2019,1,11305545,송중동,3679,1655,2024,24,567,813,972,807,496,14,229,375,416,330,291,10,338,438,556,477,205,1085065
2019,1,11305555,송천동,3583,1605,1978,9,351,568,752,852,1051,6,124,253,351,405,466,3,227,315,401,447,585,928301
2019,1,11305575,삼각산동,1320,405,915,4,179,311,436,249,141,1,36,98,113,86,71,3,143,213,323,163,70,603256
2019,1,11305590,번1동,4381,2302,2079,13,571,865,963,1157,812,6,204,500,510,642,440,7,367,365,453,515,372,619363
2019,1,11305600,번2동,2115,1286,829,5,204,281,550,738,337,4,98,141,306,510,227,1,106,140,244,228,110,992960
2019,1,11305606,번3동,1532,704,828,12,227,254,369,383,287,7,83,110,164,171,169,5,144,144,205,212,118,1075371
2019,1,11305610,수유1동,3077,1575,1502,3,265,526,830,931,522,0,77,258,428,507,305,3,188,268,402,424,217,1748455
2019,1,11305620,수유2동,2152,908,1244,12,202,301,478,538,621,6,69,155,220,208,250,6,133,146,258,330,371,593685
2019,1,11305630,수유3동,5049,2584,2465,23,645,1229,1226,1259,667,14,255,594,619,699,403,9,390,635,607,560,264,725084
2019,1,11305645,우이동,2484,1520,964,5,217,312,477,782,691,1,86,176,284,524,449,4,131,136,193,258,242,10680138
2019,1,11305660,인수동,3575,1568,2007,4,450,708,878,919,616,2,136,310,374,386,360,2,314,398,504,533,256,2869695
2019,1,11320511,창1동,1789,715,1074,6,267,383,471,466,196,4,77,143,177,195,119,2,190,240,294,271,77,1104916
2019,1,11320512,창2동,2302,1172,1130,9,284,397,638,644,330,3,111,187,286,346,239,6,173,210,352,298,91,654615
2019,1,11320513,창3동,941,340,601,3,94,178,251,270,145,3,19,54,92,93,79,0,75,124,159,177,66,635079
2019,1,11320514,창4동,3893,2336,1557,2,425,626,952,1090,798,1,153,326,521,733,602,1,272,300,431,357,196,1155759
2019,1,11320515,창5동,5285,2571,2714,21,706,1274,1388,1329,567,11,226,604,697,709,324,10,480,670,691,620,243,676820
2019,1,11320521,도봉1동,3345,2042,1303,10,242,472,810,1133,678,6,99,244,466,751,476,4,143,228,344,382,202,8547209
2019,1,11320522,도봉2동,5151,2802,2349,4,375,794,1048,1094,1836,0,148,344,500,606,1204,4,227,450,548,488,632,1204332
2019,1,11320660,쌍문1동,2486,964,1522,3,418,446,594,653,372,1,93,175,231,239,225,2,325,271,363,414,147,1177010
2019,1,11320670,쌍문2동,3122,1626,1496,12,294,493,639,770,914,9,112,246,279,368,612,3,182,247,360,402,302,539384
2019,1,11320680,쌍문3동,2285,975,1310,6,504,499,529,522,225,3,139,221,230,251,131,3,365,278,299,271,94,504867
2019,1,11320681,쌍문4동,1228,483,745,1,151,290,323,307,156,0,33,111,109,114,116,1,118,179,214,193,40,543784
2019,1,11320690,방학1동,5378,2908,2470,25,664,893,1152,1549,1095,9,269,459,569,847,755,16,395,434,583,702,340,1041785
2019,1,11320700,방학2동,1350,586,764,2,137,254,339,332,286,2,61,125,146,114,138,0,76,129,193,218,148,1102018
2019,1,11320710,방학3동,1926,802,1124,0,154,258,466,616,432,0,42,81,178,223,278,0,112,177,288,393,154,1856777
2019,1,11350560,월계1동,2690,1473,1217,10,344,505,680,654,497,6,114,237,365,400,351,4,230,268,315,254,146,1218934
2019,1,11350570,월계2동,2194,1133,1061,11,248,419,593,618,305,7,94,167,280,356,229,4,154,252,313,262,76,1991095
2019,1,11350580,월계3동,1808,823,985,2,152,270,484,565,335,2,45,124,195,256,201,0,107,146,289,309,134,1133881
2019,1,11350595,공릉1동,9988,4957,5031,30,1088,1696,2168,2483,2523,16,479,979,1116,1100,1267,14,609,717,1052,1383,1256,1217193
2019,1,11350600,공릉2동,6610,3068,3542,8,884,1398,1658,1653,1009,7,230,565,704,816,746,1,654,833,954,837,263,7207339
2019,1,11350611,하계1동,7895,4247,3648,26,1354,1928,1887,1931,769,21,536,974,1044,1195,477,5,818,954,843,736,292,1467562
2019,1,11350612,하계2동,681,247,434,3,61,108,203,211,95,2,13,32,51,68,81,1,48,76,152,143,14,513857
2019,1,11350619,중계본동,2568,1163,1405,3,241,396,581,609,738,3,100,158,243,256,403,0,141,238,338,353,335,2094464
2019,1,11350621,중계1동,1574,660,914,7,223,282,442,395,225,2,76,112,157,161,152,5,147,170,285,234,73,624508
2019,1,11350624,중계4동,2235,939,1296,10,228,446,562,621,368,3,75,204,239,253,165,7,153,242,323,368,203,1540528
2019,1,11350625,중계2.3동,2961,1191,1770,6,367,583,755,839,411,2,131,265,284,283,226,4,236,318,471,556,185,912217
2019,1,11350630,상계1동,6272,3354,2918,16,487,903,1410,1523,1933,9,208,493,677,762,1205,7,279,410,733,761,728,4997346
2019,1,11350640,상계2동,4745,1878,2867,35,849,867,1075,1219,700,15,298,387,429,416,333,20,551,480,646,803,367,629194
2019,1,11350665,상계3.4동,3126,1840,1286,5,218,369,757,1066,711,2,67,186,408,691,486,3,151,183,349,375,225,5751720
2019,1,11350670,상계5동,2243,1038,1205,4,183,273,455,577,751,1,84,160,197,217,379,3,99,113,258,360,372,473604
2019,1,11350695,상계6.7동,9378,3548,5830,22,1645,2288,2358,2025,1040,7,364,772,884,992,529,15,1281,1516,1474,1033,511,1434043
2019,1,11350700,상계8동,1155,395,760,1,128,211,377,298,140,1,41,67,74,107,105,0,87,144,303,191,35,668937
2019,1,11350710,상계9동,1340,493,847,2,125,271,398,375,169,0,28,86,112,152,115,2,97,185,286,223,54,833448
2019,1,11350720,상계10동,1083,444,639,2,107,223,289,315,147,1,27,72,104,144,96,1,80,151,185,171,51,802642
2019,1,11380510,녹번동,7570,3682,3888,17,875,1694,2031,1937,1016,9,336,732,977,1050,578,8,539,962,1054,887,438,1923020
2019,1,11380520,불광1동,2861,1202,1659,3,465,792,719,539,343,1,149,332,319,211,190,2,316,460,400,328,153,2948578
2019,1,11380530,불광2동,3683,1800,1883,14,520,797,995,898,459,7,207,427,488,445,226,7,313,370,507,453,233,1756596
2019,1,11380551,갈현1동,2352,1007,1345,13,414,489,584,518,334,5,151,240,212,221,178,8,263,249,372,297,156,909869
2019,1,11380552,갈현2동,3307,1251,2056,10,429,716,843,884,425,5,121,317,329,286,193,5,308,399,514,598,232,1018512
2019,1,11380560,구산동,4279,1969,2310,9,461,731,970,1390,718,3,148,280,423,741,374,6,313,451,547,649,344,1316383
2019,1,11380570,대조동,3575,1415,2160,15,425,665,935,906,629,6,139,266,383,326,295,9,286,399,552,580,334,867572
2019,1,11380580,응암1동,3919,1691,2228,18,513,794,1010,902,682,8,161,339,436,347,400,10,352,455,574,555,282,1126418
2019,1,11380590,응암2동,963,461,502,1,104,210,232,250,166,0,27,72,92,146,124,1,77,138,140,104,42,554079
2019,1,11380600,응암3동,3127,1264,1863,9,407,617,833,801,460,5,156,256,312,304,231,4,251,361,521,497,229,933101
2019,1,11380625,역촌동,4288,1931,2357,10,497,836,1097,1065,783,5,179,369,501,449,428,5,318,467,596,616,355,1138805
2019,1,11380631,신사1동,2170,986,1184,1,268,427,521,544,409,1,78,214,243,231,219,0,190,213,278,313,190,823498
2019,1,11380632,신사2동,1846,880,966,1,175,304,443,438,485,0,65,128,194,230,263,1,110,176,249,208,222,1050676
2019,1,11380640,증산동,2366,1367,999,5,239,434,564,605,519,3,90,208,306,355,405,2,149,226,258,250,114,929526
2019,1,11380650,수색동,1442,684,758,7,256,307,330,328,214,3,56,110,179,204,132,4,200,197,151,124,82,1169504
2019,1,11380690,진관동,5681,2923,2758,39,833,1062,1472,1602,673,15,337,532,716,888,435,24,496,530,756,714,238,12836383
2019,1,11410520,천연동,1676,717,959,5,198,323,452,462,236,4,67,124,192,194,136,1,131,199,260,268,100,866603
2019,1,11410555,북아현동,1354,541,813,2,157,223,350,363,259,0,48,98,134,127,134,2,109,125,216,236,125,461555
2019,1,11410565,충현동,25281,15036,10245,57,4136,7943,6651,4533,1961,38,1789,4599,4231,3034,1345,19,2347,3344,2420,1499,616,1139343
2019,1,11410585,신촌동,20740,8273,12467,85,5700,6258,4514,3024,1159,34,1643,2367,1895,1626,708,51,4057,3891,2619,1398,451,2504686
2019,1,11410615,연희동,8949,4709,4240,13,1327,2137,2163,2087,1222,3,536,1089,1097,1185,799,10,791,1048,1066,902,423,2965760
2019,1,11410620,홍제1동,1840,764,1076,3,250,374,497,434,282,2,76,158,191,175,162,1,174,216,306,259,120,1492096
2019,1,11410640,홍제3동,1608,605,1003,2,198,314,382,351,361,1,51,96,128,127,202,1,147,218,254,224,159,1093373
2019,1,11410655,홍제2동,1201,563,638,4,119,170,289,377,242,4,51,74,118,180,136,0,68,96,171,197,106,705399
2019,1,11410660,홍은1동,1529,606,923,10,195,303,387,428,206,5,69,117,125,166,124,5,126,186,262,262,82,1538023
2019,1,11410685,홍은2동,3635,1934,1701,5,479,727,844,987,593,2,174,339,442,565,412,3,305,388,402,422,181,2049745
2019,1,11410690,남가좌1동,1520,762,758,11,271,332,376,337,193,5,72,137,204,215,129,6,199,195,172,122,64,484765
2019,1,11410700,남가좌2동,1702,799,903,4,216,345,464,425,248,2,60,145,215,205,172,2,156,200,249,220,76,787125
2019,1,11410710,북가좌1동,1793,1124,669,4,168,269,385,500,467,4,48,123,207,339,403,0,120,146,178,161,64,562752
2019,1,11410720,북가좌2동,2745,1397,1348,9,265,433,683,789,566,3,91,204,328,425,346,6,174,229,355,364,220,806705
2019,1,11440555,아현동,22833,12228,10605,98,4440,6741,5533,4400,1621,39,1732,3780,3327,2345,1005,59,2708,2961,2206,2055,616,870645
2019,1,11440565,공덕동,11079,6976,4103,29,2027,2784,3020,2243,976,9,1069,1719,2027,1635,517,20,958,1065,993,608,459,891209
2019,1,11440585,도화동,15724,8694,7030,52,3083,4161,3730,3001,1697,25,1382,2390,2205,1504,1188,27,1701,1771,1525,1497,509,863516
2019,1,11440590,용강동,18853,10387,8466,112,3186,4555,4551,3826,2623,41,1348,2697,2805,1897,1599,71,1838,1858,1746,1929,1024,910388
2019,1,11440600,대흥동,5999,3092,2907,24,935,1540,1460,1288,752,10,339,717,830,748,448,14,596,823,630,540,304,854083
2019,1,11440610,염리동,8435,5612,2823,90,1478,2332,2112,1487,936,36,865,1649,1568,861,633,54,613,683,544,626,303,549601
2019,1,11440630,신수동,4449,2479,1970,21,671,1276,1253,815,413,7,272,712,730,478,280,14,399,564,523,337,133,914314
2019,1,11440655,서강동,10196,5675,4521,40,2162,2563,2059,1506,1866,25,908,1459,1369,924,990,15,1254,1104,690,582,876,1890596
2019,1,11440660,서교동,50633,25273,25360,352,13764,13814,10691,7050,4962,146,5370,7661,6256,3343,2497,206,8394,6153,4435,3707,2465,1641475
2019,1,11440680,합정동,11632,6313,5319,50,2628,3757,2980,1506,711,22,895,1997,1911,1015,473,28,1733,1760,1069,491,238,1792621
2019,1,11440690,망원1동,3001,1528,1473,11,577,776,732,552,353,2,257,440,404,240,185,9,320,336,328,312,168,1111518
2019,1,11440700,망원2동,2637,1401,1236,4,380,634,722,558,339,2,164,336,391,288,220,2,216,298,331,270,119,1209563
2019,1,11440710,연남동,5156,2733,2423,23,1330,1578,1128,688,409,12,582,865,667,364,243,11,748,713,461,324,166,641653
2019,1,11440720,성산1동,8904,5776,3128,24,1196,1811,1925,1610,2338,16,487,1018,1199,1038,2018,8,709,793,726,572,320,855779
2019,1,11440730,성산2동,9924,4717,5207,8,740,1430,1849,2915,2982,5,267,574,900,1256,1715,3,473,856,949,1659,1267,1990923
2019,1,11440740,상암동,34935,21102,13833,53,7458,12095,9300,4306,1723,29,2830,7077,6709,3117,1340,24,4628,5018,2591,1189,383,7646126
2019,1,11470510,목1동,14479,8570,5909,69,2584,3766,3915,2989,1156,24,1032,2131,2585,2068,730,45,1552,1635,1330,921,426,1572490
2019,1,11470520,목2동,2555,1302,1253,5,324,680,691,549,306,3,128,391,334,282,164,2,196,289,357,267,142,1021500
2019,1,11470530,목3동,2635,1200,1435,8,399,596,569,556,507,3,136,297,269,243,252,5,263,299,300,313,255,533074
2019,1,11470540,목4동,2250,977,1273,3,226,393,543,611,474,3,91,159,232,230,262,0,135,234,311,381,212,578170
2019,1,11470550,목5동,6011,2067,3944,15,1121,1632,1519,1184,540,9,193,465,500,520,380,6,928,1167,1019,664,160,2055129
2019,1,11470560,신월1동,2693,1561,1132,5,204,417,689,853,525,4,83,234,382,519,339,1,121,183,307,334,186,625887
2019,1,11470570,신월2동,2306,1147,1159,2,227,407,592,654,424,1,97,190,245,344,270,1,130,217,347,310,154,608140
2019,1,11470580,신월3동,2650,1452,1198,1,205,426,657,790,571,0,75,192,324,447,414,1,130,234,333,343,157,932122
2019,1,11470590,신월4동,2037,1166,871,7,173,312,490,578,477,4,79,170,231,327,355,3,94,142,259,251,122,470224
2019,1,11470600,신월5동,2709,1587,1122,2,227,367,522,570,1021,2,72,135,195,267,916,0,155,232,327,303,105,523363
2019,1,11470610,신월6동,1315,694,621,3,149,212,312,393,246,2,54,113,142,203,180,1,95,99,170,190,66,437027
2019,1,11470611,신월7동,3577,2345,1232,2,345,538,863,1066,763,1,225,347,497,684,591,1,120,191,366,382,172,1403954
2019,1,11470620,신정1동,2730,1237,1493,8,308,591,734,640,449,1,115,273,328,275,245,7,193,318,406,365,204,722680
2019,1,11470630,신정2동,1895,788,1107,6,231,341,518,495,304,2,72,149,207,175,183,4,159,192,311,320,121,594999
2019,1,11470640,신정3동,6107,3304,2803,14,631,1165,1458,1644,1195,6,200,510,728,920,940,8,431,655,730,724,255,2650845
2019,1,11470650,신정4동,7695,3621,4074,22,978,1556,1923,1882,1334,11,323,734,951,852,750,11,655,822,972,1030,584,996406
2019,1,11470670,신정6동,5882,3137,2745,33,841,1507,1395,1577,529,30,436,717,677,959,318,3,405,790,718,618,211,972556
2019,1,11470680,신정7동,2037,865,1172,6,214,409,584,542,282,3,64,193,206,222,177,3,150,216,378,320,105,1144112
2019,1,11500510,염창동,12542,7597,4945,43,1953,3394,3308,2353,1491,27,817,2028,2147,1481,1097,16,1136,1366,1161,872,394,1957926
2019,1,11500520,등촌1동,29302,11684,17618,180,3684,6809,9039,8414,1176,109,1905,4323,3282,1338,727,71,1779,2486,5757,7076,449,649434
2019,1,11500530,등촌2동,2444,1255,1189,5,284,548,627,613,367,3,96,244,316,335,261,2,188,304,311,278,106,908847
2019,1,11500535,등촌3동,19383,9895,9488,83,2931,3715,3964,5390,3300,59,1424,2202,2262,2178,1770,24,1507,1513,1702,3212,1530,1049363
2019,1,11500540,화곡1동,4984,2231,2753,25,634,1075,1238,1246,766,13,241,523,563,491,400,12,393,552,675,755,366,1194778
2019,1,11500550,화곡2동,1698,825,873,4,251,470,454,376,143,1,108,260,209,153,94,3,143,210,245,223,49,456061
2019,1,11500560,화곡3동,2040,884,1156,7,270,363,460,511,429,3,70,165,213,218,215,4,200,198,247,293,214,515596
2019,1,11500570,화곡4동,1932,908,1024,4,256,400,503,514,255,4,80,205,224,232,163,0,176,195,279,282,92,853460
2019,1,11500590,화곡본동,2363,864,1499,4,314,522,629,531,363,1,65,200,257,185,156,3,249,322,372,346,207,1007050
2019,1,11500591,화곡6동,10074,5950,4124,17,1192,2273,2554,2573,1465,9,536,1259,1562,1639,945,8,656,1014,992,934,520,1034624
2019,1,11500593,화곡8동,1823,656,1167,6,229,322,408,487,371,3,87,152,159,116,139,3,142,170,249,371,232,567208
2019,1,11500603,가양1동,31864,20724,11140,149,5767,9569,9491,4793,2095,66,2701,6230,6998,3222,1507,83,3066,3339,2493,1571,588,5908521
2019,1,11500604,가양2동,2286,1182,1104,11,311,488,450,426,600,6,101,222,216,182,455,5,210,266,234,244,145,996881
2019,1,11500605,가양3동,5778,3492,2286,53,1185,1567,1540,974,459,31,638,973,957,585,308,22,547,594,583,389,151,691403
2019,1,11500611,발산1동,7975,4155,3820,20,974,1805,2058,2023,1095,8,295,898,1057,1121,776,12,679,907,1001,902,319,3032326
2019,1,11500615,우장산동,4772,2056,2716,58,876,967,1173,979,719,24,293,444,526,399,370,34,583,523,647,580,349,1268459
2019,1,11500620,공항동,44744,26463,18281,45,8428,13905,12355,8158,1853,18,2688,6766,8320,7085,1586,27,5740,7139,4035,1073,267,11377979
2019,1,11500630,방화1동,8600,5479,3121,12,1020,2035,2203,2363,967,3,557,1386,1424,1537,572,9,463,649,779,826,395,1125789
2019,1,11500640,방화2동,3816,2289,1527,6,379,718,940,983,790,2,173,397,517,625,575,4,206,321,423,358,215,5564098
2019,1,11500641,방화3동,3431,1781,1650,6,257,615,769,957,827,3,74,214,415,621,454,3,183,401,354,336,373,1964100
2019,1,11530510,신도림동,9494,5293,4201,47,1603,2509,2437,1847,1051,14,708,1381,1349,1107,734,33,895,1128,1088,740,317,1312211
2019,1,11530520,구로1동,2474,1095,1379,11,206,504,576,460,717,1,99,282,291,195,227,10,107,222,285,265,490,1004193
2019,1,11530530,구로2동,27098,14518,12580,44,3923,7765,7021,5469,2876,24,1490,3730,3847,3427,2000,20,2433,4035,3174,2042,876,1807452
2019,1,11530540,구로3동,81217,49144,32073,399,18109,26595,19143,10796,6175,234,8479,17533,12872,6032,3994,165,9630,9062,6271,4764,2181,1033159
2019,1,11530550,구로4동,2610,1162,1448,4,306,539,727,595,439,4,97,213,309,266,273,0,209,326,418,329,166,538215
2019,1,11530560,구로5동,20049,11755,8294,57,3303,5589,4578,3968,2554,33,1720,3300,2951,2252,1499,24,1583,2289,1627,1716,1055,1075552
2019,1,11530595,가리봉동,1646,675,971,0,198,290,344,406,408,0,82,147,132,137,177,0,116,143,212,269,231,415751
2019,1,11530720,고척1동,6432,3721,2711,19,705,1162,1545,1602,1399,8,306,647,874,905,981,11,399,515,671,697,418,1100132
2019,1,11530730,고척2동,2080,944,1136,4,202,355,564,574,381,1,86,166,208,259,224,3,116,189,356,315,157,1013917
2019,1,11530740,개봉1동,3202,1474,1728,7,365,530,805,915,580,6,145,269,338,386,330,1,220,261,467,529,250,1168155
2019,1,11530750,개봉2동,1503,582,921,5,212,275,406,362,243,1,47,97,152,153,132,4,165,178,254,209,111,825368
2019,1,11530760,개봉3동,4961,2636,2325,2,178,332,501,798,3150,1,56,131,178,332,1938,1,122,201,323,466,1212,831642
2019,1,11530770,오류1동,2972,1421,1551,19,419,508,674,760,592,12,182,255,274,296,402,7,237,253,400,464,190,707130
2019,1,11530780,오류2동,4639,2351,2288,6,491,984,1184,1249,725,3,159,480,562,649,498,3,332,504,622,600,227,4314692
2019,1,11530790,수궁동,4174,2551,1623,9,444,921,1016,1124,660,8,210,532,594,688,519,1,234,389,422,436,141,2684146
2019,1,11545510,가산동,138188,88866,49322,650,30760,43680,34477,18759,9862,347,15489,29612,24297,12183,6938,303,15271,14068,10180,6576,2924,2245346
2019,1,11545610,독산1동,17166,11013,6153,58,2199,4026,4418,4229,2236,24,1212,2717,2800,2617,1643,34,987,1309,1618,1612,593,1956086
2019,1,11545620,독산2동,1737,798,939,3,172,302,454,472,334,2,52,135,202,204,203,1,120,167,252,268,131,596742
2019,1,11545630,독산3동,4861,2947,1914,6,395,737,913,1036,1774,3,136,334,415,513,1546,3,259,403,498,523,228,982894
2019,1,11545640,독산4동,1791,984,807,8,251,337,462,463,270,4,122,185,248,250,175,4,129,152,214,213,95,605029
2019,1,11545670,시흥1동,9980,4453,5527,45,1626,2357,2074,2166,1712,19,684,1134,880,982,754,26,942,1223,1194,1184,958,1437595
2019,1,11545680,시흥2동,1439,475,964,2,162,305,350,357,263,0,31,75,104,108,157,2,131,230,246,249,106,1170211
2019,1,11545690,시흥3동,8949,5533,3416,12,742,1526,2708,2671,1290,2,392,954,1564,1611,1010,10,350,572,1144,1060,280,1328458
2019,1,11545700,시흥4동,974,334,640,0,81,182,269,300,142,0,26,66,82,97,63,0,55,116,187,203,79,873884
2019,1,11545710,시흥5동,1969,1030,939,5,137,266,524,674,363,3,38,115,272,380,222,2,99,151,252,294,141,1368598
2019,1,11560515,영등포본동,3228,1466,1762,16,416,551,700,878,667,8,171,264,316,333,374,8,245,287,384,545,293,843586
2019,1,11560535,영등포동,24546,14264,10282,144,4256,6277,5670,4673,3526,58,1828,3690,3551,2845,2292,86,2428,2587,2119,1828,1234,1390482
2019,1,11560540,여의동,289417,190843,98574,678,49595,105450,79873,42380,11441,172,23541,69517,58236,32411,6966,506,26054,35933,21637,9969,4475,6703511
2019,1,11560550,당산1동,18815,10258,8557,86,2855,4423,4176,4086,3189,48,1176,2406,2414,2373,1841,38,1679,2017,1762,1713,1348,746447
2019,1,11560560,당산2동,31678,17950,13728,149,5800,7257,7082,5489,5901,49,2303,4067,3835,3177,4519,100,3497,3190,3247,2312,1382,1526636
2019,1,11560585,도림동,2088,1227,861,6,187,403,543,520,429,3,72,238,347,301,266,3,115,165,196,219,163,539427
2019,1,11560605,문래동,41842,24607,17235,163,8335,11084,10183,6831,5246,61,3910,6549,5888,4214,3985,102,4425,4535,4295,2617,1261,1738475
2019,1,11560610,양평1동,19331,10609,8722,96,3956,4592,4250,3780,2657,51,1926,2821,2366,1778,1667,45,2030,1771,1884,2002,990,869573
2019,1,11560620,양평2동,34736,18830,15906,148,6297,11583,10286,4810,1612,64,2822,6496,5450,2843,1155,84,3475,5087,4836,1967,457,2573400
2019,1,11560630,신길1동,3795,1882,1913,13,521,642,769,937,913,6,152,286,401,476,561,7,369,356,368,461,352,762886
2019,1,11560650,신길3동,1461,704,757,1,147,309,367,382,255,1,43,137,169,184,170,0,104,172,198,198,85,510335
2019,1,11560660,신길4동,1140,533,607,1,160,294,297,241,147,1,49,147,149,118,69,0,111,147,148,123,78,298738
2019,1,11560670,신길5동,1325,601,724,1,149,288,297,359,231,0,73,134,129,147,118,1,76,154,168,212,113,498387
2019,1,11560680,신길6동,2967,1449,1518,8,384,610,727,677,561,3,144,295,325,317,365,5,240,315,402,360,196,676005
2019,1,11560690,신길7동,2343,1381,962,5,361,554,594,563,266,4,179,360,372,285,181,1,182,194,222,278,85,599547
2019,1,11560700,대림1동,2865,1075,1790,1,741,657,635,526,305,1,134,258,260,253,169,0,607,399,375,273,136,493503
2019,1,11560710,대림2동,2281,1015,1266,2,207,493,738,493,348,0,51,223,265,248,228,2,156,270,473,245,120,574495
2019,1,11560720,대림3동,7951,4537,3414,33,976,1743,2077,1867,1255,20,461,1099,1292,992,673,13,515,644,785,875,582,933892
2019,1,11590510,노량진1동,4357,2361,1996,21,563,1006,1032,1114,621,8,244,579,622,577,331,13,319,427,410,537,290,1876800
2019,1,11590520,노량진2동,5564,2938,2626,17,728,1410,1339,1320,750,7,370,615,689,780,477,10,358,795,650,540,273,619921
2019,1,11590530,상도1동,4961,2415,2546,19,766,1128,1279,1073,696,7,313,516,598,572,409,12,453,612,681,501,287,1492421
2019,1,11590540,상도2동,2851,1289,1562,5,321,560,755,763,447,1,107,235,356,375,215,4,214,325,399,388,232,771971
2019,1,11590550,상도3동,1460,572,888,13,191,295,352,397,212,5,68,125,133,138,103,8,123,170,219,259,109,662403
2019,1,11590560,상도4동,1900,727,1173,3,275,363,498,452,309,1,83,153,191,165,134,2,192,210,307,287,175,947172
2019,1,11590605,흑석동,6152,2744,3408,8,1229,1602,1474,1247,592,3,334,610,712,694,391,5,895,992,762,553,201,2062251
2019,1,11590620,사당1동,5258,2885,2373,9,977,1285,1349,1002,636,3,381,731,806,549,415,6,596,554,543,453,221,630335
2019,1,11590630,사당2동,3959,1535,2424,22,526,748,960,1109,594,11,176,335,376,357,280,11,350,413,584,752,314,3064442
2019,1,11590640,사당3동,2608,1342,1266,5,194,369,546,607,887,1,79,174,263,294,531,4,115,195,283,313,356,898029
2019,1,11590650,사당4동,1038,481,557,0,127,200,253,221,237,0,33,76,106,100,166,0,94,124,147,121,71,431219
2019,1,11590651,사당5동,1012,467,545,3,150,236,274,244,105,2,62,94,116,114,79,1,88,142,158,130,26,658780
2019,1,11590660,대방동,10304,5677,4627,58,1366,2709,2529,2151,1491,8,598,1620,1418,1144,889,50,768,1089,1111,1007,602,1591876
2019,1,11590670,신대방1동,3115,1979,1136,8,503,782,845,600,377,7,296,548,533,355,240,1,207,234,312,245,137,685547
2019,1,11590680,신대방2동,16509,9077,7432,63,2524,4856,4648,3253,1165,18,1048,2635,2685,1984,707,45,1476,2221,1963,1269,458,1024271
2019,1,11620525,보라매동,5519,2385,3134,15,812,1544,1810,959,379,6,294,581,724,537,243,9,518,963,1086,422,136,758003
2019,1,11620545,청림동,719,260,459,2,123,151,194,146,103,0,27,50,70,55,58,2,96,101,124,91,45,305629
2019,1,11620565,성현동,1764,816,948,6,226,365,485,395,287,2,101,185,196,172,160,4,125,180,289,223,127,695625
2019,1,11620575,행운동,3647,1802,1845,21,559,818,872,740,637,9,192,422,453,342,384,12,367,396,419,398,253,739229
2019,1,11620585,낙성대동,12640,6914,5726,35,2015,3618,2808,2476,1688,16,877,1675,1539,1488,1319,19,1138,1943,1269,988,369,2341406
2019,1,11620595,청룡동,8093,4454,3639,16,1055,1977,1953,1892,1200,5,458,1073,1031,1138,749,11,597,904,922,754,451,1186204
2019,1,11620605,은천동,3516,1561,1955,3,451,650,804,885,723,2,135,302,347,373,402,1,316,348,457,512,321,738181
2019,1,11620615,중앙동,2088,928,1160,9,337,483,501,418,340,2,93,205,256,202,170,7,244,278,245,216,170,385136
2019,1,11620625,인헌동,2433,1157,1276,6,376,622,598,464,367,2,119,319,268,205,244,4,257,303,330,259,123,709688
2019,1,11620630,남현동,4904,2921,1983,28,989,1157,1184,1043,503,20,495,708,765,586,347,8,494,449,419,457,156,4218667
2019,1,11620645,서원동,3687,1612,2075,20,838,740,666,734,689,8,279,320,323,291,391,12,559,420,343,443,298,642690
2019,1,11620655,신원동,994,362,632,0,108,189,234,246,217,0,34,65,83,81,99,0,74,124,151,165,118,549115
2019,1,11620665,서림동,1704,987,717,3,141,267,418,471,404,2,69,151,212,266,287,1,72,116,206,205,117,981577
2019,1,11620685,신사동,2145,1037,1108,1,281,447,537,546,333,0,91,227,280,255,184,1,190,220,257,291,149,609167
2019,1,11620695,신림동,2691,1275,1416,19,554,556,603,552,407,9,209,297,302,225,233,10,345,259,301,327,174,507666
2019,1,11620715,난향동,1139,474,665,0,91,172,272,286,318,0,13,48,99,96,218,0,78,124,173,190,100,786985
2019,1,11620725,조원동,3990,2413,1577,7,470,893,980,1052,588,3,242,585,590,604,389,4,228,308,390,448,199,652569
2019,1,11620735,대학동,2498,1349,1149,11,292,492,635,708,360,5,116,248,347,406,227,6,176,244,288,302,133,8107585
2019,1,11620745,삼성동,1187,506,681,4,129,216,288,297,253,2,25,78,116,122,163,2,104,138,172,175,90,2591742
2019,1,11620765,미성동,3179,1548,1631,12,311,542,766,875,673,2,111,255,356,422,402,10,200,287,410,453,271,1355300
2019,1,11620775,난곡동,1198,464,734,2,170,269,306,308,143,1,44,89,129,132,69,1,126,180,177,176,74,982294
2019,1,11650510,서초1동,39718,21220,18498,202,9422,11477,9247,6208,3162,94,3989,6751,5477,2946,1963,108,5433,4726,3770,3262,1199,1383210
2019,1,11650520,서초2동,59563,35587,23976,318,12002,19135,15875,8071,4162,63,5251,11380,10422,5603,2868,255,6751,7755,5453,2468,1294,1229759
2019,1,11650530,서초3동,79305,45152,34153,266,14827,23820,20852,12693,6847,87,5481,13292,13222,8187,4883,179,9346,10528,7630,4506,1964,3027494
2019,1,11650531,서초4동,26707,13059,13648,120,6912,8781,5690,3029,2175,34,2012,4449,3424,1783,1357,86,4900,4332,2266,1246,818,882770
2019,1,11650540,잠원동,20195,12226,7969,52,3999,6457,5162,2737,1788,16,1481,4020,3669,1810,1230,36,2518,2437,1493,927,558,1840832
2019,1,11650550,반포본동,1689,947,742,2,183,357,473,404,270,0,71,162,260,275,179,2,112,195,213,129,91,1491264
2019,1,11650560,반포1동,8562,4787,3775,37,1902,2889,1902,1129,703,10,815,1730,1176,612,444,27,1087,1159,726,517,259,1000549
2019,1,11650570,반포2동,2034,991,1043,7,358,505,574,372,218,1,101,240,291,211,147,6,257,265,283,161,71,1258050
2019,1,11650580,반포3동,8137,3492,4645,55,1477,2052,1660,1589,1304,15,619,951,796,539,572,40,858,1101,864,1050,732,1325140
2019,1,11650581,반포4동,33461,13555,19906,121,8728,9945,7412,4665,2590,44,2074,4028,3565,2403,1441,77,6654,5917,3847,2262,1149,1416005
2019,1,11650590,방배본동,8029,4999,3030,29,1293,2237,1839,1248,1383,19,610,1559,1235,755,821,10,683,678,604,493,562,660469
2019,1,11650600,방배1동,11191,5404,5787,35,2233,3063,2820,1854,1186,9,779,1552,1382,894,788,26,1454,1511,1438,960,398,691215
2019,1,11650610,방배2동,15925,8199,7726,29,2556,4014,3572,3516,2238,19,987,2311,2239,1581,1062,10,1569,1703,1333,1935,1176,1901725
2019,1,11650620,방배3동,9719,5516,4203,73,1983,2528,2051,1637,1447,16,712,1379,1334,996,1079,57,1271,1149,717,641,368,2411856
2019,1,11650621,방배4동,12411,6660,5751,44,2248,3182,3197,2288,1452,19,891,1754,1764,1208,1024,25,1357,1428,1433,1080,428,954529
2019,1,11650651,양재1동,38208,22286,15922,179,6838,9462,8419,7196,6114,78,2939,5814,5422,4273,3760,101,3899,3648,2997,2923,2354,5711370
2019,1,11650652,양재2동,122184,100163,22021,417,14473,26886,34020,40829,5559,174,9655,21481,28244,36572,4037,243,4818,5405,5776,4257,1522,7516954
2019,1,11650660,내곡동,6645,4264,2381,18,866,1769,1718,1510,764,9,383,1100,1175,1057,540,9,483,669,543,453,224,13190710
2019,1,11680510,신사동,31254,14082,17172,1293,11195,8398,5274,3100,1994,492,4148,4034,2734,1435,1239,801,7047,4364,2540,1665,755,1736994
2019,1,11680521,논현1동,43773,22633,21140,188,11803,14008,9453,5111,3210,58,3976,7598,5957,2946,2098,130,7827,6410,3496,2165,1112,1254345
2019,1,11680531,논현2동,67107,35453,31654,257,16017,20841,14905,8319,6768,84,5378,11118,9272,5113,4488,173,10639,9723,5633,3206,2280,1445565
2019,1,11680545,압구정동,35477,14954,20523,285,11573,11085,6326,3517,2691,96,3473,5090,3312,1591,1392,189,8100,5995,3014,1926,1299,2520945
2019,1,11680565,청담동,45278,21858,23420,302,13061,15152,9217,4565,2981,87,4122,7448,5590,2713,1898,215,8939,7704,3627,1852,1083,2384707
2019,1,11680580,삼성1동,95170,56571,38599,393,22596,31912,21038,11855,7376,163,9678,19363,14979,7704,4684,230,12918,12549,6059,4151,2692,1926134
2019,1,11680590,삼성2동,57050,27748,29302,240,16034,17414,11763,7754,3845,100,6003,9453,6341,3549,2302,140,10031,7961,5422,4205,1543,1247821
2019,1,11680600,대치1동,3796,1554,2242,24,644,954,945,720,509,3,157,365,396,304,329,21,487,589,549,416,180,795761
2019,1,11680610,대치2동,64296,38759,25537,299,12351,20166,15712,9764,6004,82,5182,12747,10900,6062,3786,217,7169,7419,4812,3702,2218,2043875
2019,1,11680630,대치4동,27945,15764,12181,159,5724,9571,7266,3571,1654,24,2330,5534,4511,2257,1108,135,3394,4037,2755,1314,546,717795
2019,1,11680640,역삼1동,192833,108670,84163,1001,43095,60549,45356,28167,14665,390,17124,35847,30675,16304,8330,611,25971,24702,14681,11863,6335,2360116
2019,1,11680650,역삼2동,50568,27234,23334,313,12803,14364,11219,7644,4225,127,5212,8159,6949,4323,2464,186,7591,6205,4270,3321,1761,1127531
2019,1,11680655,도곡1동,14354,7887,6467,78,3102,4460,3323,2061,1330,42,1300,2547,1932,1166,900,36,1802,1913,1391,895,430,1022697
2019,1,11680656,도곡2동,30747,12655,18092,183,5446,7598,9009,5554,2957,83,2196,3807,3072,1892,1605,100,3250,3791,5937,3662,1352,1025651
2019,1,11680660,개포1동,696,444,252,3,63,135,140,194,161,1,29,77,83,124,130,2,34,58,57,70,31,973078
2019,1,11680670,개포2동,2760,1555,1205,14,267,486,682,846,465,11,116,219,390,507,312,3,151,267,292,339,153,2371826
2019,1,11680690,개포4동,10027,5731,4296,21,1227,2152,2640,2286,1701,10,549,1313,1486,1211,1162,11,678,839,1154,1075,539,1561449
2019,1,11680700,세곡동,5358,2675,2683,8,758,1206,1357,1161,868,7,284,539,623,602,620,1,474,667,734,559,248,5894759
2019,1,11680720,일원본동,8200,2044,6156,2,2590,2860,1647,889,212,1,354,725,447,365,152,1,2236,2135,1200,524,60,2381558
2019,1,11680730,일원1동,3606,1816,1790,5,409,610,833,959,790,3,214,335,416,426,422,2,195,275,417,533,368,947888
2019,1,11680740,일원2동,13682,10639,3043,90,3966,3979,2515,2127,1005,66,3217,3449,1944,1431,532,24,749,530,571,696,473,1043911
2019,1,11680750,수서동,15014,8043,6971,26,1999,3719,3718,3539,2013,8,995,2350,2044,1393,1253,18,1004,1369,1674,2146,760,1648393
2019,1,11710510,풍납1동,1433,647,786,4,152,296,361,360,260,1,48,126,153,153,166,3,104,170,208,207,94,1057487
2019,1,11710520,풍납2동,14056,4587,9469,17,3614,4499,3422,1801,703,7,650,1310,1189,902,529,10,2964,3189,2233,899,174,1999222
2019,1,11710531,거여1동,3330,1846,1484,9,269,559,672,839,982,6,149,353,400,392,546,3,120,206,272,447,436,512307
2019,1,11710532,거여2동,2365,949,1416,5,239,414,611,702,394,2,79,199,272,228,169,3,160,215,339,474,225,510046
2019,1,11710540,마천1동,1075,499,576,0,115,204,294,284,178,0,35,93,111,137,123,0,80,111,183,147,55,504704
2019,1,11710550,마천2동,3283,1894,1389,11,365,603,802,931,571,6,172,359,426,532,399,5,193,244,376,399,172,936181
2019,1,11710561,방이1동,6492,4027,2465,32,829,1364,1371,1243,1653,10,331,769,806,760,1351,22,498,595,565,483,302,581968
2019,1,11710562,방이2동,14630,8830,5800,46,2427,3990,3456,2794,1917,23,1193,2520,2216,1580,1298,23,1234,1470,1240,1214,619,763928
2019,1,11710566,오륜동,4582,2664,1918,12,562,977,952,1176,903,9,321,543,560,698,533,3,241,434,392,478,370,3150411
2019,1,11710570,오금동,15194,9059,6135,22,1337,2342,2585,2830,6078,7,578,1432,1518,1478,4046,15,759,910,1067,1352,2032,1691111
2019,1,11710580,송파1동,6904,3934,2970,29,1123,1597,1552,1413,1190,16,559,975,922,717,745,13,564,622,630,696,445,683881
2019,1,11710590,송파2동,5678,2479,3199,16,1362,1482,1286,1095,437,7,398,707,697,407,263,9,964,775,589,688,174,636016
2019,1,11710600,석촌동,9162,4747,4415,38,1578,1983,2051,1859,1653,12,547,1113,1166,899,1010,26,1031,870,885,960,643,943819
2019,1,11710610,삼전동,8000,4843,3157,20,967,1545,1622,1759,2087,9,442,931,955,884,1622,11,525,614,667,875,465,992437
2019,1,11710620,가락본동,24896,14462,10434,62,3810,6208,6060,5420,3336,28,1653,3674,3833,3164,2110,34,2157,2534,2227,2256,1226,1024764
2019,1,11710631,가락1동,11023,7712,3311,12,685,1954,2959,3328,2085,6,467,1550,2157,2092,1440,6,218,404,802,1236,645,1357317
2019,1,11710632,가락2동,7212,3734,3478,26,1108,1552,1843,1592,1091,13,467,828,915,763,748,13,641,724,928,829,343,934057
2019,1,11710641,문정1동,4727,2672,2055,12,597,1048,1271,1031,768,10,274,627,740,547,474,2,323,421,531,484,294,604321
2019,1,11710642,문정2동,50601,32977,17624,242,9762,15216,12715,7886,4780,102,4895,10295,8810,5173,3702,140,4867,4921,3905,2713,1078,2387651
2019,1,11710646,장지동,8384,5435,2949,14,652,1288,1943,2389,2098,4,318,777,1178,1625,1533,10,334,511,765,764,565,1295680
2019,1,11710647,위례동,2312,1331,981,23,237,445,644,754,209,3,66,199,355,549,159,20,171,246,289,205,50,2626871
2019,1,11710650,잠실본동,13831,7832,5999,108,2372,3187,3199,2704,2261,67,925,1743,1955,1646,1496,41,1447,1444,1244,1058,765,1136161
2019,1,11710670,잠실2동,3487,1919,1568,5,716,932,873,680,281,3,389,490,473,355,209,2,327,442,400,325,72,2886358
2019,1,11710680,잠실3동,5284,2377,2907,113,1745,1019,1069,953,385,43,716,472,450,518,178,70,1029,547,619,435,207,1506573
2019,1,11710690,잠실4동,1075,421,654,1,124,216,294,243,197,0,31,61,84,95,150,1,93,155,210,148,47,838370
2019,1,11710710,잠실6동,88340,48160,40180,416,17553,27323,24041,16357,2650,215,8992,18093,13605,5620,1635,201,8561,9230,10436,10737,1015,1403041
2019,1,11710720,잠실7동,684,329,355,2,50,154,164,185,129,0,15,65,70,89,90,2,35,89,94,96,39,675008
2019,1,11740515,강일동,21228,17048,4180,12,2314,8474,5804,3634,990,8,1375,6738,4915,3170,842,4,939,1736,889,464,148,3722759
2019,1,11740520,상일동,3954,1538,2416,7,656,989,791,840,671,5,133,354,354,428,264,2,523,635,437,412,407,1801282
2019,1,11740530,명일1동,3436,1391,2045,6,383,513,740,877,917,4,124,241,307,300,415,2,259,272,433,577,502,630284
2019,1,11740540,명일2동,2710,1379,1331,14,306,511,635,773,471,5,112,274,298,409,281,9,194,237,337,364,190,920946
2019,1,11740550,고덕1동,1656,695,961,0,200,351,418,415,272,0,72,161,169,160,133,0,128,190,249,255,139,1906565
2019,1,11740560,고덕2동,1643,855,788,1,135,267,395,542,303,0,64,146,189,292,164,1,71,121,206,250,139,2408099
2019,1,11740570,암사1동,2587,1219,1368,12,278,497,623,695,482,7,117,254,268,310,263,5,161,243,355,385,219,738366
2019,1,11740580,암사2동,2588,1040,1548,5,239,410,614,795,525,2,83,181,229,221,324,3,156,229,385,574,201,2337773
2019,1,11740590,암사3동,1221,532,689,4,148,299,338,303,129,2,40,121,144,140,85,2,108,178,194,163,44,1843902
2019,1,11740600,천호1동,2592,1223,1369,15,306,596,669,601,405,11,120,282,293,266,251,4,186,314,376,335,154,669571
2019,1,11740610,천호2동,7720,3667,4053,28,1482,1832,1802,1509,1067,9,500,913,896,687,662,19,982,919,906,822,405,1828343
2019,1,11740620,천호3동,4086,2247,1839,18,487,997,1077,844,663,7,182,577,650,416,415,11,305,420,427,428,248,569450
2019,1,11740640,성내1동,19235,10480,8755,54,2246,4302,4709,4700,3224,36,1062,2390,2457,2438,2097,18,1184,1912,2252,2262,1127,658437
2019,1,11740650,성내2동,3702,1934,1768,17,611,835,814,788,637,8,239,446,418,407,416,9,372,389,396,381,221,624632
2019,1,11740660,성내3동,6790,3892,2898,10,898,1530,1476,1263,1613,5,411,885,860,645,1086,5,487,645,616,618,527,641973
2019,1,11740685,길동,10963,5081,5882,26,1675,2361,2440,2455,2006,12,583,1137,1193,996,1160,14,1092,1224,1247,1459,846,1590598
2019,1,11740690,둔촌1동,297,168,129,1,28,61,88,79,40,1,16,25,48,50,28,0,12,36,40,29,12,897261
2019,1,11740700,둔촌2동,7335,3495,3840,9,1381,1991,1593,1536,825,5,448,947,793,786,516,4,933,1044,800,750,309,1592001
2019,2,11110515,청운효자동,10997,7490,3507,34,1815,3249,3166,1926,807,3,905,2295,2393,1371,523,31,910,954,773,555,284,2429899
2019,2,11110530,사직동,47397,29381,18016,54,6512,14928,13541,8448,3914,22,2435,8279,9491,6424,2730,32,4077,6649,4050,2024,1184,1161995
2019,2,11110540,삼청동,6612,5018,1594,5,662,1532,1889,1651,873,2,388,1151,1576,1313,588,3,274,381,313,338,285,1391632
2019,2,11110550,부암동,4087,2302,1785,2,608,1162,1116,804,395,0,242,644,660,486,270,2,366,518,456,318,125,2221363
2019,2,11110560,평창동,19203,12058,7145,31,2560,5160,5869,4057,1526,14,1248,2849,3829,3038,1080,17,1312,2311,2040,1019,446,8346900
2019,2,11110570,무악동,759,308,451,6,156,208,216,126,47,5,38,61,112,65,27,1,118,147,104,61,20,453220
2019,2,11110580,교남동,1395,847,548,5,158,488,353,242,149,2,58,276,226,166,119,3,100,212,127,76,30,355267
2019,2,11110600,가회동,5824,3433,2391,1,904,1937,1792,916,274,1,374,1091,1166,610,191,0,530,846,626,306,83,565302
2019,2,11110615,종로1.2.3.4가동,90289,54177,36112,720,17140,27459,24498,15015,5457,328,7647,14737,16221,11476,3768,392,9493,12722,8277,3539,1689,2430999
2019,2,11110630,종로5.6가동,11334,7566,3768,16,1485,3298,3207,2367,961,4,636,2042,2333,1868,683,12,849,1256,874,499,278,599631
2019,2,11110640,이화동,4441,2449,1992,6,748,1307,1054,749,577,3,247,636,626,511,426,3,501,671,428,238,151,747067
2019,2,11110650,혜화동,5900,3163,2737,27,915,1569,1358,1175,856,19,342,820,802,682,498,8,573,749,556,493,358,1161303
2019,2,11110670,창신1동,1968,1190,778,4,234,537,582,375,236,3,163,375,293,199,157,1,71,162,289,176,79,297271
2019,2,11110680,창신2동,386,129,257,0,25,47,86,129,99,0,5,15,36,43,30,0,20,32,50,86,69,257188
2019,2,11110690,창신3동,223,103,120,1,33,54,51,60,24,1,14,21,22,28,17,0,19,33,29,32,7,216230
2019,2,11110700,숭인1동,485,227,258,0,72,89,124,118,82,0,12,36,59,66,54,0,60,53,65,52,28,236777
2019,2,11110710,숭인2동,2261,1189,1072,5,362,485,520,515,374,3,103,232,300,312,239,2,259,253,220,203,135,359384
2019,2,11140520,소공동,89990,48341,41649,264,22476,29604,22309,12360,2977,75,7158,14298,15046,9703,2061,189,15318,15306,7263,2657,916,918284
2019,2,11140540,회현동,31604,19883,11721,52,5258,10831,8436,5262,1765,12,2364,6458,5999,3807,1243,40,2894,4373,2437,1455,522,909465
2019,2,11140550,명동,111467,60604,50863,214,15432,36770,34204,20768,4079,76,6061,17470,19284,14986,2727,138,9371,19300,14920,5782,1352,993909
2019,2,11140570,필동,21006,9883,11123,44,2605,5604,6586,4587,1580,13,921,2776,3287,1882,1004,31,1684,2828,3299,2705,576,1458582
2019,2,11140580,장충동,11133,5909,5224,27,2484,3058,2871,2121,572,11,871,1743,1722,1202,360,16,1613,1315,1149,919,212,1013897
2019,2,11140590,광희동,43127,21471,21656,301,12449,11302,8820,6967,3288,116,6024,6564,5125,2443,1199,185,6425,4738,3695,4524,2089,745387
2019,2,11140605,을지로동,14731,7619,7112,40,3615,3501,3159,2459,1957,14,945,1809,1916,1570,1365,26,2670,1692,1243,889,592,612013
2019,2,11140615,신당동,3374,1801,1573,14,847,800,685,639,389,4,375,393,359,411,259,10,472,407,326,228,130,536647
2019,2,11140625,다산동,6731,3742,2989,11,1361,2210,1514,1078,557,2,445,1351,961,602,381,9,916,859,553,476,176,532721
2019,2,11140635,약수동,31382,12831,18551,112,4860,11179,9814,4560,857,15,1379,4080,3472,3225,660,97,3481,7099,6342,1335,197,509395
2019,2,11140645,청구동,3045,1589,1456,2,478,808,739,644,374,0,148,396,445,385,215,2,330,412,294,259,159,345114
2019,2,11140650,신당5동,1074,510,564,4,128,225,233,262,222,3,43,104,116,120,124,1,85,121,117,142,98,310367
2019,2,11140665,동화동,1518,673,845,0,246,391,387,305,189,0,63,147,171,163,129,0,183,244,216,142,60,330049
2019,2,11140670,황학동,1908,1206,702,1,295,491,483,380,258,1,182,312,298,238,175,0,113,179,185,142,83,327694
2019,2,11140680,중림동,5275,3150,2125,7,1023,1649,1360,774,462,1,486,949,838,545,331,6,537,700,522,229,131,487576
2019,2,11170510,후암동,2254,1208,1046,8,341,477,541,503,384,6,113,253,310,267,259,2,228,224,231,236,125,868399
2019,2,11170520,용산2가동,1898,1354,544,1,148,308,680,623,138,1,72,162,528,495,96,0,76,146,152,128,42,2047347
2019,2,11170530,남영동,21846,8918,12928,334,9538,5465,3562,2267,680,120,2177,3044,2031,1041,505,214,7361,2421,1531,1226,175,735947
2019,2,11170555,청파동,6033,3492,2541,14,883,1560,1184,1071,1321,9,306,687,729,678,1083,5,577,873,455,393,238,867676
2019,2,11170560,원효로1동,5052,3464,1588,28,786,1436,1360,887,555,15,471,1045,943,613,377,13,315,391,417,274,178,589294
2019,2,11170570,원효로2동,5572,3787,1785,11,666,1471,1441,969,1014,9,359,993,1053,674,699,2,307,478,388,295,315,915567
2019,2,11170580,효창동,1750,991,759,4,211,426,479,399,231,3,95,262,295,197,139,1,116,164,184,202,92,470670
2019,2,11170590,용문동,2815,1646,1169,8,443,760,805,579,220,7,192,447,477,372,151,1,251,313,328,207,69,289284
2019,2,11170625,한강로동,50226,26091,24135,116,10254,16662,14195,6821,2178,54,4361,8389,7463,4301,1523,62,5893,8273,6732,2520,655,3358956
2019,2,11170630,이촌1동,12132,7779,4353,45,2065,3429,3241,2381,971,29,1042,2116,2280,1632,680,16,1023,1313,961,749,291,2143668
2019,2,11170640,이촌2동,2199,1322,877,2,350,603,541,466,237,2,172,358,345,303,142,0,178,245,196,163,95,1191110
2019,2,11170650,이태원1동,12900,5799,7101,19,3632,4818,2495,1156,780,11,983,2119,1437,775,474,8,2649,2699,1058,381,306,579369
2019,2,11170660,이태원2동,3063,1434,1629,5,557,1214,801,337,149,0,251,620,333,128,102,5,306,594,468,209,47,879018
2019,2,11170685,한남동,44552,32189,12363,153,7022,13574,11833,9899,2071,84,3340,8833,9457,8841,1634,69,3682,4741,2376,1058,437,3198883
2019,2,11170690,서빙고동,13889,8964,4925,32,2407,4081,4191,2206,972,13,1165,2328,3008,1717,733,19,1242,1753,1183,489,239,2198117
2019,2,11170700,보광동,2501,1321,1180,3,259,607,660,721,251,2,62,225,352,500,180,1,197,382,308,221,71,890496
2019,2,11200520,왕십리2동,1256,686,570,1,177,327,337,277,137,0,76,155,189,164,102,1,101,172,148,113,35,385254
2019,2,11200535,왕십리도선동,4871,2459,2412,13,881,986,1020,1086,885,4,300,523,562,537,533,9,581,463,458,549,352,718816
2019,2,11200540,마장동,4105,2590,1515,3,465,862,1011,985,779,1,251,511,629,646,552,2,214,351,382,339,227,1082999
2019,2,11200550,사근동,2894,1952,942,1,214,580,891,798,410,1,78,339,601,600,333,0,136,241,290,198,77,1182945
2019,2,11200560,행당1동,9297,3464,5833,11,785,1510,2683,3726,582,9,484,1065,1002,623,281,2,301,445,1681,3103,301,552563
2019,2,11200570,행당2동,316,139,177,0,39,68,103,68,38,0,18,34,42,22,23,0,21,34,61,46,15,457197
2019,2,11200580,응봉동,1279,721,558,4,208,297,308,292,170,3,79,167,179,162,131,1,129,130,129,130,39,547736
2019,2,11200590,금호1가동,2454,926,1528,20,288,786,973,295,92,0,105,249,383,123,66,20,183,537,590,172,26,441318
2019,2,11200615,금호2.3가동,1099,576,523,0,149,214,255,245,236,0,43,88,141,130,174,0,106,126,114,115,62,638261
2019,2,11200620,금호4가동,1161,683,478,1,104,253,309,314,180,1,46,121,186,189,140,0,58,132,123,125,40,935263
2019,2,11200645,옥수동,5460,2307,3153,5,1206,1700,1245,781,523,1,308,666,599,402,331,4,898,1034,646,379,192,1239152
2019,2,11200650,성수1가1동,4368,2935,1433,4,515,1043,1058,1180,568,2,302,668,699,819,445,2,213,375,359,361,123,2248463
2019,2,11200660,성수1가2동,6741,4438,2303,15,1039,1515,1554,1390,1228,8,588,1010,969,925,938,7,451,505,585,465,290,984783
2019,2,11200670,성수2가1동,9090,6247,2843,80,1535,2604,2321,1688,862,49,869,1778,1636,1231,684,31,666,826,685,457,178,1126355
2019,2,11200690,성수2가3동,23728,14894,8834,87,3585,5999,5884,4779,3394,57,1829,3801,3905,2945,2357,30,1756,2198,1979,1834,1037,1050781
2019,2,11200720,송정동,1500,966,534,4,214,394,400,292,196,1,117,269,245,171,163,3,97,125,155,121,33,584812
2019,2,11200790,용답동,5295,3042,2253,54,1344,1422,1069,879,527,3,531,893,678,526,411,51,813,529,391,353,116,2379362
2019,2,11215710,화양동,2949,1881,1068,7,393,503,709,811,526,3,163,286,465,558,406,4,230,217,244,253,120,1124376
2019,2,11215730,군자동,2752,1434,1318,4,339,648,647,600,514,3,113,333,360,303,322,1,226,315,287,297,192,733236
2019,2,11215740,중곡1동,3599,2289,1310,17,525,857,850,789,561,15,250,507,543,526,448,2,275,350,307,263,113,602769
2019,2,11215750,중곡2동,2890,1619,1271,0,362,549,745,704,530,0,216,326,387,363,327,0,146,223,358,341,203,544807
2019,2,11215760,중곡3동,1634,1013,621,4,182,398,431,375,244,0,81,263,253,246,170,4,101,135,178,129,74,600824
2019,2,11215770,중곡4동,4845,2374,2471,5,837,1107,1256,1145,495,3,242,517,615,612,385,2,595,590,641,533,110,2295463
2019,2,11215780,능동,2697,1721,976,7,320,561,683,541,585,2,153,342,448,341,435,5,167,219,235,200,150,1094134
2019,2,11215810,광장동,12642,7298,5344,78,3156,2963,2563,2555,1327,28,1407,1669,1637,1619,938,50,1749,1294,926,936,389,2889609
2019,2,11215820,자양1동,12437,9504,2933,10,885,1793,3274,4911,1564,4,387,1124,2577,4161,1251,6,498,669,697,750,313,621606
2019,2,11215830,자양2동,5205,3180,2025,17,769,1227,1339,1252,601,11,487,766,787,695,434,6,282,461,552,557,167,1630926
2019,2,11215840,자양3동,3676,2417,1259,35,525,911,936,854,415,25,290,590,651,559,302,10,235,321,285,295,113,1145609
2019,2,11215847,자양4동,1406,910,496,3,196,347,359,268,233,2,90,244,228,161,185,1,106,103,131,107,48,1148618
2019,2,11215850,구의1동,3744,2247,1497,13,498,1003,984,825,421,12,248,613,564,512,298,1,250,390,420,313,123,553095
2019,2,11215860,구의2동,3943,2390,1553,6,396,672,1020,1158,691,3,174,357,637,745,474,3,222,315,383,413,217,1363952
2019,2,11215870,구의3동,14433,9238,5195,18,1560,3060,3670,3590,2535,8,905,2160,2593,2041,1531,10,655,900,1077,1549,1004,1453971
2019,2,11230536,용신동,23992,11479,12513,35,3521,5921,6052,5595,2868,15,1268,3193,2995,2475,1533,20,2253,2728,3057,3120,1335,1590771
2019,2,11230545,제기동,5280,2973,2307,8,730,1315,1324,1149,754,1,303,749,801,636,483,7,427,566,523,513,271,1184853
2019,2,11230560,전농1동,1796,1105,691,2,228,313,477,475,301,1,137,199,312,289,167,1,91,114,165,186,134,1140490
2019,2,11230570,전농2동,4726,2272,2454,5,523,1042,1202,1258,696,2,200,459,608,594,409,3,323,583,594,664,287,983768
2019,2,11230600,답십리1동,7588,3893,3695,17,1035,1548,2108,1983,897,6,663,1028,924,674,598,11,372,520,1184,1309,299,838156
2019,2,11230610,답십리2동,2613,1652,961,15,275,455,630,632,606,7,139,266,408,400,432,8,136,189,222,232,174,814945
2019,2,11230650,장안1동,11042,6852,4190,30,1530,2325,2423,2439,2295,23,856,1412,1511,1474,1576,7,674,913,912,965,719,1360347
2019,2,11230660,장안2동,6869,3635,3234,10,1976,1388,1348,1334,813,5,985,808,633,644,560,5,991,580,715,690,253,1119438
2019,2,11230705,청량리동,5452,3054,2398,4,812,1431,1199,1154,852,3,313,812,744,706,476,1,499,619,455,448,376,1197287
2019,2,11230710,회기동,849,396,453,2,112,215,203,187,130,1,34,92,92,90,87,1,78,123,111,97,43,829432
2019,2,11230720,휘경1동,1570,941,629,4,151,290,408,405,312,1,71,182,258,263,166,3,80,108,150,142,146,519932
2019,2,11230730,휘경2동,4680,2505,2175,8,574,992,1193,1171,742,3,167,471,652,648,564,5,407,521,541,523,178,1207585
2019,2,11230740,이문1동,3991,1804,2187,3,726,1056,1055,731,420,3,155,429,526,418,273,0,571,627,529,313,147,986690
2019,2,11230750,이문2동,1685,1076,609,2,159,351,382,447,344,2,69,200,209,305,291,0,90,151,173,142,53,698476
2019,2,11260520,면목2동,1721,1010,711,3,164,279,391,511,373,3,63,128,210,328,278,0,101,151,181,183,95,743106
2019,2,11260540,면목4동,1514,1055,459,1,112,254,411,524,212,0,47,149,278,411,170,1,65,105,133,113,42,821882
2019,2,11260550,면목5동,1277,917,360,1,154,233,314,305,270,1,104,182,176,216,238,0,50,51,138,89,32,591696
2019,2,11260565,면목본동,1945,1026,919,1,213,408,498,478,347,0,76,206,266,254,224,1,137,202,232,224,123,840931
2019,2,11260570,면목7동,1375,775,600,0,150,240,352,347,286,0,65,118,204,200,188,0,85,122,148,147,98,1202721
2019,2,11260575,면목3.8동,3848,2281,1567,0,293,516,727,942,1370,0,100,253,393,620,915,0,193,263,334,322,455,1591050
2019,2,11260580,상봉1동,2436,1671,765,7,313,403,489,633,591,7,197,263,281,421,502,0,116,140,208,212,89,917193
2019,2,11260590,상봉2동,5558,3726,1832,2,617,1367,1739,1310,523,1,326,920,1169,913,397,1,291,447,570,397,126,658991
2019,2,11260600,중화1동,1565,770,795,1,179,331,442,395,217,0,67,145,207,190,161,1,112,186,235,205,56,637209
2019,2,11260610,중화2동,1575,835,740,5,197,274,371,347,381,3,94,124,179,186,249,2,103,150,192,161,132,960402
2019,2,11260620,묵1동,3004,1494,1510,6,369,664,791,731,443,2,146,347,378,321,300,4,223,317,413,410,143,1184393
2019,2,11260630,묵2동,2225,1489,736,0,286,530,527,621,261,0,154,367,356,440,172,0,132,163,171,181,89,682005
2019,2,11260655,망우본동,3779,1991,1788,11,430,682,879,1096,681,2,155,282,416,617,519,9,275,400,463,479,162,3074745
2019,2,11260660,망우3동,1265,678,587,0,112,205,336,341,271,0,38,92,164,192,192,0,74,113,172,149,79,967313
2019,2,11260680,신내1동,4269,2061,2208,2,696,932,796,1120,723,0,173,397,374,557,560,2,523,535,422,563,163,2361684
2019,2,11260690,신내2동,3762,2127,1635,5,444,919,928,954,512,2,188,445,475,631,386,3,256,474,453,323,126,939758
2019,2,11290525,성북동,22885,17261,5624,38,2577,5118,6370,7341,1441,11,1463,3707,5141,6159,780,27,1114,1411,1229,1182,661,3067396
2019,2,11290555,삼선동,7165,3729,3436,13,841,1660,2187,1610,854,5,342,909,1098,906,469,8,499,751,1089,704,385,1177823
2019,2,11290575,동선동,12522,6019,6503,311,2160,2671,3307,2354,1719,113,706,1246,1680,1449,825,198,1454,1425,1627,905,894,729672
2019,2,11290580,돈암1동,2542,1100,1442,11,733,753,504,369,172,2,153,347,265,207,126,9,580,406,239,162,46,461503
2019,2,11290590,돈암2동,2734,1550,1184,0,198,274,291,400,1571,0,84,155,153,196,962,0,114,119,138,204,609,414465
2019,2,11290600,안암동,5438,3347,2091,9,685,1268,1543,1296,637,3,293,717,969,878,487,6,392,551,574,418,150,1295307
2019,2,11290610,보문동,7119,5286,1833,4,666,2007,1465,1526,1451,3,338,1628,1163,1179,975,1,328,379,302,347,476,551172
2019,2,11290620,정릉1동,1938,887,1051,3,286,344,435,448,422,1,79,142,193,204,268,2,207,202,242,244,154,475568
2019,2,11290630,정릉2동,2019,965,1054,2,332,479,522,439,245,1,103,234,224,224,179,1,229,245,298,215,66,1165255
2019,2,11290640,정릉3동,2484,1761,723,5,378,665,608,508,320,4,209,477,449,401,221,1,169,188,159,107,99,3182234
2019,2,11290650,정릉4동,2130,1320,810,1,186,324,527,629,463,0,61,161,319,429,350,1,125,163,208,200,113,3714207
2019,2,11290660,길음1동,2105,993,1112,4,289,422,579,424,387,2,59,161,250,219,302,2,230,261,329,205,85,753885
2019,2,11290685,길음2동,434,216,218,1,56,94,134,93,56,1,17,49,76,45,28,0,39,45,58,48,28,423663
2019,2,11290705,종암동,6523,3809,2714,12,736,1620,1746,1790,619,4,317,835,1009,1263,381,8,419,785,737,527,238,1494677
2019,2,11290715,월곡1동,3023,1705,1318,12,380,513,653,628,837,9,168,267,329,342,590,3,212,246,324,286,247,974658
2019,2,11290725,월곡2동,4859,3063,1796,6,709,1302,1181,910,751,4,355,850,705,528,621,2,354,452,476,382,130,1330228
2019,2,11290760,장위1동,1301,699,602,5,192,292,295,293,224,4,88,165,142,153,147,1,104,127,153,140,77,714821
2019,2,11290770,장위2동,2269,1480,789,2,219,388,504,554,602,2,82,204,298,395,499,0,137,184,206,159,103,682224
2019,2,11290780,장위3동,1347,836,511,10,167,210,307,366,287,6,72,114,173,225,246,4,95,96,134,141,41,663549
2019,2,11290810,석관동,3947,2563,1384,10,343,664,806,789,1335,5,156,398,476,505,1023,5,187,266,330,284,312,1773773
2019,2,11305534,삼양동,1250,677,573,1,155,238,288,290,278,1,63,103,150,161,199,0,92,135,138,129,79,959451
2019,2,11305535,미아동,1916,1090,826,4,189,358,519,496,350,3,74,192,296,302,223,1,115,166,223,194,127,835492
2019,2,11305545,송중동,2430,1237,1193,5,283,450,643,599,450,5,119,238,307,263,305,0,164,212,336,336,145,1085065
2019,2,11305555,송천동,2164,1101,1063,3,162,370,451,545,633,3,51,175,217,309,346,0,111,195,234,236,287,928301
2019,2,11305575,삼각산동,1194,695,499,1,154,313,387,233,106,0,81,185,221,121,87,1,73,128,166,112,19,603256
2019,2,11305590,번1동,2854,1540,1314,2,278,588,628,784,574,1,105,352,327,444,311,1,173,236,301,340,263,619363
2019,2,11305600,번2동,1214,579,635,0,144,157,341,384,188,0,55,90,150,189,95,0,89,67,191,195,93,992960
2019,2,11305606,번3동,1266,644,622,14,158,235,324,313,222,10,54,114,172,161,133,4,104,121,152,152,89,1075371
2019,2,11305610,수유1동,2274,1338,936,2,186,393,655,700,338,1,59,193,397,439,249,1,127,200,258,261,89,1748455
2019,2,11305620,수유2동,2133,1243,890,1,118,188,452,681,693,0,40,90,266,481,366,1,78,98,186,200,327,593685
2019,2,11305630,수유3동,3435,1743,1692,3,383,819,858,889,483,1,146,343,400,554,299,2,237,476,458,335,184,725084
2019,2,11305645,우이동,3116,1860,1256,4,164,289,419,708,1532,2,56,141,224,474,963,2,108,148,195,234,569,10680138
2019,2,11305660,인수동,3921,2076,1845,3,436,828,880,1012,762,2,164,416,459,511,524,1,272,412,421,501,238,2869695
2019,2,11320511,창1동,2056,1024,1032,5,263,419,575,560,234,5,100,198,301,273,147,0,163,221,274,287,87,1104916
2019,2,11320512,창2동,2382,1516,866,10,252,531,650,588,351,10,147,344,390,345,280,0,105,187,260,243,71,654615
2019,2,11320513,창3동,816,411,405,2,92,177,230,207,108,0,28,93,130,92,68,2,64,84,100,115,40,635079
2019,2,11320514,창4동,3166,2032,1134,3,279,578,712,915,679,1,94,299,413,655,570,2,185,279,299,260,109,1155759
2019,2,11320515,창5동,6198,3633,2565,8,638,1239,1528,1426,1359,4,269,758,964,747,891,4,369,481,564,679,468,676820
2019,2,11320521,도봉1동,2995,1487,1508,2,149,292,453,682,1417,2,55,162,217,340,711,0,94,130,236,342,706,8547209
2019,2,11320522,도봉2동,2049,1243,806,0,116,256,390,565,722,0,40,109,198,347,549,0,76,147,192,218,173,1204332
2019,2,11320660,쌍문1동,2108,1027,1081,3,282,333,516,564,410,3,55,116,219,299,335,0,227,217,297,265,75,1177010
2019,2,11320670,쌍문2동,1763,995,768,1,182,278,394,483,425,0,51,121,200,293,330,1,131,157,194,190,95,539384
2019,2,11320680,쌍문3동,1982,941,1041,6,403,440,446,476,211,5,92,200,225,274,145,1,311,240,221,202,66,504867
2019,2,11320681,쌍문4동,1380,736,644,0,150,332,376,355,167,0,41,172,204,193,126,0,109,160,172,162,41,543784
2019,2,11320690,방학1동,6413,4053,2360,10,585,1403,1497,1819,1099,8,299,791,858,1233,864,2,286,612,639,586,235,1041785
2019,2,11320700,방학2동,1017,513,504,0,85,219,264,217,232,0,37,116,134,108,118,0,48,103,130,109,114,1102018
2019,2,11320710,방학3동,3168,1931,1237,11,660,707,740,661,389,9,332,437,498,349,306,2,328,270,242,312,83,1856777
2019,2,11350560,월계1동,3066,1710,1356,15,451,731,822,599,448,6,206,435,432,333,298,9,245,296,390,266,150,1218934
2019,2,11350570,월계2동,1506,771,735,3,157,296,385,427,238,1,64,121,173,235,177,2,93,175,212,192,61,1991095
2019,2,11350580,월계3동,1425,743,682,1,174,263,361,416,210,1,69,143,173,221,136,0,105,120,188,195,74,1133881
2019,2,11350595,공릉1동,7010,3942,3068,12,698,1071,1430,1839,1960,8,307,606,740,1023,1258,4,391,465,690,816,702,1217193
2019,2,11350600,공릉2동,7479,3637,3842,10,953,1533,1716,1910,1357,8,331,679,804,982,833,2,622,854,912,928,524,7207339
2019,2,11350611,하계1동,4953,3032,1921,10,684,1024,1144,1361,730,8,291,566,690,958,519,2,393,458,454,403,211,1467562
2019,2,11350612,하계2동,1936,1338,598,2,153,323,529,686,243,1,89,203,353,471,221,1,64,120,176,215,22,513857
2019,2,11350619,중계본동,2042,978,1064,1,225,398,504,582,332,1,108,198,223,247,201,0,117,200,281,335,131,2094464
2019,2,11350621,중계1동,2771,1430,1341,4,292,707,899,642,227,2,113,358,438,343,176,2,179,349,461,299,51,624508
2019,2,11350624,중계4동,1920,1095,825,6,205,388,467,499,355,4,78,184,259,300,270,2,127,204,208,199,85,1540528
2019,2,11350625,중계2.3동,2284,1287,997,4,256,589,593,587,255,3,138,350,327,309,160,1,118,239,266,278,95,912217
2019,2,11350630,상계1동,6705,4098,2607,15,634,1247,1534,1656,1619,13,334,819,998,1009,925,2,300,428,536,647,694,4997346
2019,2,11350640,상계2동,2432,1114,1318,5,347,447,617,620,396,2,131,248,284,263,186,3,216,199,333,357,210,629194
2019,2,11350665,상계3.4동,2834,1917,917,6,190,286,615,1016,721,3,60,125,371,758,600,3,130,161,244,258,121,5751720
2019,2,11350670,상계5동,1672,907,765,4,130,210,317,386,625,1,54,126,157,178,391,3,76,84,160,208,234,473604
2019,2,11350695,상계6.7동,6455,2838,3617,8,832,1559,1675,1634,747,3,193,579,722,892,449,5,639,980,953,742,298,1434043
2019,2,11350700,상계8동,883,407,476,1,84,186,247,247,118,1,31,90,88,125,72,0,53,96,159,122,46,668937
2019,2,11350710,상계9동,2489,1553,936,3,270,592,657,714,253,3,148,379,370,461,192,0,122,213,287,253,61,833448
2019,2,11350720,상계10동,1200,518,682,0,180,229,314,309,168,0,62,94,123,137,102,0,118,135,191,172,66,802642
2019,2,11380510,녹번동,5323,2927,2396,14,567,1233,1398,1403,708,7,259,643,710,839,469,7,308,590,688,564,239,1923020
2019,2,11380520,불광1동,3314,1544,1770,4,359,891,909,727,424,2,131,389,454,348,220,2,228,502,455,379,204,2948578
2019,2,11380530,불광2동,3729,1700,2029,2,331,556,664,788,1388,2,116,268,263,308,743,0,215,288,401,480,645,1756596
2019,2,11380551,갈현1동,2360,1159,1201,12,365,486,571,560,366,5,131,229,261,292,241,7,234,257,310,268,125,909869
2019,2,11380552,갈현2동,3350,1508,1842,13,322,589,908,962,556,11,143,275,365,390,324,2,179,314,543,572,232,1018512
2019,2,11380560,구산동,4973,2614,2359,11,604,960,1052,1473,873,1,243,444,525,901,500,10,361,516,527,572,373,1316383
2019,2,11380570,대조동,2982,1373,1609,3,362,654,873,683,407,2,132,296,384,294,265,1,230,358,489,389,142,867572
2019,2,11380580,응암1동,2802,1628,1174,8,271,438,670,668,747,5,122,222,376,355,548,3,149,216,294,313,199,1126418
2019,2,11380590,응암2동,1095,633,462,1,126,153,248,326,241,1,57,74,131,174,196,0,69,79,117,152,45,554079
2019,2,11380600,응암3동,2575,1147,1428,2,294,483,633,657,506,1,141,219,236,269,281,1,153,264,397,388,225,933101
2019,2,11380625,역촌동,4620,2328,2292,10,733,919,1122,1060,776,4,279,434,573,523,515,6,454,485,549,537,261,1138805
2019,2,11380631,신사1동,2607,1446,1161,3,265,581,653,613,492,3,109,316,365,309,344,0,156,265,288,304,148,823498
2019,2,11380632,신사2동,2275,1455,820,6,309,497,549,513,401,4,165,315,316,320,335,2,144,182,233,193,66,1050676
2019,2,11380640,증산동,3324,2055,1269,3,510,802,816,772,421,2,267,522,538,445,281,1,243,280,278,327,140,929526
2019,2,11380650,수색동,2055,1212,843,12,229,499,518,500,297,12,128,305,282,270,215,0,101,194,236,230,82,1169504
2019,2,11380690,진관동,3410,1625,1785,4,373,775,972,869,417,2,160,439,442,353,229,2,213,336,530,516,188,12836383
2019,2,11410520,천연동,1853,1001,852,2,150,310,496,634,261,2,47,141,274,369,168,0,103,169,222,265,93,866603
2019,2,11410555,북아현동,1720,1236,484,0,177,405,501,494,143,0,84,305,385,375,87,0,93,100,116,119,56,461555
2019,2,11410565,충현동,13824,8649,5175,21,1758,3738,3635,3155,1517,13,844,2223,2347,2116,1106,8,914,1515,1288,1039,411,1139343
2019,2,11410585,신촌동,5059,2610,2449,15,727,1292,1256,1148,621,4,256,553,656,720,421,11,471,739,600,428,200,2504686
2019,2,11410615,연희동,14742,9698,5044,38,1760,3539,3344,4214,1847,30,950,2215,2103,3072,1328,8,810,1324,1241,1142,519,2965760
2019,2,11410620,홍제1동,2122,1129,993,5,258,396,524,651,288,2,80,192,290,368,197,3,178,204,234,283,91,1492096
2019,2,11410640,홍제3동,1369,604,765,1,159,221,339,428,221,1,54,93,146,181,129,0,105,128,193,247,92,1093373
2019,2,11410655,홍제2동,910,423,487,1,128,171,233,222,155,1,50,99,104,91,78,0,78,72,129,131,77,705399
2019,2,11410660,홍은1동,2234,974,1260,0,152,227,346,402,1107,0,60,123,170,160,461,0,92,104,176,242,646,1538023
2019,2,11410685,홍은2동,5179,3148,2031,8,653,1216,1272,1268,762,6,286,708,770,827,551,2,367,508,502,441,211,2049745
2019,2,11410690,남가좌1동,3962,2370,1592,5,274,480,689,986,1528,3,177,327,428,517,918,2,97,153,261,469,610,484765
2019,2,11410700,남가좌2동,4101,1881,2220,31,1848,946,600,492,184,13,695,497,281,268,127,18,1153,449,319,224,57,787125
2019,2,11410710,북가좌1동,3170,2670,500,0,66,179,235,484,2206,0,26,123,136,343,2042,0,40,56,99,141,164,562752
2019,2,11410720,북가좌2동,2920,1595,1325,6,324,625,697,761,507,3,111,316,388,449,328,3,213,309,309,312,179,806705
2019,2,11440555,아현동,21909,13027,8882,67,3904,6802,6315,3921,900,21,1488,3770,4125,2956,667,46,2416,3032,2190,965,233,870645
2019,2,11440565,공덕동,9196,6229,2967,13,1571,2498,2406,2115,593,7,891,1597,1597,1726,411,6,680,901,809,389,182,891209
2019,2,11440585,도화동,11817,7213,4604,16,1876,2707,2695,2919,1604,5,1006,1740,1780,1581,1101,11,870,967,915,1338,503,863516
2019,2,11440590,용강동,17027,10428,6599,17,2220,4107,3864,3903,2916,9,1152,2636,2791,2124,1716,8,1068,1471,1073,1779,1200,910388
2019,2,11440600,대흥동,3472,1838,1634,28,623,819,768,755,479,14,222,394,423,458,327,14,401,425,345,297,152,854083
2019,2,11440610,염리동,22624,12648,9976,80,3154,4520,4314,8393,2163,32,936,1965,1956,6116,1643,48,2218,2555,2358,2277,520,549601
2019,2,11440630,신수동,5266,3083,2183,16,612,1493,1407,1220,518,14,254,749,814,846,406,2,358,744,593,374,112,914314
2019,2,11440655,서강동,7760,4929,2831,43,1730,2096,1655,1322,914,21,880,1388,1110,860,670,22,850,708,545,462,244,1890596
2019,2,11440660,서교동,29199,15033,14166,122,5502,7961,6688,4646,4280,77,2092,4186,3971,2459,2248,45,3410,3775,2717,2187,2032,1641475
2019,2,11440680,합정동,6375,3612,2763,16,1092,1871,1558,1124,714,13,424,954,975,744,502,3,668,917,583,380,212,1792621
2019,2,11440690,망원1동,3386,1869,1517,8,877,966,732,513,290,3,494,544,362,295,171,5,383,422,370,218,119,1111518
2019,2,11440700,망원2동,2311,1338,973,4,333,514,635,493,332,3,130,292,376,299,238,1,203,222,259,194,94,1209563
2019,2,11440710,연남동,3228,1908,1320,6,486,861,782,686,407,3,195,467,469,453,321,3,291,394,313,233,86,641653
2019,2,11440720,성산1동,10202,7081,3121,55,1148,1997,2270,2786,1946,40,555,1360,1638,2000,1488,15,593,637,632,786,458,855779
2019,2,11440730,성산2동,3297,1637,1660,3,292,575,862,1004,561,3,125,289,429,459,332,0,167,286,433,545,229,1990923
2019,2,11440740,상암동,16702,10428,6274,42,3945,5884,4140,1889,802,20,1687,3772,2976,1363,610,22,2258,2112,1164,526,192,7646126
2019,2,11470510,목1동,24428,17154,7274,45,3555,7800,6534,4600,1894,22,1709,5608,5032,3505,1278,23,1846,2192,1502,1095,616,1572490
2019,2,11470520,목2동,5438,2924,2514,3,752,1440,1421,1181,641,2,332,749,777,649,415,1,420,691,644,532,226,1021500
2019,2,11470530,목3동,2574,1416,1158,6,388,599,650,580,351,4,170,341,347,322,232,2,218,258,303,258,119,533074
2019,2,11470540,목4동,3520,2121,1399,6,413,760,981,889,471,3,187,445,591,556,339,3,226,315,390,333,132,578170
2019,2,11470550,목5동,32497,19240,13257,120,5214,8485,8284,6763,3631,63,2371,4994,5058,4189,2565,57,2843,3491,3226,2574,1066,2055129
2019,2,11470560,신월1동,2543,1539,1004,7,235,411,630,819,441,4,139,254,331,492,319,3,96,157,299,327,122,625887
2019,2,11470570,신월2동,3014,1826,1188,12,291,514,794,750,653,9,155,298,414,429,521,3,136,216,380,321,132,608140
2019,2,11470580,신월3동,1608,1000,608,6,152,275,360,465,350,5,68,135,202,302,288,1,84,140,158,163,62,932122
2019,2,11470590,신월4동,1749,1168,581,1,131,232,411,525,449,1,79,142,227,339,380,0,52,90,184,186,69,470224
2019,2,11470600,신월5동,1887,1063,824,12,218,445,486,503,223,9,125,247,278,262,142,3,93,198,208,241,81,523363
2019,2,11470610,신월6동,1180,681,499,1,124,225,252,324,254,0,48,106,136,193,198,1,76,119,116,131,56,437027
2019,2,11470611,신월7동,3647,2160,1487,3,273,411,624,1035,1301,2,150,247,359,626,776,1,123,164,265,409,525,1403954
2019,2,11470620,신정1동,13062,7770,5292,40,2137,3558,3578,2600,1149,31,891,2211,2267,1572,798,9,1246,1347,1311,1028,351,722680
2019,2,11470630,신정2동,7748,4662,3086,25,1040,2129,2160,1748,646,16,512,1344,1341,985,464,9,528,785,819,763,182,594999
2019,2,11470640,신정3동,7772,5319,2453,5,743,1598,1941,1507,1978,2,419,1024,1282,915,1677,3,324,574,659,592,301,2650845
2019,2,11470650,신정4동,6789,3454,3335,15,1249,1501,1498,1431,1095,13,434,782,804,736,685,2,815,719,694,695,410,996406
2019,2,11470670,신정6동,20562,12331,8231,86,3458,5796,4949,4272,2001,67,1630,3505,2968,2679,1482,19,1828,2291,1981,1593,519,972556
2019,2,11470680,신정7동,6559,4447,2112,12,695,1479,1802,1590,981,5,352,972,1211,1094,813,7,343,507,591,496,168,1144112
2019,2,11500510,염창동,13686,9212,4474,36,1829,3182,3362,2872,2405,25,939,1988,2206,1972,2082,11,890,1194,1156,900,323,1957926
2019,2,11500520,등촌1동,8448,5208,3240,20,1705,2249,1900,1445,1129,11,651,1434,1324,982,806,9,1054,815,576,463,323,649434
2019,2,11500530,등촌2동,4908,2871,2037,4,569,1018,1191,1263,863,2,247,549,728,794,551,2,322,469,463,469,312,908847
2019,2,11500535,등촌3동,15034,8230,6804,42,1822,3296,3323,3827,2724,24,853,1923,2058,1767,1605,18,969,1373,1265,2060,1119,1049363
2019,2,11500540,화곡1동,5269,2973,2296,16,552,1068,1322,1421,890,15,282,590,725,845,516,1,270,478,597,576,374,1194778
2019,2,11500550,화곡2동,1530,901,629,3,165,391,429,368,174,1,96,243,250,198,113,2,69,148,179,170,61,456061
2019,2,11500560,화곡3동,5642,3436,2206,11,644,1288,1421,1352,926,6,342,861,832,753,642,5,302,427,589,599,284,515596
2019,2,11500570,화곡4동,2723,1194,1529,3,615,729,592,496,288,1,124,323,283,267,196,2,491,406,309,229,92,853460
2019,2,11500590,화곡본동,3064,1708,1356,14,356,622,746,739,587,10,141,349,424,373,411,4,215,273,322,366,176,1007050
2019,2,11500591,화곡6동,12767,8221,4546,20,1512,3406,3262,2960,1607,7,761,2251,2156,1905,1141,13,751,1155,1106,1055,466,1034624
2019,2,11500593,화곡8동,2707,1596,1111,3,313,752,756,561,322,2,166,436,417,340,235,1,147,316,339,221,87,567208
2019,2,11500603,가양1동,5891,4064,1827,5,649,1408,1512,1346,971,1,308,924,1037,982,812,4,341,484,475,364,159,5908521
2019,2,11500604,가양2동,3111,1685,1426,8,402,780,791,693,437,5,176,433,450,361,260,3,226,347,341,332,177,996881
2019,2,11500605,가양3동,3834,2374,1460,12,589,833,998,757,645,9,374,555,653,451,332,3,215,278,345,306,313,691403
2019,2,11500611,발산1동,3308,1930,1378,3,264,474,872,1085,610,1,104,240,442,650,493,2,160,234,430,435,117,3032326
2019,2,11500615,우장산동,6792,3558,3234,17,1711,1596,1397,1245,826,9,571,861,827,731,559,8,1140,735,570,514,267,1268459
2019,2,11500620,공항동,33434,17874,15560,10,5345,11241,9370,6390,1078,4,1191,4641,5514,5592,932,6,4154,6600,3856,798,146,11377979
2019,2,11500630,방화1동,8317,6072,2245,12,1040,1956,1975,2211,1123,3,565,1451,1551,1772,730,9,475,505,424,439,393,1125789
2019,2,11500640,방화2동,3435,2170,1265,8,391,740,804,807,685,5,221,447,513,489,495,3,170,293,291,318,190,5564098
2019,2,11500641,방화3동,5253,3415,1838,6,509,1094,1303,1441,900,4,290,609,798,1001,713,2,219,485,505,440,187,1964100
2019,2,11530510,신도림동,13394,8751,4643,39,2063,4309,3297,2366,1320,17,889,2929,2338,1572,1006,22,1174,1380,959,794,314,1312211
2019,2,11530520,구로1동,5339,3216,2123,14,638,1408,1269,1044,966,9,319,915,885,658,430,5,319,493,384,386,536,1004193
2019,2,11530530,구로2동,14768,9205,5563,37,1740,3437,3733,3597,2224,22,835,2028,2271,2442,1607,15,905,1409,1462,1155,617,1807452
2019,2,11530540,구로3동,55824,35933,19891,187,11294,19480,14364,6798,3701,117,5500,12810,10072,4565,2869,70,5794,6670,4292,2233,832,1033159
2019,2,11530550,구로4동,2320,1143,1177,6,224,403,651,630,406,3,94,203,298,295,250,3,130,200,353,335,156,538215
2019,2,11530560,구로5동,16305,10938,5367,37,2084,4102,4158,3445,2479,26,1287,3026,2979,2117,1503,11,797,1076,1179,1328,976,1075552
2019,2,11530595,가리봉동,1027,511,516,1,99,186,239,218,284,0,42,84,118,99,168,1,57,102,121,119,116,415751
2019,2,11530720,고척1동,7547,5315,2232,11,638,1588,2004,2284,1022,10,328,1048,1390,1711,828,1,310,540,614,573,194,1100132
2019,2,11530730,고척2동,3210,2019,1191,11,344,704,807,898,446,8,190,452,496,524,349,3,154,252,311,374,97,1013917
2019,2,11530740,개봉1동,5000,2949,2051,8,435,971,1161,1337,1088,6,212,530,607,767,827,2,223,441,554,570,261,1168155
2019,2,11530750,개봉2동,7897,3940,3957,25,1315,1952,1851,1878,876,15,737,1215,852,653,468,10,578,737,999,1225,408,825368
2019,2,11530760,개봉3동,2085,1188,897,7,271,475,520,457,355,7,131,267,277,254,252,0,140,208,243,203,103,831642
2019,2,11530770,오류1동,3769,2279,1490,13,427,691,966,1199,473,7,265,428,599,666,314,6,162,263,367,533,159,707130
2019,2,11530780,오류2동,4719,2855,1864,2,452,989,1314,1167,795,0,182,557,767,735,614,2,270,432,547,432,181,4314692
2019,2,11530790,수궁동,4385,2850,1535,22,441,881,1076,1207,758,22,252,529,660,806,581,0,189,352,416,401,177,2684146
2019,2,11545510,가산동,96686,62108,34578,954,21714,29465,23153,13256,8144,484,11237,19508,16561,8617,5701,470,10477,9957,6592,4639,2443,2245346
2019,2,11545610,독산1동,13554,8519,5035,41,1147,2097,2513,2909,4847,37,662,1324,1570,1712,3214,4,485,773,943,1197,1633,1956086
2019,2,11545620,독산2동,2436,1609,827,1,228,380,466,569,792,0,126,181,238,352,712,1,102,199,228,217,80,596742
2019,2,11545630,독산3동,4261,3026,1235,5,340,665,720,796,1735,1,186,386,385,462,1606,4,154,279,335,334,129,982894
2019,2,11545640,독산4동,1908,1266,642,5,299,471,486,366,281,4,178,327,342,225,190,1,121,144,144,141,91,605029
2019,2,11545670,시흥1동,7551,3952,3599,13,1232,1912,1676,1732,986,7,566,956,818,962,643,6,666,956,858,770,343,1437595
2019,2,11545680,시흥2동,3553,2039,1514,6,324,669,899,1087,568,4,174,344,498,636,383,2,150,325,401,451,185,1170211
2019,2,11545690,시흥3동,8552,5165,3387,12,619,1281,2011,2280,2349,6,313,842,1180,1294,1530,6,306,439,831,986,819,1328458
2019,2,11545700,시흥4동,1695,1010,685,12,260,360,487,391,185,10,154,242,288,183,133,2,106,118,199,208,52,873884
2019,2,11545710,시흥5동,1833,1087,746,27,268,413,449,384,292,20,143,273,253,192,206,7,125,140,196,192,86,1368598
2019,2,11560515,영등포본동,4268,2608,1660,25,700,911,1018,895,719,9,310,558,651,546,534,16,390,353,367,349,185,843586
2019,2,11560535,영등포동,13724,7905,5819,50,2351,3458,3391,2627,1847,15,823,1961,2169,1670,1267,35,1528,1497,1222,957,580,1390482
2019,2,11560540,여의동,202668,134974,67694,349,33533,72430,54207,31349,10800,105,16066,48986,39136,23489,7192,244,17467,23444,15071,7860,3608,6703511
2019,2,11560550,당산1동,15777,9432,6345,42,2396,4149,3515,3316,2359,25,1049,2302,2173,2251,1632,17,1347,1847,1342,1065,727,746447
2019,2,11560560,당산2동,15189,10091,5098,44,1824,3361,3992,3724,2244,15,890,2213,2788,2515,1670,29,934,1148,1204,1209,574,1526636
2019,2,11560585,도림동,2188,1518,670,5,308,381,459,469,566,5,180,259,307,326,441,0,128,122,152,143,125,539427
2019,2,11560605,문래동,77844,56196,21648,108,12117,26144,23968,12269,3238,45,6583,19349,19521,8297,2401,63,5534,6795,4447,3972,837,1738475
2019,2,11560610,양평1동,14816,8661,6155,38,2755,3339,3197,3068,2419,18,1458,2148,1917,1548,1572,20,1297,1191,1280,1520,847,869573
2019,2,11560620,양평2동,15830,9057,6773,40,2715,4409,4337,2738,1591,19,1162,2704,2464,1568,1140,21,1553,1705,1873,1170,451,2573400
2019,2,11560630,신길1동,4085,1883,2202,4,820,1159,865,702,535,0,250,615,440,323,255,4,570,544,425,379,280,762886
2019,2,11560650,신길3동,1425,937,488,0,99,241,295,362,428,0,42,150,188,236,321,0,57,91,107,126,107,510335
2019,2,11560660,신길4동,1395,699,696,1,191,341,345,341,176,0,71,175,183,167,103,1,120,166,162,174,73,298738
2019,2,11560670,신길5동,1452,713,739,1,156,310,451,357,177,0,76,145,165,184,143,1,80,165,286,173,34,498387
2019,2,11560680,신길6동,2736,1631,1105,11,241,568,719,666,531,7,107,348,403,394,372,4,134,220,316,272,159,676005
2019,2,11560690,신길7동,3030,2066,964,4,311,546,678,865,626,3,195,373,449,555,491,1,116,173,229,310,135,599547
2019,2,11560700,대림1동,2423,959,1464,0,686,589,508,415,225,0,140,214,235,213,157,0,546,375,273,202,68,493503
2019,2,11560710,대림2동,3774,1936,1838,10,843,1066,912,575,368,2,359,615,405,304,251,8,484,451,507,271,117,574495
2019,2,11560720,대림3동,11228,5941,5287,32,1072,2003,2682,3026,2413,16,631,1281,1457,1272,1284,16,441,722,1225,1754,1129,933892
2019,2,11590510,노량진1동,6632,3986,2646,16,849,1466,1678,1687,936,9,475,907,1057,966,572,7,374,559,621,721,364,1876800
2019,2,11590520,노량진2동,4245,2051,2194,11,489,1244,1072,921,508,4,197,494,464,561,331,7,292,750,608,360,177,619921
2019,2,11590530,상도1동,5202,2671,2531,5,863,1322,1236,1107,669,3,327,710,715,537,379,2,536,612,521,570,290,1492421
2019,2,11590540,상도2동,1449,752,697,5,190,327,387,344,196,0,76,183,209,169,115,5,114,144,178,175,81,771971
2019,2,11590550,상도3동,1505,806,699,0,130,310,368,369,328,0,63,186,217,174,166,0,67,124,151,195,162,662403
2019,2,11590560,상도4동,2336,1475,861,3,286,547,621,645,234,2,134,338,382,456,163,1,152,209,239,189,71,947172
2019,2,11590605,흑석동,1530,906,624,1,198,322,402,333,274,1,101,198,232,189,185,0,97,124,170,144,89,2062251
2019,2,11590620,사당1동,4647,2604,2043,6,732,1128,1265,858,658,3,249,550,742,535,525,3,483,578,523,323,133,630335
2019,2,11590630,사당2동,2674,1333,1341,11,437,689,748,510,279,6,167,349,382,258,171,5,270,340,366,252,108,3064442
2019,2,11590640,사당3동,14525,5434,9091,0,3616,4574,3494,2099,742,0,738,1542,1300,1288,566,0,2878,3032,2194,811,176,898029
2019,2,11590650,사당4동,1508,786,722,1,165,248,326,268,500,0,72,117,154,118,325,1,93,131,172,150,175,431219
2019,2,11590651,사당5동,1888,1159,729,1,237,498,473,396,283,1,134,310,271,225,218,0,103,188,202,171,65,658780
2019,2,11590660,대방동,11319,7475,3844,25,1856,3092,2695,2498,1153,11,984,2086,1892,1839,663,14,872,1006,803,659,490,1591876
2019,2,11590670,신대방1동,8132,5752,2380,28,1412,2630,2065,1307,690,17,856,1907,1571,916,485,11,556,723,494,391,205,685547
2019,2,11590680,신대방2동,20920,13439,7481,30,3776,4565,3944,4672,3933,15,2819,3516,2559,2432,2098,15,957,1049,1385,2240,1835,1024271
2019,2,11620525,보라매동,1930,1001,929,6,205,429,497,477,316,5,82,228,272,214,200,1,123,201,225,263,116,758003
2019,2,11620545,청림동,2579,1466,1113,7,343,768,877,426,158,6,141,439,516,250,114,1,202,329,361,176,44,305629
2019,2,11620565,성현동,6240,2153,4087,27,819,947,1307,2059,1081,21,393,538,526,443,232,6,426,409,781,1616,849,695625
2019,2,11620575,행운동,3817,2117,1700,13,481,952,941,853,577,6,219,549,512,437,394,7,262,403,429,416,183,739229
2019,2,11620585,낙성대동,9604,5122,4482,12,1540,3140,2174,1525,1213,3,680,1506,1155,876,902,9,860,1634,1019,649,311,2341406
2019,2,11620595,청룡동,7004,3832,3172,12,1001,2019,1689,1557,726,4,370,1037,923,1023,475,8,631,982,766,534,251,1186204
2019,2,11620605,은천동,7171,3034,4137,8,1151,1671,1508,1675,1158,1,284,684,735,713,617,7,867,987,773,962,541,738181
2019,2,11620615,중앙동,1340,674,666,4,164,252,336,308,276,3,57,125,184,169,136,1,107,127,152,139,140,385136
2019,2,11620625,인헌동,3372,1888,1484,5,466,792,876,650,583,4,222,459,482,319,402,1,244,333,394,331,181,709688
2019,2,11620630,남현동,4664,3146,1518,5,726,1166,1241,923,603,3,397,801,883,631,431,2,329,365,358,292,172,4218667
2019,2,11620645,서원동,2569,1157,1412,6,579,595,496,473,420,2,200,255,249,185,266,4,379,340,247,288,154,642690
2019,2,11620655,신원동,878,489,389,6,99,185,215,232,141,5,51,94,128,137,74,1,48,91,87,95,67,549115
2019,2,11620665,서림동,1745,1061,684,2,178,305,448,425,387,2,79,160,252,280,288,0,99,145,196,145,99,981577
2019,2,11620685,신사동,4451,2848,1603,4,642,1135,1284,920,466,3,285,761,929,593,277,1,357,374,355,327,189,609167
2019,2,11620695,신림동,2234,1274,960,4,275,366,494,452,643,1,97,200,261,250,465,3,178,166,233,202,178,507666
2019,2,11620715,난향동,1936,939,997,1,442,489,402,297,305,0,120,242,186,143,248,1,322,247,216,154,57,786985
2019,2,11620725,조원동,3214,2075,1139,3,373,816,829,749,444,0,190,545,553,482,305,3,183,271,276,267,139,652569
2019,2,11620735,대학동,2885,1948,937,1,420,792,809,549,314,0,233,504,591,389,231,1,187,288,218,160,83,8107585
2019,2,11620745,삼성동,1886,1099,787,6,204,394,497,506,279,2,102,219,284,281,211,4,102,175,213,225,68,2591742
2019,2,11620765,미성동,4154,2392,1762,26,416,799,959,1067,887,23,234,471,540,543,581,3,182,328,419,524,306,1355300
2019,2,11620775,난곡동,1615,899,716,1,176,318,378,463,279,1,68,162,190,271,207,0,108,156,188,192,72,982294
2019,2,11650510,서초1동,31794,18508,13286,79,6261,9579,7698,5355,2822,24,2607,5764,5155,3162,1796,55,3654,3815,2543,2193,1026,1383210
2019,2,11650520,서초2동,70276,47129,23147,124,12612,23672,18952,11187,3729,64,6719,16188,13269,8293,2596,60,5893,7484,5683,2894,1133,1229759
2019,2,11650530,서초3동,70799,41954,28845,160,11474,21511,18201,12925,6528,81,4672,12509,11679,8447,4566,79,6802,9002,6522,4478,1962,3027494
2019,2,11650531,서초4동,35577,20209,15368,101,6702,10780,8651,6398,2945,49,2529,6076,5527,3927,2101,52,4173,4704,3124,2471,844,882770
2019,2,11650540,잠원동,19981,12329,7652,61,3369,6510,5228,3181,1632,32,1449,4068,3608,2060,1112,29,1920,2442,1620,1121,520,1840832
2019,2,11650550,반포본동,21332,10780,10552,50,3826,6672,5970,3746,1068,33,1279,3453,3124,2146,745,17,2547,3219,2846,1600,323,1491264
2019,2,11650560,반포1동,7914,4706,3208,11,1367,2652,1926,1311,647,6,564,1661,1239,767,469,5,803,991,687,544,178,1000549
2019,2,11650570,반포2동,10467,6457,4010,16,1577,3274,2764,1824,1012,8,677,2074,1852,1131,715,8,900,1200,912,693,297,1258050
2019,2,11650580,반포3동,9082,5371,3711,12,1361,2388,2068,1772,1481,6,635,1536,1438,1044,712,6,726,852,630,728,769,1325140
2019,2,11650581,반포4동,30278,21096,9182,68,3346,7811,8753,7186,3114,32,1591,5085,6641,5532,2215,36,1755,2726,2112,1654,899,1416005
2019,2,11650590,방배본동,24426,12839,11587,68,4548,6574,6671,4602,1963,36,1506,3474,3812,2770,1241,32,3042,3100,2859,1832,722,660469
2019,2,11650600,방배1동,15865,11351,4514,63,2907,4531,3896,3157,1311,41,1572,3118,3048,2607,965,22,1335,1413,848,550,346,691215
2019,2,11650610,방배2동,17887,8849,9038,26,3030,4644,4949,3435,1803,11,1053,2121,2319,2036,1309,15,1977,2523,2630,1399,494,1901725
2019,2,11650620,방배3동,17796,11576,6220,31,2582,5271,4902,3060,1950,15,1265,3243,3465,2107,1481,16,1317,2028,1437,953,469,2411856
2019,2,11650621,방배4동,20636,12781,7855,51,3306,5707,4924,3984,2664,24,1408,3275,3368,2746,1960,27,1898,2432,1556,1238,704,954529
2019,2,11650651,양재1동,38513,23863,14650,287,9030,11096,8569,5579,3952,136,4092,7167,6122,3629,2717,151,4938,3929,2447,1950,1235,5711370
2019,2,11650652,양재2동,105408,89511,15897,85,10841,22877,28122,37973,5510,48,8016,18747,23789,34484,4427,37,2825,4130,4333,3489,1083,7516954
2019,2,11650660,내곡동,5722,3480,2242,38,1056,1811,1278,971,568,30,635,1085,743,596,391,8,421,726,535,375,177,13190710
2019,2,11680510,신사동,32035,18953,13082,62,6309,9838,8318,5017,2491,26,2425,5883,5473,3334,1812,36,3884,3955,2845,1683,679,1736994
2019,2,11680521,논현1동,46558,25847,20711,152,12548,14331,9700,6041,3786,74,4711,8000,6474,3902,2686,78,7837,6331,3226,2139,1100,1254345
2019,2,11680531,논현2동,56782,35738,21044,118,10655,16710,13511,9340,6448,47,4360,9819,9467,7045,5000,71,6295,6891,4044,2295,1448,1445565
2019,2,11680545,압구정동,62369,40352,22017,358,11554,19826,15410,10693,4528,141,4635,13015,11482,8156,2923,217,6919,6811,3928,2537,1605,2520945
2019,2,11680565,청담동,82706,47514,35192,227,16852,25590,20951,14933,4153,79,5944,13589,13952,11009,2941,148,10908,12001,6999,3924,1212,2384707
2019,2,11680580,삼성1동,128192,86151,42041,186,23508,42259,33177,20247,8815,94,11791,28210,25024,15349,5683,92,11717,14049,8153,4898,3132,1926134
2019,2,11680590,삼성2동,50507,26684,23823,124,11788,15136,11201,7612,4646,55,4700,8600,6640,3667,3022,69,7088,6536,4561,3945,1624,1247821
2019,2,11680600,대치1동,27322,17079,10243,33,3926,9100,7376,4679,2208,15,1660,5446,4862,3432,1664,18,2266,3654,2514,1247,544,795761
2019,2,11680610,대치2동,96134,58192,37942,268,16471,26790,23274,17735,11596,135,7636,16939,15981,10741,6760,133,8835,9851,7293,6994,4836,2043875
2019,2,11680630,대치4동,36064,22115,13949,120,5714,10974,9851,6035,3370,19,2302,6527,6810,4293,2164,101,3412,4447,3041,1742,1206,717795
2019,2,11680640,역삼1동,183132,107762,75370,326,32469,56440,47108,33657,13132,127,16110,35821,30867,17178,7659,199,16359,20619,16241,16479,5473,2360116
2019,2,11680650,역삼2동,63309,38467,24842,186,11593,19984,17304,10613,3629,79,5238,12449,12233,6055,2413,107,6355,7535,5071,4558,1216,1127531
2019,2,11680655,도곡1동,62064,45802,16262,156,10220,14129,18286,16470,2803,103,6054,9668,13862,13830,2285,53,4166,4461,4424,2640,518,1022697
2019,2,11680656,도곡2동,200585,136316,64269,469,37109,78669,57540,22141,4657,219,19408,53626,44088,15857,3118,250,17701,25043,13452,6284,1539,1025651
2019,2,11680660,개포1동,14570,9194,5376,94,2060,3594,3680,3303,1839,37,1130,2165,2465,2122,1275,57,930,1429,1215,1181,564,973078
2019,2,11680670,개포2동,11561,7533,4028,39,1867,3585,3007,1845,1218,16,798,2286,2274,1265,894,23,1069,1299,733,580,324,2371826
2019,2,11680690,개포4동,10258,7070,3188,23,1319,2508,2767,2382,1259,14,640,1617,1990,1800,1009,9,679,891,777,582,250,1561449
2019,2,11680700,세곡동,1650,999,651,10,168,307,355,432,378,6,91,185,217,262,238,4,77,122,138,170,140,5894759
2019,2,11680720,일원본동,38755,21448,17307,95,9420,11698,9747,6384,1411,38,3235,6257,6296,4656,966,57,6185,5441,3451,1728,445,2381558
2019,2,11680730,일원1동,2605,1494,1111,2,317,492,608,606,580,1,172,280,345,346,350,1,145,212,263,260,230,947888
2019,2,11680740,일원2동,7000,4321,2679,18,792,1839,1933,1720,698,7,352,1101,1311,1153,397,11,440,738,622,567,301,1043911
2019,2,11680750,수서동,20917,12015,8902,26,2664,5781,5957,4027,2462,16,1271,3420,3510,2270,1528,10,1393,2361,2447,1757,934,1648393
2019,2,11710510,풍납1동,1779,987,792,1,235,394,447,472,230,1,117,213,233,238,185,0,118,181,214,234,45,1057487
2019,2,11710520,풍납2동,5586,3075,2511,7,786,1420,1427,1265,681,3,341,798,812,655,466,4,445,622,615,610,215,1999222
2019,2,11710531,거여1동,4545,3119,1426,17,1156,1302,1085,627,358,14,689,901,806,448,261,3,467,401,279,179,97,512307
2019,2,11710532,거여2동,2966,1666,1300,10,334,564,730,780,548,5,193,346,392,384,346,5,141,218,338,396,202,510046
2019,2,11710540,마천1동,1047,567,480,0,97,169,280,311,190,0,44,82,140,156,145,0,53,87,140,155,45,504704
2019,2,11710550,마천2동,2691,1622,1069,1,263,598,724,705,400,1,148,375,417,395,286,0,115,223,307,310,114,936181
2019,2,11710561,방이1동,9756,6489,3267,20,1201,1987,2522,2356,1670,10,441,1142,1669,1836,1391,10,760,845,853,520,279,581968
2019,2,11710562,방이2동,20642,13148,7494,33,3581,6063,4810,3740,2415,22,2043,4041,3341,2232,1469,11,1538,2022,1469,1508,946,763928
2019,2,11710566,오륜동,27044,15007,12037,40,4236,8307,7119,5307,2035,20,1556,4088,4385,3424,1534,20,2680,4219,2734,1883,501,3150411
2019,2,11710570,오금동,27133,17439,9694,43,3698,6981,7614,6414,2383,27,1838,4301,4987,4541,1745,16,1860,2680,2627,1873,638,1691111
2019,2,11710580,송파1동,14081,8126,5955,58,2929,3567,3300,2623,1604,24,1196,2108,2239,1463,1096,34,1733,1459,1061,1160,508,683881
2019,2,11710590,송파2동,13573,8842,4731,60,2078,3420,3716,3193,1106,48,978,2159,2779,2094,784,12,1100,1261,937,1099,322,636016
2019,2,11710600,석촌동,10774,7171,3603,18,1416,2804,2494,2100,1942,11,760,1989,1705,1291,1415,7,656,815,789,809,527,943819
2019,2,11710610,삼전동,7184,4712,2472,7,695,1393,1588,1593,1908,4,310,865,1011,966,1556,3,385,528,577,627,352,992437
2019,2,11710620,가락본동,29104,18430,10674,79,3258,6499,6567,5575,7126,36,1699,4282,4432,3287,4694,43,1559,2217,2135,2288,2432,1024764
2019,2,11710631,가락1동,5812,4029,1783,2,359,1066,1597,1675,1113,1,236,814,1178,1086,714,1,123,252,419,589,399,1357317
2019,2,11710632,가락2동,9018,5667,3351,46,1496,2052,2099,1919,1406,22,836,1361,1351,1087,1010,24,660,691,748,832,396,934057
2019,2,11710641,문정1동,32492,24977,7515,11,2494,5703,9674,12853,1757,4,1262,3915,7439,11108,1249,7,1232,1788,2235,1745,508,604321
2019,2,11710642,문정2동,40535,30792,9743,103,7741,13760,9695,6704,2532,53,5139,10591,7757,5301,1951,50,2602,3169,1938,1403,581,2387651
2019,2,11710646,장지동,7336,5150,2186,8,575,952,1709,2111,1981,1,304,631,1171,1529,1514,7,271,321,538,582,467,1295680
2019,2,11710647,위례동,1470,1419,51,0,6,86,399,777,202,0,6,83,391,747,192,0,0,3,8,30,10,2626871
2019,2,11710650,잠실본동,9918,5984,3934,31,1372,2088,2406,1907,2114,11,624,1195,1453,1150,1551,20,748,893,953,757,563,1136161
2019,2,11710670,잠실2동,7776,4877,2899,12,1569,2294,2036,1424,441,8,836,1489,1324,967,253,4,733,805,712,457,188,2886358
2019,2,11710680,잠실3동,19965,13130,6835,46,4848,5416,4485,3286,1884,12,2713,3641,3227,2261,1276,34,2135,1775,1258,1025,608,1506573
2019,2,11710690,잠실4동,9638,7697,1941,10,1184,2981,2840,2143,480,8,842,2435,2321,1724,367,2,342,546,519,419,113,838370
2019,2,11710710,잠실6동,58921,30648,28273,99,10268,15809,16515,14389,1841,34,4837,9573,9054,5832,1318,65,5431,6236,7461,8557,523,1403041
2019,2,11710720,잠실7동,7013,4358,2655,19,1343,1855,1746,1429,621,12,529,1178,1177,982,480,7,814,677,569,447,141,675008
2019,2,11740515,강일동,1630,1121,509,0,197,302,491,415,225,0,115,210,335,287,174,0,82,92,156,128,51,3722759
2019,2,11740520,상일동,3078,1705,1373,2,343,648,845,847,393,2,128,367,539,416,253,0,215,281,306,431,140,1801282
2019,2,11740530,명일1동,2576,1251,1325,7,281,449,592,619,628,6,125,256,294,273,297,1,156,193,298,346,331,630284
2019,2,11740540,명일2동,2018,1210,808,12,220,430,418,547,391,5,97,260,242,314,292,7,123,170,176,233,99,920946
2019,2,11740550,고덕1동,1958,1091,867,0,250,531,528,477,172,0,120,312,287,264,108,0,130,219,241,213,64,1906565
2019,2,11740560,고덕2동,2057,1403,654,0,110,237,388,729,593,0,33,117,243,519,491,0,77,120,145,210,102,2408099
2019,2,11740570,암사1동,4289,2659,1630,7,559,945,932,864,982,4,268,595,596,606,590,3,291,350,336,258,392,738366
2019,2,11740580,암사2동,2425,919,1506,4,186,389,621,818,407,4,69,175,260,223,188,0,117,214,361,595,219,2337773
2019,2,11740590,암사3동,3214,2040,1174,3,321,518,605,862,905,2,168,317,353,548,652,1,153,201,252,314,253,1843902
2019,2,11740600,천호1동,3165,1737,1428,5,298,562,733,770,797,1,111,290,374,409,552,4,187,272,359,361,245,669571
2019,2,11740610,천호2동,5023,2507,2516,7,850,1245,1225,949,747,2,279,617,625,495,489,5,571,628,600,454,258,1828343
2019,2,11740620,천호3동,3865,2457,1408,5,329,694,775,691,1371,3,172,457,498,413,914,2,157,237,277,278,457,569450
2019,2,11740640,성내1동,14338,9052,5286,45,1647,3441,3580,3634,1991,15,759,2017,2243,2560,1458,30,888,1424,1337,1074,533,658437
2019,2,11740650,성내2동,8648,4786,3862,80,2052,2454,2640,940,482,3,899,1262,1684,625,313,77,1153,1192,956,315,169,624632
2019,2,11740660,성내3동,4660,2722,1938,14,629,1148,1190,930,749,10,304,696,732,513,467,4,325,452,458,417,282,641973
2019,2,11740685,길동,9675,4880,4795,19,1328,1892,2230,2277,1929,10,466,983,1162,1019,1240,9,862,909,1068,1258,689,1590598
2019,2,11740690,둔촌1동,1505,851,654,3,181,361,356,392,212,3,83,211,210,198,146,0,98,150,146,194,66,897261
2019,2,11740700,둔촌2동,8575,4549,4026,4,1130,2314,2694,1610,823,2,379,1251,1412,998,507,2,751,1063,1282,612,316,1592001
2019,3,11110515,청운효자동,10997,7490,3507,34,1815,3249,3166,1926,807,3,905,2295,2393,1371,523,31,910,954,773,555,284,2429899
2019,3,11110530,사직동,47397,29381,18016,54,6512,14928,13541,8448,3914,22,2435,8279,9491,6424,2730,32,4077,6649,4050,2024,1184,1161995
2019,3,11110540,삼청동,6612,5018,1594,5,662,1532,1889,1651,873,2,388,1151,1576,1313,588,3,274,381,313,338,285,1391632
2019,3,11110550,부암동,4087,2302,1785,2,608,1162,1116,804,395,0,242,644,660,486,270,2,366,518,456,318,125,2221363
2019,3,11110560,평창동,19203,12058,7145,31,2560,5160,5869,4057,1526,14,1248,2849,3829,3038,1080,17,1312,2311,2040,1019,446,8346900
2019,3,11110570,무악동,759,308,451,6,156,208,216,126,47,5,38,61,112,65,27,1,118,147,104,61,20,453220
2019,3,11110580,교남동,1395,847,548,5,158,488,353,242,149,2,58,276,226,166,119,3,100,212,127,76,30,355267
2019,3,11110600,가회동,5824,3433,2391,1,904,1937,1792,916,274,1,374,1091,1166,610,191,0,530,846,626,306,83,565302
2019,3,11110615,종로1.2.3.4가동,90289,54177,36112,720,17140,27459,24498,15015,5457,328,7647,14737,16221,11476,3768,392,9493,12722,8277,3539,1689,2430999
2019,3,11110630,종로5.6가동,11334,7566,3768,16,1485,3298,3207,2367,961,4,636,2042,2333,1868,683,12,849,1256,874,499,278,599631
2019,3,11110640,이화동,4441,2449,1992,6,748,1307,1054,749,577,3,247,636,626,511,426,3,501,671,428,238,151,747067
2019,3,11110650,혜화동,5900,3163,2737,27,915,1569,1358,1175,856,19,342,820,802,682,498,8,573,749,556,493,358,1161303
2019,3,11110670,창신1동,1968,1190,778,4,234,537,582,375,236,3,163,375,293,199,157,1,71,162,289,176,79,297271
2019,3,11110680,창신2동,386,129,257,0,25,47,86,129,99,0,5,15,36,43,30,0,20,32,50,86,69,257188
2019,3,11110690,창신3동,223,103,120,1,33,54,51,60,24,1,14,21,22,28,17,0,19,33,29,32,7,216230
2019,3,11110700,숭인1동,485,227,258,0,72,89,124,118,82,0,12,36,59,66,54,0,60,53,65,52,28,236777
2019,3,11110710,숭인2동,2261,1189,1072,5,362,485,520,515,374,3,103,232,300,312,239,2,259,253,220,203,135,359384
2019,3,11140520,소공동,89990,48341,41649,264,22476,29604,22309,12360,2977,75,7158,14298,15046,9703,2061,189,15318,15306,7263,2657,916,918284
2019,3,11140540,회현동,31604,19883,11721,52,5258,10831,8436,5262,1765,12,2364,6458,5999,3807,1243,40,2894,4373,2437,1455,522,909465
2019,3,11140550,명동,111467,60604,50863,214,15432,36770,34204,20768,4079,76,6061,17470,19284,14986,2727,138,9371,19300,14920,5782,1352,993909
2019,3,11140570,필동,21006,9883,11123,44,2605,5604,6586,4587,1580,13,921,2776,3287,1882,1004,31,1684,2828,3299,2705,576,1458582
2019,3,11140580,장충동,11133,5909,5224,27,2484,3058,2871,2121,572,11,871,1743,1722,1202,360,16,1613,1315,1149,919,212,1013897
2019,3,11140590,광희동,43127,21471,21656,301,12449,11302,8820,6967,3288,116,6024,6564,5125,2443,1199,185,6425,4738,3695,4524,2089,745387
2019,3,11140605,을지로동,14731,7619,7112,40,3615,3501,3159,2459,1957,14,945,1809,1916,1570,1365,26,2670,1692,1243,889,592,612013
2019,3,11140615,신당동,3374,1801,1573,14,847,800,685,639,389,4,375,393,359,411,259,10,472,407,326,228,130,536647
2019,3,11140625,다산동,6731,3742,2989,11,1361,2210,1514,1078,557,2,445,1351,961,602,381,9,916,859,553,476,176,532721
2019,3,11140635,약수동,31382,12831,18551,112,4860,11179,9814,4560,857,15,1379,4080,3472,3225,660,97,3481,7099,6342,1335,197,509395
2019,3,11140645,청구동,3045,1589,1456,2,478,808,739,644,374,0,148,396,445,385,215,2,330,412,294,259,159,345114
2019,3,11140650,신당5동,1074,510,564,4,128,225,233,262,222,3,43,104,116,120,124,1,85,121,117,142,98,310367
2019,3,11140665,동화동,1518,673,845,0,246,391,387,305,189,0,63,147,171,163,129,0,183,244,216,142,60,330049
2019,3,11140670,황학동,1908,1206,702,1,295,491,483,380,258,1,182,312,298,238,175,0,113,179,185,142,83,327694
2019,3,11140680,중림동,5275,3150,2125,7,1023,1649,1360,774,462,1,486,949,838,545,331,6,537,700,522,229,131,487576
2019,3,11170510,후암동,2254,1208,1046,8,341,477,541,503,384,6,113,253,310,267,259,2,228,224,231,236,125,868399
2019,3,11170520,용산2가동,1898,1354,544,1,148,308,680,623,138,1,72,162,528,495,96,0,76,146,152,128,42,2047347
2019,3,11170530,남영동,21846,8918,12928,334,9538,5465,3562,2267,680,120,2177,3044,2031,1041,505,214,7361,2421,1531,1226,175,735947
2019,3,11170555,청파동,6033,3492,2541,14,883,1560,1184,1071,1321,9,306,687,729,678,1083,5,577,873,455,393,238,867676
2019,3,11170560,원효로1동,5052,3464,1588,28,786,1436,1360,887,555,15,471,1045,943,613,377,13,315,391,417,274,178,589294
2019,3,11170570,원효로2동,5572,3787,1785,11,666,1471,1441,969,1014,9,359,993,1053,674,699,2,307,478,388,295,315,915567
2019,3,11170580,효창동,1750,991,759,4,211,426,479,399,231,3,95,262,295,197,139,1,116,164,184,202,92,470670
2019,3,11170590,용문동,2815,1646,1169,8,443,760,805,579,220,7,192,447,477,372,151,1,251,313,328,207,69,289284
2019,3,11170625,한강로동,50226,26091,24135,116,10254,16662,14195,6821,2178,54,4361,8389,7463,4301,1523,62,5893,8273,6732,2520,655,3358956
2019,3,11170630,이촌1동,12132,7779,4353,45,2065,3429,3241,2381,971,29,1042,2116,2280,1632,680,16,1023,1313,961,749,291,2143668
2019,3,11170640,이촌2동,2199,1322,877,2,350,603,541,466,237,2,172,358,345,303,142,0,178,245,196,163,95,1191110
2019,3,11170650,이태원1동,12900,5799,7101,19,3632,4818,2495,1156,780,11,983,2119,1437,775,474,8,2649,2699,1058,381,306,579369
2019,3,11170660,이태원2동,3063,1434,1629,5,557,1214,801,337,149,0,251,620,333,128,102,5,306,594,468,209,47,879018
2019,3,11170685,한남동,44552,32189,12363,153,7022,13574,11833,9899,2071,84,3340,8833,9457,8841,1634,69,3682,4741,2376,1058,437,3198883
2019,3,11170690,서빙고동,13889,8964,4925,32,2407,4081,4191,2206,972,13,1165,2328,3008,1717,733,19,1242,1753,1183,489,239,2198117
2019,3,11170700,보광동,2501,1321,1180,3,259,607,660,721,251,2,62,225,352,500,180,1,197,382,308,221,71,890496
2019,3,11200520,왕십리2동,1256,686,570,1,177,327,337,277,137,0,76,155,189,164,102,1,101,172,148,113,35,385254
2019,3,11200535,왕십리도선동,4871,2459,2412,13,881,986,1020,1086,885,4,300,523,562,537,533,9,581,463,458,549,352,718816
2019,3,11200540,마장동,4105,2590,1515,3,465,862,1011,985,779,1,251,511,629,646,552,2,214,351,382,339,227,1082999
2019,3,11200550,사근동,2894,1952,942,1,214,580,891,798,410,1,78,339,601,600,333,0,136,241,290,198,77,1182945
2019,3,11200560,행당1동,9297,3464,5833,11,785,1510,2683,3726,582,9,484,1065,1002,623,281,2,301,445,1681,3103,301,552563
2019,3,11200570,행당2동,316,139,177,0,39,68,103,68,38,0,18,34,42,22,23,0,21,34,61,46,15,457197
2019,3,11200580,응봉동,1279,721,558,4,208,297,308,292,170,3,79,167,179,162,131,1,129,130,129,130,39,547736
2019,3,11200590,금호1가동,2454,926,1528,20,288,786,973,295,92,0,105,249,383,123,66,20,183,537,590,172,26,441318
2019,3,11200615,금호2.3가동,1099,576,523,0,149,214,255,245,236,0,43,88,141,130,174,0,106,126,114,115,62,638261
2019,3,11200620,금호4가동,1161,683,478,1,104,253,309,314,180,1,46,121,186,189,140,0,58,132,123,125,40,935263
2019,3,11200645,옥수동,5460,2307,3153,5,1206,1700,1245,781,523,1,308,666,599,402,331,4,898,1034,646,379,192,1239152
2019,3,11200650,성수1가1동,4368,2935,1433,4,515,1043,1058,1180,568,2,302,668,699,819,445,2,213,375,359,361,123,2248463
2019,3,11200660,성수1가2동,6741,4438,2303,15,1039,1515,1554,1390,1228,8,588,1010,969,925,938,7,451,505,585,465,290,984783
2019,3,11200670,성수2가1동,9090,6247,2843,80,1535,2604,2321,1688,862,49,869,1778,1636,1231,684,31,666,826,685,457,178,1126355
2019,3,11200690,성수2가3동,23728,14894,8834,87,3585,5999,5884,4779,3394,57,1829,3801,3905,2945,2357,30,1756,2198,1979,1834,1037,1050781
2019,3,11200720,송정동,1500,966,534,4,214,394,400,292,196,1,117,269,245,171,163,3,97,125,155,121,33,584812
2019,3,11200790,용답동,5295,3042,2253,54,1344,1422,1069,879,527,3,531,893,678,526,411,51,813,529,391,353,116,2379362
2019,3,11215710,화양동,2949,1881,1068,7,393,503,709,811,526,3,163,286,465,558,406,4,230,217,244,253,120,1124376
2019,3,11215730,군자동,2752,1434,1318,4,339,648,647,600,514,3,113,333,360,303,322,1,226,315,287,297,192,733236
2019,3,11215740,중곡1동,3599,2289,1310,17,525,857,850,789,561,15,250,507,543,526,448,2,275,350,307,263,113,602769
2019,3,11215750,중곡2동,2890,1619,1271,0,362,549,745,704,530,0,216,326,387,363,327,0,146,223,358,341,203,544807
2019,3,11215760,중곡3동,1634,1013,621,4,182,398,431,375,244,0,81,263,253,246,170,4,101,135,178,129,74,600824
2019,3,11215770,중곡4동,4845,2374,2471,5,837,1107,1256,1145,495,3,242,517,615,612,385,2,595,590,641,533,110,2295463
2019,3,11215780,능동,2697,1721,976,7,320,561,683,541,585,2,153,342,448,341,435,5,167,219,235,200,150,1094134
2019,3,11215810,광장동,12642,7298,5344,78,3156,2963,2563,2555,1327,28,1407,1669,1637,1619,938,50,1749,1294,926,936,389,2889609
2019,3,11215820,자양1동,12437,9504,2933,10,885,1793,3274,4911,1564,4,387,1124,2577,4161,1251,6,498,669,697,750,313,621606
2019,3,11215830,자양2동,5205,3180,2025,17,769,1227,1339,1252,601,11,487,766,787,695,434,6,282,461,552,557,167,1630926
2019,3,11215840,자양3동,3676,2417,1259,35,525,911,936,854,415,25,290,590,651,559,302,10,235,321,285,295,113,1145609
2019,3,11215847,자양4동,1406,910,496,3,196,347,359,268,233,2,90,244,228,161,185,1,106,103,131,107,48,1148618
2019,3,11215850,구의1동,3744,2247,1497,13,498,1003,984,825,421,12,248,613,564,512,298,1,250,390,420,313,123,553095
2019,3,11215860,구의2동,3943,2390,1553,6,396,672,1020,1158,691,3,174,357,637,745,474,3,222,315,383,413,217,1363952
2019,3,11215870,구의3동,14433,9238,5195,18,1560,3060,3670,3590,2535,8,905,2160,2593,2041,1531,10,655,900,1077,1549,1004,1453971
2019,3,11230536,용신동,23992,11479,12513,35,3521,5921,6052,5595,2868,15,1268,3193,2995,2475,1533,20,2253,2728,3057,3120,1335,1590771
2019,3,11230545,제기동,5280,2973,2307,8,730,1315,1324,1149,754,1,303,749,801,636,483,7,427,566,523,513,271,1184853
2019,3,11230560,전농1동,1796,1105,691,2,228,313,477,475,301,1,137,199,312,289,167,1,91,114,165,186,134,1140490
2019,3,11230570,전농2동,4726,2272,2454,5,523,1042,1202,1258,696,2,200,459,608,594,409,3,323,583,594,664,287,983768
2019,3,11230600,답십리1동,7588,3893,3695,17,1035,1548,2108,1983,897,6,663,1028,924,674,598,11,372,520,1184,1309,299,838156
2019,3,11230610,답십리2동,2613,1652,961,15,275,455,630,632,606,7,139,266,408,400,432,8,136,189,222,232,174,814945
2019,3,11230650,장안1동,11042,6852,4190,30,1530,2325,2423,2439,2295,23,856,1412,1511,1474,1576,7,674,913,912,965,719,1360347
2019,3,11230660,장안2동,6869,3635,3234,10,1976,1388,1348,1334,813,5,985,808,633,644,560,5,991,580,715,690,253,1119438
2019,3,11230705,청량리동,5452,3054,2398,4,812,1431,1199,1154,852,3,313,812,744,706,476,1,499,619,455,448,376,1197287
2019,3,11230710,회기동,849,396,453,2,112,215,203,187,130,1,34,92,92,90,87,1,78,123,111,97,43,829432
2019,3,11230720,휘경1동,1570,941,629,4,151,290,408,405,312,1,71,182,258,263,166,3,80,108,150,142,146,519932
2019,3,11230730,휘경2동,4680,2505,2175,8,574,992,1193,1171,742,3,167,471,652,648,564,5,407,521,541,523,178,1207585
2019,3,11230740,이문1동,3991,1804,2187,3,726,1056,1055,731,420,3,155,429,526,418,273,0,571,627,529,313,147,986690
2019,3,11230750,이문2동,1685,1076,609,2,159,351,382,447,344,2,69,200,209,305,291,0,90,151,173,142,53,698476
2019,3,11260520,면목2동,1721,1010,711,3,164,279,391,511,373,3,63,128,210,328,278,0,101,151,181,183,95,743106
2019,3,11260540,면목4동,1514,1055,459,1,112,254,411,524,212,0,47,149,278,411,170,1,65,105,133,113,42,821882
2019,3,11260550,면목5동,1277,917,360,1,154,233,314,305,270,1,104,182,176,216,238,0,50,51,138,89,32,591696
2019,3,11260565,면목본동,1945,1026,919,1,213,408,498,478,347,0,76,206,266,254,224,1,137,202,232,224,123,840931
2019,3,11260570,면목7동,1375,775,600,0,150,240,352,347,286,0,65,118,204,200,188,0,85,122,148,147,98,1202721
2019,3,11260575,면목3.8동,3848,2281,1567,0,293,516,727,942,1370,0,100,253,393,620,915,0,193,263,334,322,455,1591050
2019,3,11260580,상봉1동,2436,1671,765,7,313,403,489,633,591,7,197,263,281,421,502,0,116,140,208,212,89,917193
2019,3,11260590,상봉2동,5558,3726,1832,2,617,1367,1739,1310,523,1,326,920,1169,913,397,1,291,447,570,397,126,658991
2019,3,11260600,중화1동,1565,770,795,1,179,331,442,395,217,0,67,145,207,190,161,1,112,186,235,205,56,637209
2019,3,11260610,중화2동,1575,835,740,5,197,274,371,347,381,3,94,124,179,186,249,2,103,150,192,161,132,960402
2019,3,11260620,묵1동,3004,1494,1510,6,369,664,791,731,443,2,146,347,378,321,300,4,223,317,413,410,143,1184393
2019,3,11260630,묵2동,2225,1489,736,0,286,530,527,621,261,0,154,367,356,440,172,0,132,163,171,181,89,682005
2019,3,11260655,망우본동,3779,1991,1788,11,430,682,879,1096,681,2,155,282,416,617,519,9,275,400,463,479,162,3074745
2019,3,11260660,망우3동,1265,678,587,0,112,205,336,341,271,0,38,92,164,192,192,0,74,113,172,149,79,967313
2019,3,11260680,신내1동,4269,2061,2208,2,696,932,796,1120,723,0,173,397,374,557,560,2,523,535,422,563,163,2361684
2019,3,11260690,신내2동,3762,2127,1635,5,444,919,928,954,512,2,188,445,475,631,386,3,256,474,453,323,126,939758
2019,3,11290525,성북동,22885,17261,5624,38,2577,5118,6370,7341,1441,11,1463,3707,5141,6159,780,27,1114,1411,1229,1182,661,3067396
2019,3,11290555,삼선동,7165,3729,3436,13,841,1660,2187,1610,854,5,342,909,1098,906,469,8,499,751,1089,704,385,1177823
2019,3,11290575,동선동,12522,6019,6503,311,2160,2671,3307,2354,1719,113,706,1246,1680,1449,825,198,1454,1425,1627,905,894,729672
2019,3,11290580,돈암1동,2542,1100,1442,11,733,753,504,369,172,2,153,347,265,207,126,9,580,406,239,162,46,461503
2019,3,11290590,돈암2동,2734,1550,1184,0,198,274,291,400,1571,0,84,155,153,196,962,0,114,119,138,204,609,414465
2019,3,11290600,안암동,5438,3347,2091,9,685,1268,1543,1296,637,3,293,717,969,878,487,6,392,551,574,418,150,1295307
2019,3,11290610,보문동,7119,5286,1833,4,666,2007,1465,1526,1451,3,338,1628,1163,1179,975,1,328,379,302,347,476,551172
2019,3,11290620,정릉1동,1938,887,1051,3,286,344,435,448,422,1,79,142,193,204,268,2,207,202,242,244,154,475568
2019,3,11290630,정릉2동,2019,965,1054,2,332,479,522,439,245,1,103,234,224,224,179,1,229,245,298,215,66,1165255
2019,3,11290640,정릉3동,2484,1761,723,5,378,665,608,508,320,4,209,477,449,401,221,1,169,188,159,107,99,3182234
2019,3,11290650,정릉4동,2130,1320,810,1,186,324,527,629,463,0,61,161,319,429,350,1,125,163,208,200,113,3714207
2019,3,11290660,길음1동,2105,993,1112,4,289,422,579,424,387,2,59,161,250,219,302,2,230,261,329,205,85,753885
2019,3,11290685,길음2동,434,216,218,1,56,94,134,93,56,1,17,49,76,45,28,0,39,45,58,48,28,423663
2019,3,11290705,종암동,6523,3809,2714,12,736,1620,1746,1790,619,4,317,835,1009,1263,381,8,419,785,737,527,238,1494677
2019,3,11290715,월곡1동,3023,1705,1318,12,380,513,653,628,837,9,168,267,329,342,590,3,212,246,324,286,247,974658
2019,3,11290725,월곡2동,4859,3063,1796,6,709,1302,1181,910,751,4,355,850,705,528,621,2,354,452,476,382,130,1330228
2019,3,11290760,장위1동,1301,699,602,5,192,292,295,293,224,4,88,165,142,153,147,1,104,127,153,140,77,714821
2019,3,11290770,장위2동,2269,1480,789,2,219,388,504,554,602,2,82,204,298,395,499,0,137,184,206,159,103,682224
2019,3,11290780,장위3동,1347,836,511,10,167,210,307,366,287,6,72,114,173,225,246,4,95,96,134,141,41,663549
2019,3,11290810,석관동,3947,2563,1384,10,343,664,806,789,1335,5,156,398,476,505,1023,5,187,266,330,284,312,1773773
2019,3,11305534,삼양동,1250,677,573,1,155,238,288,290,278,1,63,103,150,161,199,0,92,135,138,129,79,959451
2019,3,11305535,미아동,1916,1090,826,4,189,358,519,496,350,3,74,192,296,302,223,1,115,166,223,194,127,835492
2019,3,11305545,송중동,2430,1237,1193,5,283,450,643,599,450,5,119,238,307,263,305,0,164,212,336,336,145,1085065
2019,3,11305555,송천동,2164,1101,1063,3,162,370,451,545,633,3,51,175,217,309,346,0,111,195,234,236,287,928301
2019,3,11305575,삼각산동,1194,695,499,1,154,313,387,233,106,0,81,185,221,121,87,1,73,128,166,112,19,603256
2019,3,11305590,번1동,2854,1540,1314,2,278,588,628,784,574,1,105,352,327,444,311,1,173,236,301,340,263,619363
2019,3,11305600,번2동,1214,579,635,0,144,157,341,384,188,0,55,90,150,189,95,0,89,67,191,195,93,992960
2019,3,11305606,번3동,1266,644,622,14,158,235,324,313,222,10,54,114,172,161,133,4,104,121,152,152,89,1075371
2019,3,11305610,수유1동,2274,1338,936,2,186,393,655,700,338,1,59,193,397,439,249,1,127,200,258,261,89,1748455
2019,3,11305620,수유2동,2133,1243,890,1,118,188,452,681,693,0,40,90,266,481,366,1,78,98,186,200,327,593685
2019,3,11305630,수유3동,3435,1743,1692,3,383,819,858,889,483,1,146,343,400,554,299,2,237,476,458,335,184,725084
2019,3,11305645,우이동,3116,1860,1256,4,164,289,419,708,1532,2,56,141,224,474,963,2,108,148,195,234,569,10680138
2019,3,11305660,인수동,3921,2076,1845,3,436,828,880,1012,762,2,164,416,459,511,524,1,272,412,421,501,238,2869695
2019,3,11320511,창1동,2056,1024,1032,5,263,419,575,560,234,5,100,198,301,273,147,0,163,221,274,287,87,1104916
2019,3,11320512,창2동,2382,1516,866,10,252,531,650,588,351,10,147,344,390,345,280,0,105,187,260,243,71,654615
2019,3,11320513,창3동,816,411,405,2,92,177,230,207,108,0,28,93,130,92,68,2,64,84,100,115,40,635079
2019,3,11320514,창4동,3166,2032,1134,3,279,578,712,915,679,1,94,299,413,655,570,2,185,279,299,260,109,1155759
2019,3,11320515,창5동,6198,3633,2565,8,638,1239,1528,1426,1359,4,269,758,964,747,891,4,369,481,564,679,468,676820
2019,3,11320521,도봉1동,2995,1487,1508,2,149,292,453,682,1417,2,55,162,217,340,711,0,94,130,236,342,706,8547209
2019,3,11320522,도봉2동,2049,1243,806,0,116,256,390,565,722,0,40,109,198,347,549,0,76,147,192,218,173,1204332
2019,3,11320660,쌍문1동,2108,1027,1081,3,282,333,516,564,410,3,55,116,219,299,335,0,227,217,297,265,75,1177010
2019,3,11320670,쌍문2동,1763,995,768,1,182,278,394,483,425,0,51,121,200,293,330,1,131,157,194,190,95,539384
2019,3,11320680,쌍문3동,1982,941,1041,6,403,440,446,476,211,5,92,200,225,274,145,1,311,240,221,202,66,504867
2019,3,11320681,쌍문4동,1380,736,644,0,150,332,376,355,167,0,41,172,204,193,126,0,109,160,172,162,41,543784
2019,3,11320690,방학1동,6413,4053,2360,10,585,1403,1497,1819,1099,8,299,791,858,1233,864,2,286,612,639,586,235,1041785
2019,3,11320700,방학2동,1017,513,504,0,85,219,264,217,232,0,37,116,134,108,118,0,48,103,130,109,114,1102018
2019,3,11320710,방학3동,3168,1931,1237,11,660,707,740,661,389,9,332,437,498,349,306,2,328,270,242,312,83,1856777
2019,3,11350560,월계1동,3066,1710,1356,15,451,731,822,599,448,6,206,435,432,333,298,9,245,296,390,266,150,1218934
2019,3,11350570,월계2동,1506,771,735,3,157,296,385,427,238,1,64,121,173,235,177,2,93,175,212,192,61,1991095
2019,3,11350580,월계3동,1425,743,682,1,174,263,361,416,210,1,69,143,173,221,136,0,105,120,188,195,74,1133881
2019,3,11350595,공릉1동,7010,3942,3068,12,698,1071,1430,1839,1960,8,307,606,740,1023,1258,4,391,465,690,816,702,1217193
2019,3,11350600,공릉2동,7479,3637,3842,10,953,1533,1716,1910,1357,8,331,679,804,982,833,2,622,854,912,928,524,7207339
2019,3,11350611,하계1동,4953,3032,1921,10,684,1024,1144,1361,730,8,291,566,690,958,519,2,393,458,454,403,211,1467562
2019,3,11350612,하계2동,1936,1338,598,2,153,323,529,686,243,1,89,203,353,471,221,1,64,120,176,215,22,513857
2019,3,11350619,중계본동,2042,978,1064,1,225,398,504,582,332,1,108,198,223,247,201,0,117,200,281,335,131,2094464
2019,3,11350621,중계1동,2771,1430,1341,4,292,707,899,642,227,2,113,358,438,343,176,2,179,349,461,299,51,624508
2019,3,11350624,중계4동,1920,1095,825,6,205,388,467,499,355,4,78,184,259,300,270,2,127,204,208,199,85,1540528
2019,3,11350625,중계2.3동,2284,1287,997,4,256,589,593,587,255,3,138,350,327,309,160,1,118,239,266,278,95,912217
2019,3,11350630,상계1동,6705,4098,2607,15,634,1247,1534,1656,1619,13,334,819,998,1009,925,2,300,428,536,647,694,4997346
2019,3,11350640,상계2동,2432,1114,1318,5,347,447,617,620,396,2,131,248,284,263,186,3,216,199,333,357,210,629194
2019,3,11350665,상계3.4동,2834,1917,917,6,190,286,615,1016,721,3,60,125,371,758,600,3,130,161,244,258,121,5751720
2019,3,11350670,상계5동,1672,907,765,4,130,210,317,386,625,1,54,126,157,178,391,3,76,84,160,208,234,473604
2019,3,11350695,상계6.7동,6455,2838,3617,8,832,1559,1675,1634,747,3,193,579,722,892,449,5,639,980,953,742,298,1434043
2019,3,11350700,상계8동,883,407,476,1,84,186,247,247,118,1,31,90,88,125,72,0,53,96,159,122,46,668937
2019,3,11350710,상계9동,2489,1553,936,3,270,592,657,714,253,3,148,379,370,461,192,0,122,213,287,253,61,833448
2019,3,11350720,상계10동,1200,518,682,0,180,229,314,309,168,0,62,94,123,137,102,0,118,135,191,172,66,802642
2019,3,11380510,녹번동,5323,2927,2396,14,567,1233,1398,1403,708,7,259,643,710,839,469,7,308,590,688,564,239,1923020
2019,3,11380520,불광1동,3314,1544,1770,4,359,891,909,727,424,2,131,389,454,348,220,2,228,502,455,379,204,2948578
2019,3,11380530,불광2동,3729,1700,2029,2,331,556,664,788,1388,2,116,268,263,308,743,0,215,288,401,480,645,1756596
2019,3,11380551,갈현1동,2360,1159,1201,12,365,486,571,560,366,5,131,229,261,292,241,7,234,257,310,268,125,909869
2019,3,11380552,갈현2동,3350,1508,1842,13,322,589,908,962,556,11,143,275,365,390,324,2,179,314,543,572,232,1018512
2019,3,11380560,구산동,4973,2614,2359,11,604,960,1052,1473,873,1,243,444,525,901,500,10,361,516,527,572,373,1316383
2019,3,11380570,대조동,2982,1373,1609,3,362,654,873,683,407,2,132,296,384,294,265,1,230,358,489,389,142,867572
2019,3,11380580,응암1동,2802,1628,1174,8,271,438,670,668,747,5,122,222,376,355,548,3,149,216,294,313,199,1126418
2019,3,11380590,응암2동,1095,633,462,1,126,153,248,326,241,1,57,74,131,174,196,0,69,79,117,152,45,554079
2019,3,11380600,응암3동,2575,1147,1428,2,294,483,633,657,506,1,141,219,236,269,281,1,153,264,397,388,225,933101
2019,3,11380625,역촌동,4620,2328,2292,10,733,919,1122,1060,776,4,279,434,573,523,515,6,454,485,549,537,261,1138805
2019,3,11380631,신사1동,2607,1446,1161,3,265,581,653,613,492,3,109,316,365,309,344,0,156,265,288,304,148,823498
2019,3,11380632,신사2동,2275,1455,820,6,309,497,549,513,401,4,165,315,316,320,335,2,144,182,233,193,66,1050676
2019,3,11380640,증산동,3324,2055,1269,3,510,802,816,772,421,2,267,522,538,445,281,1,243,280,278,327,140,929526
2019,3,11380650,수색동,2055,1212,843,12,229,499,518,500,297,12,128,305,282,270,215,0,101,194,236,230,82,1169504
2019,3,11380690,진관동,3410,1625,1785,4,373,775,972,869,417,2,160,439,442,353,229,2,213,336,530,516,188,12836383
2019,3,11410520,천연동,1853,1001,852,2,150,310,496,634,261,2,47,141,274,369,168,0,103,169,222,265,93,866603
2019,3,11410555,북아현동,1720,1236,484,0,177,405,501,494,143,0,84,305,385,375,87,0,93,100,116,119,56,461555
2019,3,11410565,충현동,13824,8649,5175,21,1758,3738,3635,3155,1517,13,844,2223,2347,2116,1106,8,914,1515,1288,1039,411,1139343
2019,3,11410585,신촌동,5059,2610,2449,15,727,1292,1256,1148,621,4,256,553,656,720,421,11,471,739,600,428,200,2504686
2019,3,11410615,연희동,14742,9698,5044,38,1760,3539,3344,4214,1847,30,950,2215,2103,3072,1328,8,810,1324,1241,1142,519,2965760
2019,3,11410620,홍제1동,2122,1129,993,5,258,396,524,651,288,2,80,192,290,368,197,3,178,204,234,283,91,1492096
2019,3,11410640,홍제3동,1369,604,765,1,159,221,339,428,221,1,54,93,146,181,129,0,105,128,193,247,92,1093373
2019,3,11410655,홍제2동,910,423,487,1,128,171,233,222,155,1,50,99,104,91,78,0,78,72,129,131,77,705399
2019,3,11410660,홍은1동,2234,974,1260,0,152,227,346,402,1107,0,60,123,170,160,461,0,92,104,176,242,646,1538023
2019,3,11410685,홍은2동,5179,3148,2031,8,653,1216,1272,1268,762,6,286,708,770,827,551,2,367,508,502,441,211,2049745
2019,3,11410690,남가좌1동,3962,2370,1592,5,274,480,689,986,1528,3,177,327,428,517,918,2,97,153,261,469,610,484765
2019,3,11410700,남가좌2동,4101,1881,2220,31,1848,946,600,492,184,13,695,497,281,268,127,18,1153,449,319,224,57,787125
2019,3,11410710,북가좌1동,3170,2670,500,0,66,179,235,484,2206,0,26,123,136,343,2042,0,40,56,99,141,164,562752
2019,3,11410720,북가좌2동,2920,1595,1325,6,324,625,697,761,507,3,111,316,388,449,328,3,213,309,309,312,179,806705
2019,3,11440555,아현동,21909,13027,8882,67,3904,6802,6315,3921,900,21,1488,3770,4125,2956,667,46,2416,3032,2190,965,233,870645
2019,3,11440565,공덕동,9196,6229,2967,13,1571,2498,2406,2115,593,7,891,1597,1597,1726,411,6,680,901,809,389,182,891209
2019,3,11440585,도화동,11817,7213,4604,16,1876,2707,2695,2919,1604,5,1006,1740,1780,1581,1101,11,870,967,915,1338,503,863516
2019,3,11440590,용강동,17027,10428,6599,17,2220,4107,3864,3903,2916,9,1152,2636,2791,2124,1716,8,1068,1471,1073,1779,1200,910388
2019,3,11440600,대흥동,3472,1838,1634,28,623,819,768,755,479,14,222,394,423,458,327,14,401,425,345,297,152,854083
2019,3,11440610,염리동,22624,12648,9976,80,3154,4520,4314,8393,2163,32,936,1965,1956,6116,1643,48,2218,2555,2358,2277,520,549601
2019,3,11440630,신수동,5266,3083,2183,16,612,1493,1407,1220,518,14,254,749,814,846,406,2,358,744,593,374,112,914314
2019,3,11440655,서강동,7760,4929,2831,43,1730,2096,1655,1322,914,21,880,1388,1110,860,670,22,850,708,545,462,244,1890596
2019,3,11440660,서교동,29199,15033,14166,122,5502,7961,6688,4646,4280,77,2092,4186,3971,2459,2248,45,3410,3775,2717,2187,2032,1641475
2019,3,11440680,합정동,6375,3612,2763,16,1092,1871,1558,1124,714,13,424,954,975,744,502,3,668,917,583,380,212,1792621
2019,3,11440690,망원1동,3386,1869,1517,8,877,966,732,513,290,3,494,544,362,295,171,5,383,422,370,218,119,1111518
2019,3,11440700,망원2동,2311,1338,973,4,333,514,635,493,332,3,130,292,376,299,238,1,203,222,259,194,94,1209563
2019,3,11440710,연남동,3228,1908,1320,6,486,861,782,686,407,3,195,467,469,453,321,3,291,394,313,233,86,641653
2019,3,11440720,성산1동,10202,7081,3121,55,1148,1997,2270,2786,1946,40,555,1360,1638,2000,1488,15,593,637,632,786,458,855779
2019,3,11440730,성산2동,3297,1637,1660,3,292,575,862,1004,561,3,125,289,429,459,332,0,167,286,433,545,229,1990923
2019,3,11440740,상암동,16702,10428,6274,42,3945,5884,4140,1889,802,20,1687,3772,2976,1363,610,22,2258,2112,1164,526,192,7646126
2019,3,11470510,목1동,24428,17154,7274,45,3555,7800,6534,4600,1894,22,1709,5608,5032,3505,1278,23,1846,2192,1502,1095,616,1572490
2019,3,11470520,목2동,5438,2924,2514,3,752,1440,1421,1181,641,2,332,749,777,649,415,1,420,691,644,532,226,1021500
2019,3,11470530,목3동,2574,1416,1158,6,388,599,650,580,351,4,170,341,347,322,232,2,218,258,303,258,119,533074
2019,3,11470540,목4동,3520,2121,1399,6,413,760,981,889,471,3,187,445,591,556,339,3,226,315,390,333,132,578170
2019,3,11470550,목5동,32497,19240,13257,120,5214,8485,8284,6763,3631,63,2371,4994,5058,4189,2565,57,2843,3491,3226,2574,1066,2055129
2019,3,11470560,신월1동,2543,1539,1004,7,235,411,630,819,441,4,139,254,331,492,319,3,96,157,299,327,122,625887
2019,3,11470570,신월2동,3014,1826,1188,12,291,514,794,750,653,9,155,298,414,429,521,3,136,216,380,321,132,608140
2019,3,11470580,신월3동,1608,1000,608,6,152,275,360,465,350,5,68,135,202,302,288,1,84,140,158,163,62,932122
2019,3,11470590,신월4동,1749,1168,581,1,131,232,411,525,449,1,79,142,227,339,380,0,52,90,184,186,69,470224
2019,3,11470600,신월5동,1887,1063,824,12,218,445,486,503,223,9,125,247,278,262,142,3,93,198,208,241,81,523363
2019,3,11470610,신월6동,1180,681,499,1,124,225,252,324,254,0,48,106,136,193,198,1,76,119,116,131,56,437027
2019,3,11470611,신월7동,3647,2160,1487,3,273,411,624,1035,1301,2,150,247,359,626,776,1,123,164,265,409,525,1403954
2019,3,11470620,신정1동,13062,7770,5292,40,2137,3558,3578,2600,1149,31,891,2211,2267,1572,798,9,1246,1347,1311,1028,351,722680
2019,3,11470630,신정2동,7748,4662,3086,25,1040,2129,2160,1748,646,16,512,1344,1341,985,464,9,528,785,819,763,182,594999
2019,3,11470640,신정3동,7772,5319,2453,5,743,1598,1941,1507,1978,2,419,1024,1282,915,1677,3,324,574,659,592,301,2650845
2019,3,11470650,신정4동,6789,3454,3335,15,1249,1501,1498,1431,1095,13,434,782,804,736,685,2,815,719,694,695,410,996406
2019,3,11470670,신정6동,20562,12331,8231,86,3458,5796,4949,4272,2001,67,1630,3505,2968,2679,1482,19,1828,2291,1981,1593,519,972556
2019,3,11470680,신정7동,6559,4447,2112,12,695,1479,1802,1590,981,5,352,972,1211,1094,813,7,343,507,591,496,168,1144112
2019,3,11500510,염창동,13686,9212,4474,36,1829,3182,3362,2872,2405,25,939,1988,2206,1972,2082,11,890,1194,1156,900,323,1957926
2019,3,11500520,등촌1동,8448,5208,3240,20,1705,2249,1900,1445,1129,11,651,1434,1324,982,806,9,1054,815,576,463,323,649434
2019,3,11500530,등촌2동,4908,2871,2037,4,569,1018,1191,1263,863,2,247,549,728,794,551,2,322,469,463,469,312,908847
2019,3,11500535,등촌3동,15034,8230,6804,42,1822,3296,3323,3827,2724,24,853,1923,2058,1767,1605,18,969,1373,1265,2060,1119,1049363
2019,3,11500540,화곡1동,5269,2973,2296,16,552,1068,1322,1421,890,15,282,590,725,845,516,1,270,478,597,576,374,1194778
2019,3,11500550,화곡2동,1530,901,629,3,165,391,429,368,174,1,96,243,250,198,113,2,69,148,179,170,61,456061
2019,3,11500560,화곡3동,5642,3436,2206,11,644,1288,1421,1352,926,6,342,861,832,753,642,5,302,427,589,599,284,515596
2019,3,11500570,화곡4동,2723,1194,1529,3,615,729,592,496,288,1,124,323,283,267,196,2,491,406,309,229,92,853460
2019,3,11500590,화곡본동,3064,1708,1356,14,356,622,746,739,587,10,141,349,424,373,411,4,215,273,322,366,176,1007050
2019,3,11500591,화곡6동,12767,8221,4546,20,1512,3406,3262,2960,1607,7,761,2251,2156,1905,1141,13,751,1155,1106,1055,466,1034624
2019,3,11500593,화곡8동,2707,1596,1111,3,313,752,756,561,322,2,166,436,417,340,235,1,147,316,339,221,87,567208
2019,3,11500603,가양1동,5891,4064,1827,5,649,1408,1512,1346,971,1,308,924,1037,982,812,4,341,484,475,364,159,5908521
2019,3,11500604,가양2동,3111,1685,1426,8,402,780,791,693,437,5,176,433,450,361,260,3,226,347,341,332,177,996881
2019,3,11500605,가양3동,3834,2374,1460,12,589,833,998,757,645,9,374,555,653,451,332,3,215,278,345,306,313,691403
2019,3,11500611,발산1동,3308,1930,1378,3,264,474,872,1085,610,1,104,240,442,650,493,2,160,234,430,435,117,3032326
2019,3,11500615,우장산동,6792,3558,3234,17,1711,1596,1397,1245,826,9,571,861,827,731,559,8,1140,735,570,514,267,1268459
2019,3,11500620,공항동,33434,17874,15560,10,5345,11241,9370,6390,1078,4,1191,4641,5514,5592,932,6,4154,6600,3856,798,146,11377979
2019,3,11500630,방화1동,8317,6072,2245,12,1040,1956,1975,2211,1123,3,565,1451,1551,1772,730,9,475,505,424,439,393,1125789
2019,3,11500640,방화2동,3435,2170,1265,8,391,740,804,807,685,5,221,447,513,489,495,3,170,293,291,318,190,5564098
2019,3,11500641,방화3동,5253,3415,1838,6,509,1094,1303,1441,900,4,290,609,798,1001,713,2,219,485,505,440,187,1964100
2019,3,11530510,신도림동,13394,8751,4643,39,2063,4309,3297,2366,1320,17,889,2929,2338,1572,1006,22,1174,1380,959,794,314,1312211
2019,3,11530520,구로1동,5339,3216,2123,14,638,1408,1269,1044,966,9,319,915,885,658,430,5,319,493,384,386,536,1004193
2019,3,11530530,구로2동,14768,9205,5563,37,1740,3437,3733,3597,2224,22,835,2028,2271,2442,1607,15,905,1409,1462,1155,617,1807452
2019,3,11530540,구로3동,55824,35933,19891,187,11294,19480,14364,6798,3701,117,5500,12810,10072,4565,2869,70,5794,6670,4292,2233,832,1033159
2019,3,11530550,구로4동,2320,1143,1177,6,224,403,651,630,406,3,94,203,298,295,250,3,130,200,353,335,156,538215
2019,3,11530560,구로5동,16305,10938,5367,37,2084,4102,4158,3445,2479,26,1287,3026,2979,2117,1503,11,797,1076,1179,1328,976,1075552
2019,3,11530595,가리봉동,1027,511,516,1,99,186,239,218,284,0,42,84,118,99,168,1,57,102,121,119,116,415751
2019,3,11530720,고척1동,7547,5315,2232,11,638,1588,2004,2284,1022,10,328,1048,1390,1711,828,1,310,540,614,573,194,1100132
2019,3,11530730,고척2동,3210,2019,1191,11,344,704,807,898,446,8,190,452,496,524,349,3,154,252,311,374,97,1013917
2019,3,11530740,개봉1동,5000,2949,2051,8,435,971,1161,1337,1088,6,212,530,607,767,827,2,223,441,554,570,261,1168155
2019,3,11530750,개봉2동,7897,3940,3957,25,1315,1952,1851,1878,876,15,737,1215,852,653,468,10,578,737,999,1225,408,825368
2019,3,11530760,개봉3동,2085,1188,897,7,271,475,520,457,355,7,131,267,277,254,252,0,140,208,243,203,103,831642
2019,3,11530770,오류1동,3769,2279,1490,13,427,691,966,1199,473,7,265,428,599,666,314,6,162,263,367,533,159,707130
2019,3,11530780,오류2동,4719,2855,1864,2,452,989,1314,1167,795,0,182,557,767,735,614,2,270,432,547,432,181,4314692
2019,3,11530790,수궁동,4385,2850,1535,22,441,881,1076,1207,758,22,252,529,660,806,581,0,189,352,416,401,177,2684146
2019,3,11545510,가산동,96686,62108,34578,954,21714,29465,23153,13256,8144,484,11237,19508,16561,8617,5701,470,10477,9957,6592,4639,2443,2245346
2019,3,11545610,독산1동,13554,8519,5035,41,1147,2097,2513,2909,4847,37,662,1324,1570,1712,3214,4,485,773,943,1197,1633,1956086
2019,3,11545620,독산2동,2436,1609,827,1,228,380,466,569,792,0,126,181,238,352,712,1,102,199,228,217,80,596742
2019,3,11545630,독산3동,4261,3026,1235,5,340,665,720,796,1735,1,186,386,385,462,1606,4,154,279,335,334,129,982894
2019,3,11545640,독산4동,1908,1266,642,5,299,471,486,366,281,4,178,327,342,225,190,1,121,144,144,141,91,605029
2019,3,11545670,시흥1동,7551,3952,3599,13,1232,1912,1676,1732,986,7,566,956,818,962,643,6,666,956,858,770,343,1437595
2019,3,11545680,시흥2동,3553,2039,1514,6,324,669,899,1087,568,4,174,344,498,636,383,2,150,325,401,451,185,1170211
2019,3,11545690,시흥3동,8552,5165,3387,12,619,1281,2011,2280,2349,6,313,842,1180,1294,1530,6,306,439,831,986,819,1328458
2019,3,11545700,시흥4동,1695,1010,685,12,260,360,487,391,185,10,154,242,288,183,133,2,106,118,199,208,52,873884
2019,3,11545710,시흥5동,1833,1087,746,27,268,413,449,384,292,20,143,273,253,192,206,7,125,140,196,192,86,1368598
2019,3,11560515,영등포본동,4268,2608,1660,25,700,911,1018,895,719,9,310,558,651,546,534,16,390,353,367,349,185,843586
2019,3,11560535,영등포동,13724,7905,5819,50,2351,3458,3391,2627,1847,15,823,1961,2169,1670,1267,35,1528,1497,1222,957,580,1390482
2019,3,11560540,여의동,202668,134974,67694,349,33533,72430,54207,31349,10800,105,16066,48986,39136,23489,7192,244,17467,23444,15071,7860,3608,6703511
2019,3,11560550,당산1동,15777,9432,6345,42,2396,4149,3515,3316,2359,25,1049,2302,2173,2251,1632,17,1347,1847,1342,1065,727,746447
2019,3,11560560,당산2동,15189,10091,5098,44,1824,3361,3992,3724,2244,15,890,2213,2788,2515,1670,29,934,1148,1204,1209,574,1526636
2019,3,11560585,도림동,2188,1518,670,5,308,381,459,469,566,5,180,259,307,326,441,0,128,122,152,143,125,539427
2019,3,11560605,문래동,77844,56196,21648,108,12117,26144,23968,12269,3238,45,6583,19349,19521,8297,2401,63,5534,6795,4447,3972,837,1738475
2019,3,11560610,양평1동,14816,8661,6155,38,2755,3339,3197,3068,2419,18,1458,2148,1917,1548,1572,20,1297,1191,1280,1520,847,869573
2019,3,11560620,양평2동,15830,9057,6773,40,2715,4409,4337,2738,1591,19,1162,2704,2464,1568,1140,21,1553,1705,1873,1170,451,2573400
2019,3,11560630,신길1동,4085,1883,2202,4,820,1159,865,702,535,0,250,615,440,323,255,4,570,544,425,379,280,762886
2019,3,11560650,신길3동,1425,937,488,0,99,241,295,362,428,0,42,150,188,236,321,0,57,91,107,126,107,510335
2019,3,11560660,신길4동,1395,699,696,1,191,341,345,341,176,0,71,175,183,167,103,1,120,166,162,174,73,298738
2019,3,11560670,신길5동,1452,713,739,1,156,310,451,357,177,0,76,145,165,184,143,1,80,165,286,173,34,498387
2019,3,11560680,신길6동,2736,1631,1105,11,241,568,719,666,531,7,107,348,403,394,372,4,134,220,316,272,159,676005
2019,3,11560690,신길7동,3030,2066,964,4,311,546,678,865,626,3,195,373,449,555,491,1,116,173,229,310,135,599547
2019,3,11560700,대림1동,2423,959,1464,0,686,589,508,415,225,0,140,214,235,213,157,0,546,375,273,202,68,493503
2019,3,11560710,대림2동,3774,1936,1838,10,843,1066,912,575,368,2,359,615,405,304,251,8,484,451,507,271,117,574495
2019,3,11560720,대림3동,11228,5941,5287,32,1072,2003,2682,3026,2413,16,631,1281,1457,1272,1284,16,441,722,1225,1754,1129,933892
2019,3,11590510,노량진1동,6632,3986,2646,16,849,1466,1678,1687,936,9,475,907,1057,966,572,7,374,559,621,721,364,1876800
2019,3,11590520,노량진2동,4245,2051,2194,11,489,1244,1072,921,508,4,197,494,464,561,331,7,292,750,608,360,177,619921
2019,3,11590530,상도1동,5202,2671,2531,5,863,1322,1236,1107,669,3,327,710,715,537,379,2,536,612,521,570,290,1492421
2019,3,11590540,상도2동,1449,752,697,5,190,327,387,344,196,0,76,183,209,169,115,5,114,144,178,175,81,771971
2019,3,11590550,상도3동,1505,806,699,0,130,310,368,369,328,0,63,186,217,174,166,0,67,124,151,195,162,662403
2019,3,11590560,상도4동,2336,1475,861,3,286,547,621,645,234,2,134,338,382,456,163,1,152,209,239,189,71,947172
2019,3,11590605,흑석동,1530,906,624,1,198,322,402,333,274,1,101,198,232,189,185,0,97,124,170,144,89,2062251
2019,3,11590620,사당1동,4647,2604,2043,6,732,1128,1265,858,658,3,249,550,742,535,525,3,483,578,523,323,133,630335
2019,3,11590630,사당2동,2674,1333,1341,11,437,689,748,510,279,6,167,349,382,258,171,5,270,340,366,252,108,3064442
2019,3,11590640,사당3동,14525,5434,9091,0,3616,4574,3494,2099,742,0,738,1542,1300,1288,566,0,2878,3032,2194,811,176,898029
2019,3,11590650,사당4동,1508,786,722,1,165,248,326,268,500,0,72,117,154,118,325,1,93,131,172,150,175,431219
2019,3,11590651,사당5동,1888,1159,729,1,237,498,473,396,283,1,134,310,271,225,218,0,103,188,202,171,65,658780
2019,3,11590660,대방동,11319,7475,3844,25,1856,3092,2695,2498,1153,11,984,2086,1892,1839,663,14,872,1006,803,659,490,1591876
2019,3,11590670,신대방1동,8132,5752,2380,28,1412,2630,2065,1307,690,17,856,1907,1571,916,485,11,556,723,494,391,205,685547
2019,3,11590680,신대방2동,20920,13439,7481,30,3776,4565,3944,4672,3933,15,2819,3516,2559,2432,2098,15,957,1049,1385,2240,1835,1024271
2019,3,11620525,보라매동,1930,1001,929,6,205,429,497,477,316,5,82,228,272,214,200,1,123,201,225,263,116,758003
2019,3,11620545,청림동,2579,1466,1113,7,343,768,877,426,158,6,141,439,516,250,114,1,202,329,361,176,44,305629
2019,3,11620565,성현동,6240,2153,4087,27,819,947,1307,2059,1081,21,393,538,526,443,232,6,426,409,781,1616,849,695625
2019,3,11620575,행운동,3817,2117,1700,13,481,952,941,853,577,6,219,549,512,437,394,7,262,403,429,416,183,739229
2019,3,11620585,낙성대동,9604,5122,4482,12,1540,3140,2174,1525,1213,3,680,1506,1155,876,902,9,860,1634,1019,649,311,2341406
2019,3,11620595,청룡동,7004,3832,3172,12,1001,2019,1689,1557,726,4,370,1037,923,1023,475,8,631,982,766,534,251,1186204
2019,3,11620605,은천동,7171,3034,4137,8,1151,1671,1508,1675,1158,1,284,684,735,713,617,7,867,987,773,962,541,738181
2019,3,11620615,중앙동,1340,674,666,4,164,252,336,308,276,3,57,125,184,169,136,1,107,127,152,139,140,385136
2019,3,11620625,인헌동,3372,1888,1484,5,466,792,876,650,583,4,222,459,482,319,402,1,244,333,394,331,181,709688
2019,3,11620630,남현동,4664,3146,1518,5,726,1166,1241,923,603,3,397,801,883,631,431,2,329,365,358,292,172,4218667
2019,3,11620645,서원동,2569,1157,1412,6,579,595,496,473,420,2,200,255,249,185,266,4,379,340,247,288,154,642690
2019,3,11620655,신원동,878,489,389,6,99,185,215,232,141,5,51,94,128,137,74,1,48,91,87,95,67,549115
2019,3,11620665,서림동,1745,1061,684,2,178,305,448,425,387,2,79,160,252,280,288,0,99,145,196,145,99,981577
2019,3,11620685,신사동,4451,2848,1603,4,642,1135,1284,920,466,3,285,761,929,593,277,1,357,374,355,327,189,609167
2019,3,11620695,신림동,2234,1274,960,4,275,366,494,452,643,1,97,200,261,250,465,3,178,166,233,202,178,507666
2019,3,11620715,난향동,1936,939,997,1,442,489,402,297,305,0,120,242,186,143,248,1,322,247,216,154,57,786985
2019,3,11620725,조원동,3214,2075,1139,3,373,816,829,749,444,0,190,545,553,482,305,3,183,271,276,267,139,652569
2019,3,11620735,대학동,2885,1948,937,1,420,792,809,549,314,0,233,504,591,389,231,1,187,288,218,160,83,8107585
2019,3,11620745,삼성동,1886,1099,787,6,204,394,497,506,279,2,102,219,284,281,211,4,102,175,213,225,68,2591742
2019,3,11620765,미성동,4154,2392,1762,26,416,799,959,1067,887,23,234,471,540,543,581,3,182,328,419,524,306,1355300
2019,3,11620775,난곡동,1615,899,716,1,176,318,378,463,279,1,68,162,190,271,207,0,108,156,188,192,72,982294
2019,3,11650510,서초1동,31794,18508,13286,79,6261,9579,7698,5355,2822,24,2607,5764,5155,3162,1796,55,3654,3815,2543,2193,1026,1383210
2019,3,11650520,서초2동,70276,47129,23147,124,12612,23672,18952,11187,3729,64,6719,16188,13269,8293,2596,60,5893,7484,5683,2894,1133,1229759
2019,3,11650530,서초3동,70799,41954,28845,160,11474,21511,18201,12925,6528,81,4672,12509,11679,8447,4566,79,6802,9002,6522,4478,1962,3027494
2019,3,11650531,서초4동,35577,20209,15368,101,6702,10780,8651,6398,2945,49,2529,6076,5527,3927,2101,52,4173,4704,3124,2471,844,882770
2019,3,11650540,잠원동,19981,12329,7652,61,3369,6510,5228,3181,1632,32,1449,4068,3608,2060,1112,29,1920,2442,1620,1121,520,1840832
2019,3,11650550,반포본동,21332,10780,10552,50,3826,6672,5970,3746,1068,33,1279,3453,3124,2146,745,17,2547,3219,2846,1600,323,1491264
2019,3,11650560,반포1동,7914,4706,3208,11,1367,2652,1926,1311,647,6,564,1661,1239,767,469,5,803,991,687,544,178,1000549
2019,3,11650570,반포2동,10467,6457,4010,16,1577,3274,2764,1824,1012,8,677,2074,1852,1131,715,8,900,1200,912,693,297,1258050
2019,3,11650580,반포3동,9082,5371,3711,12,1361,2388,2068,1772,1481,6,635,1536,1438,1044,712,6,726,852,630,728,769,1325140
2019,3,11650581,반포4동,30278,21096,9182,68,3346,7811,8753,7186,3114,32,1591,5085,6641,5532,2215,36,1755,2726,2112,1654,899,1416005
2019,3,11650590,방배본동,24426,12839,11587,68,4548,6574,6671,4602,1963,36,1506,3474,3812,2770,1241,32,3042,3100,2859,1832,722,660469
2019,3,11650600,방배1동,15865,11351,4514,63,2907,4531,3896,3157,1311,41,1572,3118,3048,2607,965,22,1335,1413,848,550,346,691215
2019,3,11650610,방배2동,17887,8849,9038,26,3030,4644,4949,3435,1803,11,1053,2121,2319,2036,1309,15,1977,2523,2630,1399,494,1901725
2019,3,11650620,방배3동,17796,11576,6220,31,2582,5271,4902,3060,1950,15,1265,3243,3465,2107,1481,16,1317,2028,1437,953,469,2411856
2019,3,11650621,방배4동,20636,12781,7855,51,3306,5707,4924,3984,2664,24,1408,3275,3368,2746,1960,27,1898,2432,1556,1238,704,954529
2019,3,11650651,양재1동,38513,23863,14650,287,9030,11096,8569,5579,3952,136,4092,7167,6122,3629,2717,151,4938,3929,2447,1950,1235,5711370
2019,3,11650652,양재2동,105408,89511,15897,85,10841,22877,28122,37973,5510,48,8016,18747,23789,34484,4427,37,2825,4130,4333,3489,1083,7516954
2019,3,11650660,내곡동,5722,3480,2242,38,1056,1811,1278,971,568,30,635,1085,743,596,391,8,421,726,535,375,177,13190710
2019,3,11680510,신사동,32035,18953,13082,62,6309,9838,8318,5017,2491,26,2425,5883,5473,3334,1812,36,3884,3955,2845,1683,679,1736994
2019,3,11680521,논현1동,46558,25847,20711,152,12548,14331,9700,6041,3786,74,4711,8000,6474,3902,2686,78,7837,6331,3226,2139,1100,1254345
2019,3,11680531,논현2동,56782,35738,21044,118,10655,16710,13511,9340,6448,47,4360,9819,9467,7045,5000,71,6295,6891,4044,2295,1448,1445565
2019,3,11680545,압구정동,62369,40352,22017,358,11554,19826,15410,10693,4528,141,4635,13015,11482,8156,2923,217,6919,6811,3928,2537,1605,2520945
2019,3,11680565,청담동,82706,47514,35192,227,16852,25590,20951,14933,4153,79,5944,13589,13952,11009,2941,148,10908,12001,6999,3924,1212,2384707
2019,3,11680580,삼성1동,128192,86151,42041,186,23508,42259,33177,20247,8815,94,11791,28210,25024,15349,5683,92,11717,14049,8153,4898,3132,1926134
2019,3,11680590,삼성2동,50507,26684,23823,124,11788,15136,11201,7612,4646,55,4700,8600,6640,3667,3022,69,7088,6536,4561,3945,1624,1247821
2019,3,11680600,대치1동,27322,17079,10243,33,3926,9100,7376,4679,2208,15,1660,5446,4862,3432,1664,18,2266,3654,2514,1247,544,795761
2019,3,11680610,대치2동,96134,58192,37942,268,16471,26790,23274,17735,11596,135,7636,16939,15981,10741,6760,133,8835,9851,7293,6994,4836,2043875
2019,3,11680630,대치4동,36064,22115,13949,120,5714,10974,9851,6035,3370,19,2302,6527,6810,4293,2164,101,3412,4447,3041,1742,1206,717795
2019,3,11680640,역삼1동,183132,107762,75370,326,32469,56440,47108,33657,13132,127,16110,35821,30867,17178,7659,199,16359,20619,16241,16479,5473,2360116
2019,3,11680650,역삼2동,63309,38467,24842,186,11593,19984,17304,10613,3629,79,5238,12449,12233,6055,2413,107,6355,7535,5071,4558,1216,1127531
2019,3,11680655,도곡1동,62064,45802,16262,156,10220,14129,18286,16470,2803,103,6054,9668,13862,13830,2285,53,4166,4461,4424,2640,518,1022697
2019,3,11680656,도곡2동,200585,136316,64269,469,37109,78669,57540,22141,4657,219,19408,53626,44088,15857,3118,250,17701,25043,13452,6284,1539,1025651
2019,3,11680660,개포1동,14570,9194,5376,94,2060,3594,3680,3303,1839,37,1130,2165,2465,2122,1275,57,930,1429,1215,1181,564,973078
2019,3,11680670,개포2동,11561,7533,4028,39,1867,3585,3007,1845,1218,16,798,2286,2274,1265,894,23,1069,1299,733,580,324,2371826
2019,3,11680690,개포4동,10258,7070,3188,23,1319,2508,2767,2382,1259,14,640,1617,1990,1800,1009,9,679,891,777,582,250,1561449
2019,3,11680700,세곡동,1650,999,651,10,168,307,355,432,378,6,91,185,217,262,238,4,77,122,138,170,140,5894759
2019,3,11680720,일원본동,38755,21448,17307,95,9420,11698,9747,6384,1411,38,3235,6257,6296,4656,966,57,6185,5441,3451,1728,445,2381558
2019,3,11680730,일원1동,2605,1494,1111,2,317,492,608,606,580,1,172,280,345,346,350,1,145,212,263,260,230,947888
2019,3,11680740,일원2동,7000,4321,2679,18,792,1839,1933,1720,698,7,352,1101,1311,1153,397,11,440,738,622,567,301,1043911
2019,3,11680750,수서동,20917,12015,8902,26,2664,5781,5957,4027,2462,16,1271,3420,3510,2270,1528,10,1393,2361,2447,1757,934,1648393
2019,3,11710510,풍납1동,1779,987,792,1,235,394,447,472,230,1,117,213,233,238,185,0,118,181,214,234,45,1057487
2019,3,11710520,풍납2동,5586,3075,2511,7,786,1420,1427,1265,681,3,341,798,812,655,466,4,445,622,615,610,215,1999222
2019,3,11710531,거여1동,4545,3119,1426,17,1156,1302,1085,627,358,14,689,901,806,448,261,3,467,401,279,179,97,512307
2019,3,11710532,거여2동,2966,1666,1300,10,334,564,730,780,548,5,193,346,392,384,346,5,141,218,338,396,202,510046
2019,3,11710540,마천1동,1047,567,480,0,97,169,280,311,190,0,44,82,140,156,145,0,53,87,140,155,45,504704
2019,3,11710550,마천2동,2691,1622,1069,1,263,598,724,705,400,1,148,375,417,395,286,0,115,223,307,310,114,936181
2019,3,11710561,방이1동,9756,6489,3267,20,1201,1987,2522,2356,1670,10,441,1142,1669,1836,1391,10,760,845,853,520,279,581968
2019,3,11710562,방이2동,20642,13148,7494,33,3581,6063,4810,3740,2415,22,2043,4041,3341,2232,1469,11,1538,2022,1469,1508,946,763928
2019,3,11710566,오륜동,27044,15007,12037,40,4236,8307,7119,5307,2035,20,1556,4088,4385,3424,1534,20,2680,4219,2734,1883,501,3150411
2019,3,11710570,오금동,27133,17439,9694,43,3698,6981,7614,6414,2383,27,1838,4301,4987,4541,1745,16,1860,2680,2627,1873,638,1691111
2019,3,11710580,송파1동,14081,8126,5955,58,2929,3567,3300,2623,1604,24,1196,2108,2239,1463,1096,34,1733,1459,1061,1160,508,683881
2019,3,11710590,송파2동,13573,8842,4731,60,2078,3420,3716,3193,1106,48,978,2159,2779,2094,784,12,1100,1261,937,1099,322,636016
2019,3,11710600,석촌동,10774,7171,3603,18,1416,2804,2494,2100,1942,11,760,1989,1705,1291,1415,7,656,815,789,809,527,943819
2019,3,11710610,삼전동,7184,4712,2472,7,695,1393,1588,1593,1908,4,310,865,1011,966,1556,3,385,528,577,627,352,992437
2019,3,11710620,가락본동,29104,18430,10674,79,3258,6499,6567,5575,7126,36,1699,4282,4432,3287,4694,43,1559,2217,2135,2288,2432,1024764
2019,3,11710631,가락1동,5812,4029,1783,2,359,1066,1597,1675,1113,1,236,814,1178,1086,714,1,123,252,419,589,399,1357317
2019,3,11710632,가락2동,9018,5667,3351,46,1496,2052,2099,1919,1406,22,836,1361,1351,1087,1010,24,660,691,748,832,396,934057
2019,3,11710641,문정1동,32492,24977,7515,11,2494,5703,9674,12853,1757,4,1262,3915,7439,11108,1249,7,1232,1788,2235,1745,508,604321
2019,3,11710642,문정2동,40535,30792,9743,103,7741,13760,9695,6704,2532,53,5139,10591,7757,5301,1951,50,2602,3169,1938,1403,581,2387651
2019,3,11710646,장지동,7336,5150,2186,8,575,952,1709,2111,1981,1,304,631,1171,1529,1514,7,271,321,538,582,467,1295680
2019,3,11710647,위례동,1470,1419,51,0,6,86,399,777,202,0,6,83,391,747,192,0,0,3,8,30,10,2626871
2019,3,11710650,잠실본동,9918,5984,3934,31,1372,2088,2406,1907,2114,11,624,1195,1453,1150,1551,20,748,893,953,757,563,1136161
2019,3,11710670,잠실2동,7776,4877,2899,12,1569,2294,2036,1424,441,8,836,1489,1324,967,253,4,733,805,712,457,188,2886358
2019,3,11710680,잠실3동,19965,13130,6835,46,4848,5416,4485,3286,1884,12,2713,3641,3227,2261,1276,34,2135,1775,1258,1025,608,1506573
2019,3,11710690,잠실4동,9638,7697,1941,10,1184,2981,2840,2143,480,8,842,2435,2321,1724,367,2,342,546,519,419,113,838370
2019,3,11710710,잠실6동,58921,30648,28273,99,10268,15809,16515,14389,1841,34,4837,9573,9054,5832,1318,65,5431,6236,7461,8557,523,1403041
2019,3,11710720,잠실7동,7013,4358,2655,19,1343,1855,1746,1429,621,12,529,1178,1177,982,480,7,814,677,569,447,141,675008
2019,3,11740515,강일동,1630,1121,509,0,197,302,491,415,225,0,115,210,335,287,174,0,82,92,156,128,51,3722759
2019,3,11740520,상일동,3078,1705,1373,2,343,648,845,847,393,2,128,367,539,416,253,0,215,281,306,431,140,1801282
2019,3,11740530,명일1동,2576,1251,1325,7,281,449,592,619,628,6,125,256,294,273,297,1,156,193,298,346,331,630284
2019,3,11740540,명일2동,2018,1210,808,12,220,430,418,547,391,5,97,260,242,314,292,7,123,170,176,233,99,920946
2019,3,11740550,고덕1동,1958,1091,867,0,250,531,528,477,172,0,120,312,287,264,108,0,130,219,241,213,64,1906565
2019,3,11740560,고덕2동,2057,1403,654,0,110,237,388,729,593,0,33,117,243,519,491,0,77,120,145,210,102,2408099
2019,3,11740570,암사1동,4289,2659,1630,7,559,945,932,864,982,4,268,595,596,606,590,3,291,350,336,258,392,738366
2019,3,11740580,암사2동,2425,919,1506,4,186,389,621,818,407,4,69,175,260,223,188,0,117,214,361,595,219,2337773
2019,3,11740590,암사3동,3214,2040,1174,3,321,518,605,862,905,2,168,317,353,548,652,1,153,201,252,314,253,1843902
2019,3,11740600,천호1동,3165,1737,1428,5,298,562,733,770,797,1,111,290,374,409,552,4,187,272,359,361,245,669571
2019,3,11740610,천호2동,5023,2507,2516,7,850,1245,1225,949,747,2,279,617,625,495,489,5,571,628,600,454,258,1828343
2019,3,11740620,천호3동,3865,2457,1408,5,329,694,775,691,1371,3,172,457,498,413,914,2,157,237,277,278,457,569450
2019,3,11740640,성내1동,14338,9052,5286,45,1647,3441,3580,3634,1991,15,759,2017,2243,2560,1458,30,888,1424,1337,1074,533,658437
2019,3,11740650,성내2동,8648,4786,3862,80,2052,2454,2640,940,482,3,899,1262,1684,625,313,77,1153,1192,956,315,169,624632
2019,3,11740660,성내3동,4660,2722,1938,14,629,1148,1190,930,749,10,304,696,732,513,467,4,325,452,458,417,282,641973
2019,3,11740685,길동,9675,4880,4795,19,1328,1892,2230,2277,1929,10,466,983,1162,1019,1240,9,862,909,1068,1258,689,1590598
2019,3,11740690,둔촌1동,1505,851,654,3,181,361,356,392,212,3,83,211,210,198,146,0,98,150,146,194,66,897261
2019,3,11740700,둔촌2동,8575,4549,4026,4,1130,2314,2694,1610,823,2,379,1251,1412,998,507,2,751,1063,1282,612,316,1592001
2019,4,11110515,청운효자동,10599,6822,3777,64,1923,3056,2946,1868,742,7,840,1920,2194,1349,512,57,1083,1136,752,519,230,2429899
2019,4,11110530,사직동,47644,29862,17782,54,6289,13458,14357,9444,4042,14,2631,8297,9837,6598,2485,40,3658,5161,4520,2846,1557,1161995
2019,4,11110540,삼청동,5857,4746,1111,3,726,1549,1816,1379,384,0,460,1187,1542,1228,329,3,266,362,274,151,55,1391632
2019,4,11110550,부암동,4115,2286,1829,8,695,1179,1099,798,336,3,287,651,630,483,232,5,408,528,469,315,104,2221363
2019,4,11110560,평창동,23179,12994,10185,45,2878,6197,7579,5016,1464,18,1373,3171,4476,3013,943,27,1505,3026,3103,2003,521,8346900
2019,4,11110570,무악동,608,169,439,7,168,169,147,80,37,6,35,32,47,26,23,1,133,137,100,54,14,453220
2019,4,11110580,교남동,1054,573,481,3,120,303,288,205,135,1,41,130,160,137,104,2,79,173,128,68,31,355267
2019,4,11110600,가회동,11733,8734,2999,7,1263,4028,3520,2203,712,6,655,2966,2751,1812,544,1,608,1062,769,391,168,565302
2019,4,11110615,종로1.2.3.4가동,97454,53688,43766,1427,19757,29600,26670,15289,4711,620,8610,14863,15621,10764,3210,807,11147,14737,11049,4525,1501,2430999
2019,4,11110630,종로5.6가동,15586,9736,5850,407,3611,4483,3824,2368,893,114,1498,2890,2796,1818,620,293,2113,1593,1028,550,273,599631
2019,4,11110640,이화동,4320,2233,2087,13,799,1250,969,716,573,6,257,580,533,450,407,7,542,670,436,266,166,747067
2019,4,11110650,혜화동,7583,3906,3677,30,1099,1842,1968,1690,954,22,380,887,1092,962,563,8,719,955,876,728,391,1161303
2019,4,11110670,창신1동,1307,566,741,1,117,231,397,315,246,0,47,88,128,140,163,1,70,143,269,175,83,297271
2019,4,11110680,창신2동,344,116,228,0,22,40,89,116,77,0,4,11,32,39,30,0,18,29,57,77,47,257188
2019,4,11110690,창신3동,300,142,158,1,38,80,74,78,29,0,14,34,35,41,18,1,24,46,39,37,11,216230
2019,4,11110700,숭인1동,460,210,250,1,87,99,102,101,70,0,16,42,51,53,48,1,71,57,51,48,22,236777
2019,4,11110710,숭인2동,1942,998,944,9,288,341,456,464,384,5,89,162,255,278,209,4,199,179,201,186,175,359384
2019,4,11140520,소공동,77621,41235,36386,404,22462,24512,17089,10256,2898,116,7299,12197,12188,7499,1936,288,15163,12315,4901,2757,962,918284
2019,4,11140540,회현동,58707,36279,22428,199,10994,20697,16048,8525,2244,68,5132,12355,10455,6703,1566,131,5862,8342,5593,1822,678,909465
2019,4,11140550,명동,72842,42181,30661,107,11893,24543,19765,12940,3594,41,4759,12660,12746,9546,2429,66,7134,11883,7019,3394,1165,993909
2019,4,11140570,필동,17326,8138,9188,41,2496,4382,5347,3778,1282,16,842,2168,2509,1776,827,25,1654,2214,2838,2002,455,1458582
2019,4,11140580,장충동,10399,5498,4901,51,2383,2853,2690,1978,444,13,839,1601,1603,1139,303,38,1544,1252,1087,839,141,1013897
2019,4,11140590,광희동,42563,21211,21352,438,12212,11223,8738,6741,3211,189,5938,6528,5063,2291,1202,249,6274,4695,3675,4450,2009,745387
2019,4,11140605,을지로동,15876,8638,7238,70,3840,3857,3445,2740,1924,17,1004,2126,2236,1904,1351,53,2836,1731,1209,836,573,612013
2019,4,11140615,신당동,3199,1726,1473,33,894,680,608,585,399,13,401,354,314,373,271,20,493,326,294,212,128,536647
2019,4,11140625,다산동,6567,4125,2442,12,1165,2090,1574,1149,577,3,481,1432,1099,702,408,9,684,658,475,447,169,532721
2019,4,11140635,약수동,17658,6830,10828,51,2837,6596,4891,2424,859,11,862,2322,1622,1389,624,40,1975,4274,3269,1035,235,509395
2019,4,11140645,청구동,3104,1714,1390,6,455,830,727,664,422,3,157,432,465,413,244,3,298,398,262,251,178,345114
2019,4,11140650,신당5동,888,481,407,5,105,180,211,194,193,5,47,80,109,105,135,0,58,100,102,89,58,310367
2019,4,11140665,동화동,1515,690,825,2,239,367,399,321,187,1,62,130,194,177,126,1,177,237,205,144,61,330049
2019,4,11140670,황학동,1714,1102,612,1,271,455,422,342,223,1,157,285,265,225,169,0,114,170,157,117,54,327694
2019,4,11140680,중림동,4348,2429,1919,3,913,1392,1134,599,307,2,420,754,630,399,224,1,493,638,504,200,83,487576
2019,4,11170510,후암동,2324,1371,953,9,361,509,641,516,288,7,137,304,418,306,199,2,224,205,223,210,89,868399
2019,4,11170520,용산2가동,1797,1267,530,0,151,298,628,604,116,0,59,164,490,473,81,0,92,134,138,131,35,2047347
2019,4,11170530,남영동,19806,8350,11456,186,7630,4738,3864,2594,794,21,1419,2647,2276,1392,595,165,6211,2091,1588,1202,199,735947
2019,4,11170555,청파동,6199,3155,3044,15,1161,1691,1313,1125,894,9,352,717,729,683,665,6,809,974,584,442,229,867676
2019,4,11170560,원효로1동,4597,3132,1465,20,705,1238,1205,843,586,11,419,888,836,575,403,9,286,350,369,268,183,589294
2019,4,11170570,원효로2동,4689,3358,1331,18,748,1416,1292,749,466,8,427,1010,992,554,367,10,321,406,300,195,99,915567
2019,4,11170580,효창동,1650,938,712,3,218,413,465,364,187,2,103,244,278,184,127,1,115,169,187,180,60,470670
2019,4,11170590,용문동,2704,1564,1140,11,527,731,738,502,195,7,221,429,436,337,134,4,306,302,302,165,61,289284
2019,4,11170625,한강로동,46798,23081,23717,183,9588,14660,13381,6834,2152,87,3903,6856,6645,4163,1427,96,5685,7804,6736,2671,725,3358956
2019,4,11170630,이촌1동,10866,6950,3916,53,1764,2919,3039,2219,872,34,876,1798,2142,1493,607,19,888,1121,897,726,265,2143668
2019,4,11170640,이촌2동,2906,1976,930,8,411,803,858,630,196,3,184,508,647,491,143,5,227,295,211,139,53,1191110
2019,4,11170650,이태원1동,13032,5710,7322,26,3821,5020,2527,1241,397,14,981,2109,1399,905,302,12,2840,2911,1128,336,95,579369
2019,4,11170660,이태원2동,1256,695,561,5,212,404,318,197,120,2,96,223,170,109,95,3,116,181,148,88,25,879018
2019,4,11170685,한남동,41936,30663,11273,135,6886,12388,11001,9626,1900,89,3268,8250,8924,8617,1515,46,3618,4138,2077,1009,385,3198883
2019,4,11170690,서빙고동,14760,9641,5119,37,2594,4320,4488,2356,965,15,1239,2528,3277,1861,721,22,1355,1792,1211,495,244,2198117
2019,4,11170700,보광동,1059,532,527,1,137,225,268,258,170,1,26,109,139,145,112,0,111,116,129,113,58,890496
2019,4,11200520,왕십리2동,1271,739,532,2,178,325,371,275,120,2,86,170,224,171,86,0,92,155,147,104,34,385254
2019,4,11200535,왕십리도선동,5949,2726,3223,23,982,1143,1247,1456,1098,4,341,631,669,614,467,19,641,512,578,842,631,718816
2019,4,11200540,마장동,7683,5451,2232,32,651,1345,1769,2510,1376,28,387,920,1288,1803,1025,4,264,425,481,707,351,1082999
2019,4,11200550,사근동,2650,1837,813,2,159,472,841,788,388,2,59,297,569,596,314,0,100,175,272,192,74,1182945
2019,4,11200560,행당1동,2319,1568,751,1,295,484,585,660,294,0,147,301,407,501,212,1,148,183,178,159,82,552563
2019,4,11200570,행당2동,268,104,164,0,31,57,76,66,38,0,14,23,24,16,27,0,17,34,52,50,11,457197
2019,4,11200580,응봉동,1688,695,993,12,400,449,373,285,169,2,89,156,175,146,127,10,311,293,198,139,42,547736
2019,4,11200590,금호1가동,2304,858,1446,15,272,750,937,260,70,0,88,248,371,102,49,15,184,502,566,158,21,441318
2019,4,11200615,금호2.3가동,697,365,332,0,81,125,162,160,169,0,19,50,81,89,126,0,62,75,81,71,43,638261
2019,4,11200620,금호4가동,1325,788,537,1,151,308,364,321,180,1,56,159,235,201,136,0,95,149,129,120,44,935263
2019,4,11200645,옥수동,4797,1850,2947,5,1224,1430,1087,720,331,0,306,528,505,337,174,5,918,902,582,383,157,1239152
2019,4,11200650,성수1가1동,3598,2239,1359,3,455,758,804,958,620,1,209,469,512,643,405,2,246,289,292,315,215,2248463
2019,4,11200660,성수1가2동,6253,4303,1950,24,1005,1267,1316,1341,1300,15,597,847,852,960,1032,9,408,420,464,381,268,984783
2019,4,11200670,성수2가1동,10042,6355,3687,107,2280,2880,2284,1625,866,57,1033,1862,1557,1147,699,50,1247,1018,727,478,167,1126355
2019,4,11200690,성수2가3동,23863,15312,8551,83,3917,6067,5966,4768,3062,63,2176,4061,4011,2880,2121,20,1741,2006,1955,1888,941,1050781
2019,4,11200720,송정동,1247,754,493,1,181,290,313,250,212,0,88,178,172,148,168,1,93,112,141,102,44,584812
2019,4,11200790,용답동,4708,2845,1863,30,1172,1311,961,753,481,2,511,843,633,476,380,28,661,468,328,277,101,2379362
2019,4,11215710,화양동,2657,1683,974,9,345,425,649,775,454,4,131,230,425,533,360,5,214,195,224,242,94,1124376
2019,4,11215730,군자동,2363,1289,1074,5,295,494,527,536,506,2,119,258,304,283,323,3,176,236,223,253,183,733236
2019,4,11215740,중곡1동,5496,2668,2828,82,1416,1044,1099,1287,568,28,605,563,545,517,410,54,811,481,554,770,158,602769
2019,4,11215750,중곡2동,2814,1604,1210,4,390,568,717,661,474,1,239,330,379,348,307,3,151,238,338,313,167,544807
2019,4,11215760,중곡3동,1489,932,557,4,181,361,396,333,214,0,97,252,232,209,142,4,84,109,164,124,72,600824
2019,4,11215770,중곡4동,5044,2482,2562,6,871,1221,1285,1169,492,4,254,568,628,634,394,2,617,653,657,535,98,2295463
2019,4,11215780,능동,2288,1405,883,7,330,533,589,459,370,3,160,314,371,276,281,4,170,219,218,183,89,1094134
2019,4,11215810,광장동,16633,10092,6541,181,5160,4368,3223,2556,1145,56,2475,2824,2177,1712,848,125,2685,1544,1046,844,297,2889609
2019,4,11215820,자양1동,12360,9726,2634,5,844,1746,3349,5029,1387,5,378,1117,2682,4367,1177,0,466,629,667,662,210,621606
2019,4,11215830,자양2동,5005,3083,1922,20,716,1123,1284,1268,594,12,473,710,764,692,432,8,243,413,520,576,162,1630926
2019,4,11215840,자양3동,3267,2282,985,10,377,720,882,876,402,7,226,459,629,642,319,3,151,261,253,234,83,1145609
2019,4,11215847,자양4동,1255,857,398,4,130,321,324,257,219,1,72,241,217,160,166,3,58,80,107,97,53,1148618
2019,4,11215850,구의1동,3628,2155,1473,9,515,899,1000,818,387,8,269,519,553,530,276,1,246,380,447,288,111,553095
2019,4,11215860,구의2동,4204,2612,1592,56,598,727,1055,1126,642,24,306,400,689,739,454,32,292,327,366,387,188,1363952
2019,4,11215870,구의3동,12940,7885,5055,27,1521,2728,3129,3229,2306,8,873,1900,2126,1661,1317,19,648,828,1003,1568,989,1453971
2019,4,11230536,용신동,23899,12377,11522,56,2872,5303,5905,5893,3870,28,1358,3033,3112,2709,2137,28,1514,2270,2793,3184,1733,1590771
2019,4,11230545,제기동,5479,3268,2211,10,735,1334,1323,1152,925,3,312,789,843,680,641,7,423,545,480,472,284,1184853
2019,4,11230560,전농1동,1514,938,576,1,176,267,395,411,264,0,109,167,260,255,147,1,67,100,135,156,117,1140490
2019,4,11230570,전농2동,4013,2089,1924,4,468,848,1061,1068,564,1,193,397,571,552,375,3,275,451,490,516,189,983768
2019,4,11230600,답십리1동,7913,4423,3490,29,1384,1820,2096,1861,723,23,1021,1330,939,613,497,6,363,490,1157,1248,226,838156
2019,4,11230610,답십리2동,2658,1686,972,13,231,434,627,675,678,9,113,266,398,427,473,4,118,168,229,248,205,814945
2019,4,11230650,장안1동,10768,6778,3990,34,1470,2114,2327,2359,2464,26,880,1351,1448,1427,1646,8,590,763,879,932,818,1360347
2019,4,11230660,장안2동,6304,3377,2927,46,1936,1218,1256,1163,685,27,1005,698,580,567,500,19,931,520,676,596,185,1119438
2019,4,11230705,청량리동,4909,2614,2295,7,873,1407,941,916,765,5,334,799,527,516,433,2,539,608,414,400,332,1197287
2019,4,11230710,회기동,784,371,413,1,93,180,195,178,137,1,28,71,89,84,98,0,65,109,106,94,39,829432
2019,4,11230720,휘경1동,1541,916,625,6,170,299,389,393,284,1,69,170,247,271,158,5,101,129,142,122,126,519932
2019,4,11230730,휘경2동,4402,2273,2129,7,589,968,1138,1052,648,4,174,461,596,562,476,3,415,507,542,490,172,1207585
2019,4,11230740,이문1동,3956,1765,2191,2,764,1016,1046,758,370,2,153,385,514,448,263,0,611,631,532,310,107,986690
2019,4,11230750,이문2동,2210,1168,1042,2,268,474,498,560,408,1,93,229,233,307,305,1,175,245,265,253,103,698476
2019,4,11260520,면목2동,1492,821,671,4,152,249,327,436,324,2,51,112,171,247,238,2,101,137,156,189,86,743106
2019,4,11260540,면목4동,1624,1162,462,2,121,264,432,588,217,1,55,160,292,481,173,1,66,104,140,107,44,821882
2019,4,11260550,면목5동,1080,728,352,1,105,184,287,266,237,1,67,138,140,175,207,0,38,46,147,91,30,591696
2019,4,11260565,면목본동,1764,942,822,1,239,402,450,411,261,0,88,202,232,232,188,1,151,200,218,179,73,840931
2019,4,11260570,면목7동,1410,772,638,2,173,268,338,383,246,2,59,120,177,222,192,0,114,148,161,161,54,1202721
2019,4,11260575,면목3.8동,3459,2159,1300,7,341,614,876,936,685,2,118,323,518,673,525,5,223,291,358,263,160,1591050
2019,4,11260580,상봉1동,2494,1712,782,14,302,440,512,653,573,11,192,268,288,449,504,3,110,172,224,204,69,917193
2019,4,11260590,상봉2동,5328,3673,1655,17,631,1376,1754,1205,345,13,369,964,1173,877,277,4,262,412,581,328,68,658991
2019,4,11260600,중화1동,1960,1037,923,0,232,422,498,463,345,0,88,173,242,258,276,0,144,249,256,205,69,637209
2019,4,11260610,중화2동,1532,868,664,9,181,236,386,343,377,7,89,111,195,197,269,2,92,125,191,146,108,960402
2019,4,11260620,묵1동,2604,1240,1364,4,285,604,740,629,342,1,102,281,337,286,233,3,183,323,403,343,109,1184393
2019,4,11260630,묵2동,2062,1388,674,1,299,504,494,556,208,1,171,341,326,406,143,0,128,163,168,150,65,682005
2019,4,11260655,망우본동,3426,1795,1631,14,378,625,767,1024,618,1,129,240,362,566,497,13,249,385,405,458,121,3074745
2019,4,11260660,망우3동,1076,573,503,1,96,157,257,314,251,1,35,66,120,172,179,0,61,91,137,142,72,967313
2019,4,11260680,신내1동,4236,2022,2214,1,751,927,776,1110,671,1,204,389,373,545,510,0,547,538,403,565,161,2361684
2019,4,11260690,신내2동,3776,2095,1681,8,503,948,927,926,464,5,209,446,476,601,358,3,294,502,451,325,106,939758
2019,4,11290525,성북동,21687,17006,4681,40,2803,5282,6268,6458,836,10,1571,3741,5133,5944,607,30,1232,1541,1135,514,229,3067396
2019,4,11290555,삼선동,8489,4281,4208,12,989,2081,2548,1994,865,7,386,982,1255,1161,490,5,603,1099,1293,833,375,1177823
2019,4,11290575,동선동,13453,8030,5423,71,2016,3140,4103,2542,1581,29,921,1822,2692,1806,760,42,1095,1318,1411,736,821,729672
2019,4,11290580,돈암1동,2327,1066,1261,9,677,705,483,320,133,0,162,352,256,181,115,9,515,353,227,139,18,461503
2019,4,11290590,돈암2동,786,307,479,0,124,193,185,166,118,0,27,76,66,66,72,0,97,117,119,100,46,414465
2019,4,11290600,안암동,4701,3040,1661,8,655,1208,1300,1017,513,3,333,749,834,719,402,5,322,459,466,298,111,1295307
2019,4,11290610,보문동,6952,5271,1681,6,667,2047,1463,1460,1309,2,365,1644,1172,1170,918,4,302,403,291,290,391,551172
2019,4,11290620,정릉1동,1510,775,735,6,194,258,363,415,274,1,63,99,171,223,218,5,131,159,192,192,56,475568
2019,4,11290630,정릉2동,1767,779,988,0,288,422,477,380,200,0,74,181,190,185,149,0,214,241,287,195,51,1165255
2019,4,11290640,정릉3동,2435,1644,791,15,383,693,589,440,315,14,207,493,414,314,202,1,176,200,175,126,113,3182234
2019,4,11290650,정릉4동,2397,1466,931,2,201,361,582,760,491,0,64,181,369,511,341,2,137,180,213,249,150,3714207
2019,4,11290660,길음1동,5971,2941,3030,419,2166,1494,952,573,367,176,935,788,480,280,282,243,1231,706,472,293,85,753885
2019,4,11290685,길음2동,403,194,209,3,43,82,121,92,62,2,18,39,64,41,30,1,25,43,57,51,32,423663
2019,4,11290705,종암동,22143,11637,10506,63,1867,5587,7808,6320,498,13,799,2044,3568,4917,296,50,1068,3543,4240,1403,202,1494677
2019,4,11290715,월곡1동,2913,1690,1223,4,241,394,599,661,1014,4,93,182,301,389,721,0,148,212,298,272,293,974658
2019,4,11290725,월곡2동,4825,3059,1766,6,757,1363,1166,854,679,1,379,896,712,512,559,5,378,467,454,342,120,1330228
2019,4,11290760,장위1동,1324,690,634,2,238,278,309,277,220,1,110,154,156,135,134,1,128,124,153,142,86,714821
2019,4,11290770,장위2동,1746,1050,696,3,158,292,415,420,458,2,57,144,233,260,354,1,101,148,182,160,104,682224
2019,4,11290780,장위3동,1195,728,467,6,175,228,252,297,237,2,65,121,143,188,209,4,110,107,109,109,28,663549
2019,4,11290810,석관동,3732,2418,1314,15,344,584,700,754,1335,8,170,353,396,466,1025,7,174,231,304,288,310,1773773
2019,4,11305534,삼양동,1087,628,459,5,145,205,255,257,220,3,60,98,133,160,174,2,85,107,122,97,46,959451
2019,4,11305535,미아동,1852,1039,813,2,199,342,519,500,290,2,86,168,289,302,192,0,113,174,230,198,98,835492
2019,4,11305545,송중동,2249,1126,1123,13,239,363,636,577,421,11,98,158,279,282,298,2,141,205,357,295,123,1085065
2019,4,11305555,송천동,1900,953,947,3,145,324,405,482,541,2,42,149,190,273,297,1,103,175,215,209,244,928301
2019,4,11305575,삼각산동,1296,708,588,1,227,343,406,210,109,0,93,192,227,105,91,1,134,151,179,105,18,603256
2019,4,11305590,번1동,2555,1499,1056,2,322,516,510,657,548,0,139,316,307,420,317,2,183,200,203,237,231,619363
2019,4,11305600,번2동,1378,655,723,1,201,205,357,390,224,0,85,107,157,187,119,1,116,98,200,203,105,992960
2019,4,11305606,번3동,1263,689,574,11,130,211,308,355,248,7,51,100,168,196,167,4,79,111,140,159,81,1075371
2019,4,11305610,수유1동,1920,874,1046,2,205,347,488,555,323,0,58,142,208,241,225,2,147,205,280,314,98,1748455
2019,4,11305620,수유2동,2234,1188,1046,1,106,172,424,659,872,0,30,90,268,448,352,1,76,82,156,211,520,593685
2019,4,11305630,수유3동,3373,1716,1657,10,366,813,867,875,442,8,144,349,403,534,278,2,222,464,464,341,164,725084
2019,4,11305645,우이동,2843,1746,1097,4,171,263,394,670,1341,3,51,126,214,460,892,1,120,137,180,210,449,10680138
2019,4,11305660,인수동,4296,2497,1799,5,441,856,1098,1223,673,3,164,453,662,728,487,2,277,403,436,495,186,2869695
2019,4,11320511,창1동,1790,815,975,6,246,361,472,484,221,3,96,141,213,228,134,3,150,220,259,256,87,1104916
2019,4,11320512,창2동,2466,1391,1075,11,299,549,665,571,371,10,137,321,363,293,267,1,162,228,302,278,104,654615
2019,4,11320513,창3동,775,403,372,1,82,159,233,192,108,0,23,87,136,93,64,1,59,72,97,99,44,635079
2019,4,11320514,창4동,2748,1715,1033,2,290,528,680,746,502,1,128,279,400,499,408,1,162,249,280,247,94,1155759
2019,4,11320515,창5동,7090,4488,2602,9,817,1585,1749,1494,1436,7,427,1088,1176,819,971,2,390,497,573,675,465,676820
2019,4,11320521,도봉1동,2162,1429,733,1,104,246,486,761,564,1,26,129,286,544,443,0,78,117,200,217,121,8547209
2019,4,11320522,도봉2동,2128,1350,778,1,113,274,364,537,839,0,39,137,202,352,620,1,74,137,162,185,219,1204332
2019,4,11320660,쌍문1동,1769,844,925,0,216,280,472,488,313,0,56,101,185,251,251,0,160,179,287,237,62,1177010
2019,4,11320670,쌍문2동,1469,825,644,1,171,253,341,415,288,0,53,115,179,260,218,1,118,138,162,155,70,539384
2019,4,11320680,쌍문3동,2022,963,1059,4,437,452,474,472,183,3,113,208,246,266,127,1,324,244,228,206,56,504867
2019,4,11320681,쌍문4동,1365,711,654,0,144,324,378,347,172,0,43,156,192,184,136,0,101,168,186,163,36,543784
2019,4,11320690,방학1동,6582,3804,2778,14,664,1442,1618,1954,890,11,355,839,836,1104,659,3,309,603,782,850,231,1041785
2019,4,11320700,방학2동,1017,474,543,0,95,205,247,208,262,0,40,102,115,103,114,0,55,103,132,105,148,1102018
2019,4,11320710,방학3동,3005,1804,1201,10,510,688,696,694,407,9,324,395,438,336,302,1,186,293,258,358,105,1856777
2019,4,11350560,월계1동,2944,1588,1356,13,437,682,771,582,459,5,201,406,393,299,284,8,236,276,378,283,175,1218934
2019,4,11350570,월계2동,1268,617,651,8,146,281,342,348,143,6,54,111,154,182,110,2,92,170,188,166,33,1991095
2019,4,11350580,월계3동,1336,679,657,1,159,239,341,396,200,1,62,126,151,207,132,0,97,113,190,189,68,1133881
2019,4,11350595,공릉1동,6301,3404,2897,8,659,982,1376,1729,1547,4,299,541,682,893,985,4,360,441,694,836,562,1217193
2019,4,11350600,공릉2동,7078,3252,3826,29,1186,1746,1707,1652,758,3,368,800,796,808,477,26,818,946,911,844,281,7207339
2019,4,11350611,하계1동,4631,2934,1697,10,541,947,1177,1316,640,7,252,547,704,929,495,3,289,400,473,387,145,1467562
2019,4,11350612,하계2동,1414,910,504,2,145,263,384,465,155,0,82,161,240,294,133,2,63,102,144,171,22,513857
2019,4,11350619,중계본동,1798,881,917,8,209,368,445,499,269,6,100,188,195,227,165,2,109,180,250,272,104,2094464
2019,4,11350621,중계1동,2169,1191,978,4,284,476,650,541,214,3,119,259,345,297,168,1,165,217,305,244,46,624508
2019,4,11350624,중계4동,2064,1128,936,12,201,421,483,539,408,7,75,203,253,283,307,5,126,218,230,256,101,1540528
2019,4,11350625,중계2.3동,2225,1256,969,5,288,582,570,571,209,4,170,349,294,305,134,1,118,233,276,266,75,912217
2019,4,11350630,상계1동,5569,3527,2042,23,644,1148,1345,1414,995,18,369,775,875,881,609,5,275,373,470,533,386,4997346
2019,4,11350640,상계2동,2484,1209,1275,6,342,425,617,634,460,3,127,236,291,302,250,3,215,189,326,332,210,629194
2019,4,11350665,상계3.4동,2544,1732,812,3,165,260,597,910,609,0,56,122,368,685,501,3,109,138,229,225,108,5751720
2019,4,11350670,상계5동,1660,818,842,3,106,178,280,408,685,2,49,105,127,172,363,1,57,73,153,236,322,473604
2019,4,11350695,상계6.7동,6346,2810,3536,19,890,1498,1624,1611,704,11,233,564,725,883,394,8,657,934,899,728,310,1434043
2019,4,11350700,상계8동,1180,616,564,3,167,344,290,263,113,1,59,215,121,143,77,2,108,129,169,120,36,668937
2019,4,11350710,상계9동,2626,1662,964,2,339,658,654,741,232,2,184,418,385,493,180,0,155,240,269,248,52,833448
2019,4,11350720,상계10동,1064,449,615,0,164,226,285,302,87,0,35,95,112,144,63,0,129,131,173,158,24,802642
2019,4,11380510,녹번동,5199,2759,2440,14,602,1221,1380,1375,607,9,291,593,665,805,396,5,311,628,715,570,211,1923020
2019,4,11380520,불광1동,2998,1338,1660,2,357,739,805,719,376,1,132,326,366,325,188,1,225,413,439,394,188,2948578
2019,4,11380530,불광2동,3761,1779,1982,6,360,553,652,772,1418,2,129,273,265,316,794,4,231,280,387,456,624,1756596
2019,4,11380551,갈현1동,2607,1348,1259,11,445,605,620,564,362,7,183,321,312,288,237,4,262,284,308,276,125,909869
2019,4,11380552,갈현2동,3915,2012,1903,9,404,778,1023,1035,666,7,187,434,483,463,438,2,217,344,540,572,228,1018512
2019,4,11380560,구산동,4226,2257,1969,11,528,792,926,1316,653,1,201,351,441,827,436,10,327,441,485,489,217,1316383
2019,4,11380570,대조동,2617,1284,1333,5,323,553,704,596,436,4,119,269,331,267,294,1,204,284,373,329,142,867572
2019,4,11380580,응암1동,2895,1605,1290,7,306,489,680,669,744,5,141,230,355,339,535,2,165,259,325,330,209,1126418
2019,4,11380590,응암2동,886,578,308,1,121,110,187,246,221,1,70,59,114,150,184,0,51,51,73,96,37,554079
2019,4,11380600,응암3동,2405,1185,1220,1,258,552,669,597,328,0,98,277,312,280,218,1,160,275,357,317,110,933101
2019,4,11380625,역촌동,4796,2305,2491,13,788,971,1236,1098,690,3,286,444,580,528,464,10,502,527,656,570,226,1138805
2019,4,11380631,신사1동,2475,1318,1157,2,267,513,566,607,520,0,108,252,308,291,359,2,159,261,258,316,161,823498
2019,4,11380632,신사2동,1918,1332,586,5,228,379,473,475,358,5,169,255,279,313,311,0,59,124,194,162,47,1050676
2019,4,11380640,증산동,2901,1876,1025,2,366,760,794,654,325,2,169,509,520,431,245,0,197,251,274,223,80,929526
2019,4,11380650,수색동,1713,1083,630,0,229,456,415,337,276,0,114,291,258,213,207,0,115,165,157,124,69,1169504
2019,4,11380690,진관동,3595,1885,1710,4,367,871,969,867,517,2,170,543,543,367,260,2,197,328,426,500,257,12836383
2019,4,11410520,천연동,1823,985,838,2,163,301,468,629,260,2,55,136,264,369,159,0,108,165,204,260,101,866603
2019,4,11410555,북아현동,1845,1353,492,0,191,416,503,517,218,0,82,314,396,401,160,0,109,102,107,116,58,461555
2019,4,11410565,충현동,14174,8784,5390,22,1788,3587,3730,3349,1698,13,845,2173,2366,2194,1193,9,943,1414,1364,1155,505,1139343
2019,4,11410585,신촌동,5046,2648,2398,12,786,1329,1273,1079,567,7,305,582,652,701,401,5,481,747,621,378,166,2504686
2019,4,11410615,연희동,14856,9739,5117,82,2345,3661,3196,4080,1492,43,1297,2440,1997,2924,1038,39,1048,1221,1199,1156,454,2965760
2019,4,11410620,홍제1동,2477,1275,1202,5,265,373,628,847,359,2,77,175,328,475,218,3,188,198,300,372,141,1492096
2019,4,11410640,홍제3동,1201,596,605,4,116,149,247,307,378,1,41,59,115,157,223,3,75,90,132,150,155,1093373
2019,4,11410655,홍제2동,739,379,360,0,113,162,187,163,114,0,40,107,95,79,58,0,73,55,92,84,56,705399
2019,4,11410660,홍은1동,7584,1500,6084,3,262,551,2062,3659,1047,1,98,189,374,439,399,2,164,362,1688,3220,648,1538023
2019,4,11410685,홍은2동,5835,3769,2066,38,926,1570,1420,1250,631,32,524,1029,916,820,448,6,402,541,504,430,183,2049745
2019,4,11410690,남가좌1동,3999,2401,1598,11,278,511,694,993,1512,8,190,341,440,522,900,3,88,170,254,471,612,484765
2019,4,11410700,남가좌2동,1827,954,873,1,209,378,501,501,237,0,75,181,242,286,170,1,134,197,259,215,67,787125
2019,4,11410710,북가좌1동,1735,1356,379,0,49,111,193,343,1039,0,16,52,88,233,967,0,33,59,105,110,72,562752
2019,4,11410720,북가좌2동,3024,1541,1483,8,468,599,661,749,539,4,141,302,365,405,324,4,327,297,296,344,215,806705
2019,4,11440555,아현동,21735,12296,9439,102,4615,6562,6028,3715,713,39,1882,3574,3708,2579,514,63,2733,2988,2320,1136,199,870645
2019,4,11440565,공덕동,4512,2510,2002,5,835,1131,1160,834,547,3,376,615,615,516,385,2,459,516,545,318,162,891209
2019,4,11440585,도화동,13141,7986,5155,24,2416,3200,3302,2929,1270,12,1264,2199,2176,1526,809,12,1152,1001,1126,1403,461,863516
2019,4,11440590,용강동,13156,7855,5301,14,1924,3211,3079,2623,2305,10,946,1922,2058,1523,1396,4,978,1289,1021,1100,909,910388
2019,4,11440600,대흥동,5628,2774,2854,65,2228,1272,827,772,464,22,867,656,452,470,307,43,1361,616,375,302,157,854083
2019,4,11440610,염리동,4625,2905,1720,75,840,1085,992,967,666,27,403,681,687,652,455,48,437,404,305,315,211,549601
2019,4,11440630,신수동,5551,3175,2376,13,666,1532,1540,1361,439,11,247,728,882,966,341,2,419,804,658,395,98,914314
2019,4,11440655,서강동,6283,3927,2356,43,1080,1516,1510,1228,906,27,531,894,993,811,671,16,549,622,517,417,235,1890596
2019,4,11440660,서교동,26929,13772,13157,135,5623,7564,6241,4397,2969,88,2299,3781,3441,2326,1837,47,3324,3783,2800,2071,1132,1641475
2019,4,11440680,합정동,5738,3211,2527,14,955,1644,1487,1049,589,11,379,809,935,673,404,3,576,835,552,376,185,1792621
2019,4,11440690,망원1동,3152,1749,1403,10,855,862,647,466,312,3,496,462,313,275,200,7,359,400,334,191,112,1111518
2019,4,11440700,망원2동,5202,3100,2102,17,652,971,1126,1575,861,10,356,715,787,731,501,7,296,256,339,844,360,1209563
2019,4,11440710,연남동,3217,1976,1241,4,518,761,779,678,477,4,232,413,461,463,403,0,286,348,318,215,74,641653
2019,4,11440720,성산1동,5856,3888,1968,19,756,1228,1340,1139,1374,15,371,762,855,795,1090,4,385,466,485,344,284,855779
2019,4,11440730,성산2동,2757,1239,1518,5,275,511,724,838,404,3,99,251,327,330,229,2,176,260,397,508,175,1990923
2019,4,11440740,상암동,15320,9403,5917,39,3231,5547,4162,1731,610,17,1420,3496,2771,1209,490,22,1811,2051,1391,522,120,7646126
2019,4,11470510,목1동,17427,11303,6124,49,3004,4738,4346,3560,1730,31,1399,3112,3084,2553,1124,18,1605,1626,1262,1007,606,1572490
2019,4,11470520,목2동,5530,3082,2448,4,766,1343,1466,1257,694,3,362,729,810,727,451,1,404,614,656,530,243,1021500
2019,4,11470530,목3동,2504,1376,1128,3,327,551,660,602,361,2,163,320,355,306,230,1,164,231,305,296,131,533074
2019,4,11470540,목4동,2879,1741,1138,7,354,627,828,712,351,4,144,373,493,453,274,3,210,254,335,259,77,578170
2019,4,11470550,목5동,31153,18954,12199,114,5058,8049,7547,6516,3869,55,2331,4850,4764,4269,2685,59,2727,3199,2783,2247,1184,2055129
2019,4,11470560,신월1동,2247,1444,803,6,213,373,517,727,411,3,111,232,314,480,304,3,102,141,203,247,107,625887
2019,4,11470570,신월2동,2996,1737,1259,12,259,472,804,817,632,9,142,279,419,437,451,3,117,193,385,380,181,608140
2019,4,11470580,신월3동,1679,963,716,2,177,310,382,494,314,0,66,132,204,310,251,2,111,178,178,184,63,932122
2019,4,11470590,신월4동,1813,1221,592,1,108,222,423,574,485,1,50,117,246,383,424,0,58,105,177,191,61,470224
2019,4,11470600,신월5동,2190,1209,981,8,278,535,546,550,273,5,127,267,283,322,205,3,151,268,263,228,68,523363
2019,4,11470610,신월6동,1115,652,463,1,118,205,253,306,232,0,45,105,138,173,191,1,73,100,115,133,41,437027
2019,4,11470611,신월7동,4359,2857,1502,4,467,719,896,1036,1237,3,345,547,588,630,744,1,122,172,308,406,493,1403954
2019,4,11470620,신정1동,11529,6746,4783,51,2038,2895,2893,2449,1203,46,852,1802,1740,1423,883,5,1186,1093,1153,1026,320,722680
2019,4,11470630,신정2동,13985,8015,5970,66,2513,4519,3729,2456,702,30,1020,2487,2309,1628,541,36,1493,2032,1420,828,161,594999
2019,4,11470640,신정3동,7062,5001,2061,7,570,1345,1760,1500,1880,1,271,809,1186,1046,1688,6,299,536,574,454,192,2650845
2019,4,11470650,신정4동,7226,3988,3238,16,1221,1286,1376,1506,1821,8,376,629,698,817,1460,8,845,657,678,689,361,996406
2019,4,11470670,신정6동,18155,11030,7125,92,3488,5238,4247,3672,1418,74,1698,3218,2712,2347,981,18,1790,2020,1535,1325,437,972556
2019,4,11470680,신정7동,5753,3432,2321,14,656,1376,1762,1305,640,8,306,770,1070,807,471,6,350,606,692,498,169,1144112
2019,4,11500510,염창동,19659,9116,10543,50,3048,5769,5855,3303,1634,29,1102,2522,2356,1821,1286,21,1946,3247,3499,1482,348,1957926
2019,4,11500520,등촌1동,8609,5163,3446,22,1724,2223,1900,1545,1195,13,636,1404,1311,1008,791,9,1088,819,589,537,404,649434
2019,4,11500530,등촌2동,4992,2944,2048,6,614,985,1193,1272,922,2,259,533,721,804,625,4,355,452,472,468,297,908847
2019,4,11500535,등촌3동,15349,8138,7211,44,1898,3259,3425,3797,2926,22,829,1783,2010,1848,1646,22,1069,1476,1415,1949,1280,1049363
2019,4,11500540,화곡1동,5031,2822,2209,21,535,1016,1247,1402,810,17,249,591,676,789,500,4,286,425,571,613,310,1194778
2019,4,11500550,화곡2동,1532,914,618,6,188,416,397,369,156,3,108,271,238,193,101,3,80,145,159,176,55,456061
2019,4,11500560,화곡3동,5333,3288,2045,10,724,1292,1364,1226,717,7,390,860,825,689,517,3,334,432,539,537,200,515596
2019,4,11500570,화곡4동,2710,1207,1503,3,637,730,552,506,282,2,151,317,267,269,201,1,486,413,285,237,81,853460
2019,4,11500590,화곡본동,2983,1681,1302,13,337,586,716,710,621,11,127,318,406,374,445,2,210,268,310,336,176,1007050
2019,4,11500591,화곡6동,10754,6820,3934,35,1515,2863,2741,2431,1169,9,750,1821,1754,1606,880,26,765,1042,987,825,289,1034624
2019,4,11500593,화곡8동,2037,1114,923,7,298,523,565,373,271,6,135,286,282,223,182,1,163,237,283,150,89,567208
2019,4,11500603,가양1동,5356,3313,2043,4,592,1116,1218,1292,1134,2,249,676,723,832,831,2,343,440,495,460,303,5908521
2019,4,11500604,가양2동,2849,1494,1355,9,375,668,690,678,429,6,175,360,369,336,248,3,200,308,321,342,181,996881
2019,4,11500605,가양3동,3216,2060,1156,13,542,708,898,664,391,7,352,475,573,394,259,6,190,233,325,270,132,691403
2019,4,11500611,발산1동,3230,1862,1368,4,229,472,852,1035,638,2,103,237,408,598,514,2,126,235,444,437,124,3032326
2019,4,11500615,우장산동,6277,3448,2829,6,1358,1416,1329,1316,852,4,515,819,782,778,550,2,843,597,547,538,302,1268459
2019,4,11500620,공항동,33917,17762,16155,10,5687,11138,9255,6585,1242,2,1362,4672,5397,5423,906,8,4325,6466,3858,1162,336,11377979
2019,4,11500630,방화1동,7509,5878,1631,10,796,1574,1834,2159,1136,7,573,1288,1464,1788,758,3,223,286,370,371,378,1125789
2019,4,11500640,방화2동,3365,2178,1187,9,360,644,760,876,716,8,198,388,487,558,539,1,162,256,273,318,177,5564098
2019,4,11500641,방화3동,5011,3236,1775,7,488,1063,1262,1375,816,5,248,561,780,968,674,2,240,502,482,407,142,1964100
2019,4,11530510,신도림동,12983,8524,4459,38,2121,4029,3163,2345,1287,18,885,2748,2278,1619,976,20,1236,1281,885,726,311,1312211
2019,4,11530520,구로1동,4769,2813,1956,5,551,1184,1128,986,915,3,307,754,763,603,383,2,244,430,365,383,532,1004193
2019,4,11530530,구로2동,13991,8590,5401,41,1708,3226,3462,3496,2058,20,801,1907,2072,2290,1500,21,907,1319,1390,1206,558,1807452
2019,4,11530540,구로3동,52394,34315,18079,202,10890,17618,13256,6528,3900,132,5505,11682,9334,4548,3114,70,5385,5936,3922,1980,786,1033159
2019,4,11530550,구로4동,2159,1229,930,5,243,425,532,527,427,3,112,228,294,293,299,2,131,197,238,234,128,538215
2019,4,11530560,구로5동,14392,9095,5297,44,2014,3370,3745,3190,2029,33,1138,2322,2481,1889,1232,11,876,1048,1264,1301,797,1075552
2019,4,11530595,가리봉동,972,454,518,1,95,161,224,209,282,0,42,74,102,83,153,1,53,87,122,126,129,415751
2019,4,11530720,고척1동,7767,5490,2277,7,690,1575,2040,2362,1093,5,361,1045,1423,1771,885,2,329,530,617,591,208,1100132
2019,4,11530730,고척2동,3145,1959,1186,10,356,698,794,843,444,7,220,440,469,486,337,3,136,258,325,357,107,1013917
2019,4,11530740,개봉1동,4842,2807,2035,9,463,1029,1149,1257,935,7,239,570,592,716,683,2,224,459,557,541,252,1168155
2019,4,11530750,개봉2동,7803,3823,3980,37,1394,1884,1832,1851,805,17,791,1192,797,611,415,20,603,692,1035,1240,390,825368
2019,4,11530760,개봉3동,2057,1184,873,5,278,461,520,475,318,5,138,263,285,260,233,0,140,198,235,215,85,831642
2019,4,11530770,오류1동,4296,2720,1576,14,556,800,1050,1234,642,7,393,538,636,709,437,7,163,262,414,525,205,707130
2019,4,11530780,오류2동,4559,2846,1713,6,449,1033,1302,1071,698,2,184,605,799,712,544,4,265,428,503,359,154,4314692
2019,4,11530790,수궁동,3691,2489,1202,23,382,707,841,1029,709,20,234,444,526,700,565,3,148,263,315,329,144,2684146
2019,4,11545510,가산동,84451,55529,28922,300,16641,26228,20890,12369,8023,193,8827,17613,15063,8220,5613,107,7814,8615,5827,4149,2410,2245346
2019,4,11545610,독산1동,12850,8228,4622,40,1027,1759,2150,2804,5070,34,604,1165,1369,1723,3333,6,423,594,781,1081,1737,1956086
2019,4,11545620,독산2동,1789,993,796,1,230,372,417,495,274,0,125,176,207,282,203,1,105,196,210,213,71,596742
2019,4,11545630,독산3동,4188,2958,1230,10,366,639,730,800,1643,2,195,372,390,474,1525,8,171,267,340,326,118,982894
2019,4,11545640,독산4동,1765,991,774,2,225,303,376,416,443,1,128,180,220,205,257,1,97,123,156,211,186,605029
2019,4,11545670,시흥1동,6603,3514,3089,15,918,1583,1566,1650,871,10,423,780,785,932,584,5,495,803,781,718,287,1437595
2019,4,11545680,시흥2동,3435,2024,1411,4,342,681,873,1027,508,3,199,387,492,597,346,1,143,294,381,430,162,1170211
2019,4,11545690,시흥3동,8054,4775,3279,17,600,1184,1864,2095,2294,8,316,771,1081,1141,1458,9,284,413,783,954,836,1328458
2019,4,11545700,시흥4동,1611,968,643,16,253,328,455,389,170,12,152,226,275,181,122,4,101,102,180,208,48,873884
2019,4,11545710,시흥5동,1668,980,688,21,237,388,412,348,262,15,126,252,237,180,170,6,111,136,175,168,92,1368598
2019,4,11560515,영등포본동,5708,3229,2479,36,808,1406,1461,1375,622,15,347,711,835,853,468,21,461,695,626,522,154,843586
2019,4,11560535,영등포동,14423,8129,6294,48,2612,3568,3452,2857,1886,14,973,2001,2182,1712,1247,34,1639,1567,1270,1145,639,1390482
2019,4,11560540,여의동,217817,154569,63248,520,40050,78066,55998,33396,9787,195,22109,55804,43252,26581,6628,325,17941,22262,12746,6815,3159,6703511
2019,4,11560550,당산1동,9078,5438,3640,15,1539,2557,2014,1676,1277,8,613,1428,1263,1168,958,7,926,1129,751,508,319,746447
2019,4,11560560,당산2동,13902,9275,4627,48,2211,3134,3312,3045,2152,22,1134,1958,2289,2222,1650,26,1077,1176,1023,823,502,1526636
2019,4,11560585,도림동,1619,1028,591,12,144,272,393,413,385,10,65,165,247,262,279,2,79,107,146,151,106,539427
2019,4,11560605,문래동,81647,59216,22431,162,12600,26629,25117,12877,4262,62,7033,20252,20512,8694,2663,100,5567,6377,4605,4183,1599,1738475
2019,4,11560610,양평1동,12821,7428,5393,53,2537,2953,2834,2570,1874,22,1298,1886,1691,1321,1210,31,1239,1067,1143,1249,664,869573
2019,4,11560620,양평2동,14774,8451,6323,38,2693,4021,4060,2540,1422,15,1180,2429,2300,1491,1036,23,1513,1592,1760,1049,386,2573400
2019,4,11560630,신길1동,3535,1563,1972,4,633,842,785,696,575,0,202,405,373,294,289,4,431,437,412,402,286,762886
2019,4,11560650,신길3동,1332,863,469,2,100,223,302,327,378,2,41,133,192,209,286,0,59,90,110,118,92,510335
2019,4,11560660,신길4동,1248,617,631,2,211,297,315,295,128,0,75,138,153,159,92,2,136,159,162,136,36,298738
2019,4,11560670,신길5동,1404,679,725,2,140,296,455,347,164,1,69,136,164,177,132,1,71,160,291,170,32,498387
2019,4,11560680,신길6동,2634,1646,988,10,289,619,687,570,459,7,144,384,416,357,338,3,145,235,271,213,121,676005
2019,4,11560690,신길7동,2693,1837,856,6,318,515,610,768,476,4,198,350,406,493,386,2,120,165,204,275,90,599547
2019,4,11560700,대림1동,2425,937,1488,0,785,549,491,412,188,0,166,197,240,208,126,0,619,352,251,204,62,493503
2019,4,11560710,대림2동,4606,2336,2270,27,855,1092,1021,707,904,8,328,577,443,397,583,19,527,515,578,310,321,574495
2019,4,11560720,대림3동,6057,3897,2160,17,635,1258,1552,1442,1153,5,328,877,1105,901,681,12,307,381,447,541,472,933892
2019,4,11590510,노량진1동,5874,3294,2580,18,767,1395,1472,1397,825,12,330,798,897,754,503,6,437,597,575,643,322,1876800
2019,4,11590520,노량진2동,4692,2436,2256,11,746,1363,1136,953,483,3,389,592,528,610,314,8,357,771,608,343,169,619921
2019,4,11590530,상도1동,6189,3568,2621,10,958,1525,1507,1366,823,2,406,854,904,844,558,8,552,671,603,522,265,1492421
2019,4,11590540,상도2동,1728,885,843,6,211,400,457,413,241,0,93,212,243,206,131,6,118,188,214,207,110,771971
2019,4,11590550,상도3동,1371,776,595,1,119,278,361,320,292,1,68,182,212,159,154,0,51,96,149,161,138,662403
2019,4,11590560,상도4동,2530,1503,1027,3,355,559,610,636,367,2,174,328,367,445,187,1,181,231,243,191,180,947172
2019,4,11590605,흑석동,1446,824,622,2,197,319,389,321,218,1,100,177,223,176,147,1,97,142,166,145,71,2062251
2019,4,11590620,사당1동,3916,2054,1862,9,659,963,1044,718,523,4,217,469,523,427,414,5,442,494,521,291,109,630335
2019,4,11590630,사당2동,2674,1472,1202,15,427,777,722,492,241,6,208,472,426,226,134,9,219,305,296,266,107,3064442
2019,4,11590640,사당3동,3596,2099,1497,3,446,802,955,838,552,0,176,433,585,500,405,3,270,369,370,338,147,898029
2019,4,11590650,사당4동,1399,726,673,5,155,229,303,271,436,4,59,115,137,126,285,1,96,114,166,145,151,431219
2019,4,11590651,사당5동,1558,804,754,2,184,367,476,375,154,1,97,173,218,192,123,1,87,194,258,183,31,658780
2019,4,11590660,대방동,11271,7474,3797,22,1880,3051,2637,2515,1166,7,998,2084,1836,1812,737,15,882,967,801,703,429,1591876
2019,4,11590670,신대방1동,7423,4695,2728,24,1424,2372,1723,1183,697,14,724,1528,1189,772,468,10,700,844,534,411,229,685547
2019,4,11590680,신대방2동,22043,14025,8018,54,4029,4598,4128,5148,4086,30,3041,3522,2635,2625,2172,24,988,1076,1493,2523,1914,1024271
2019,4,11620525,보라매동,1826,938,888,8,251,407,422,444,294,3,107,205,217,210,196,5,144,202,205,234,98,758003
2019,4,11620545,청림동,3078,1777,1301,4,466,1001,988,475,144,3,193,550,608,318,105,1,273,451,380,157,39,305629
2019,4,11620565,성현동,7335,2785,4550,55,1046,1290,1680,2205,1059,31,479,676,763,595,241,24,567,614,917,1610,818,695625
2019,4,11620575,행운동,4257,2373,1884,15,636,1035,1002,964,605,8,316,584,534,500,431,7,320,451,468,464,174,739229
2019,4,11620585,낙성대동,10344,5721,4623,20,1677,3541,2220,1585,1301,10,761,1862,1167,922,999,10,916,1679,1053,663,302,2341406
2019,4,11620595,청룡동,6665,3660,3005,8,1087,1894,1590,1510,576,3,433,957,884,988,395,5,654,937,706,522,181,1186204
2019,4,11620605,은천동,4644,2204,2440,12,629,867,980,1276,880,1,210,402,501,575,515,11,419,465,479,701,365,738181
2019,4,11620615,중앙동,1420,666,754,3,174,256,327,381,279,2,71,125,154,182,132,1,103,131,173,199,147,385136
2019,4,11620625,인헌동,3435,1976,1459,13,701,985,867,536,333,5,324,608,515,277,247,8,377,377,352,259,86,709688
2019,4,11620630,남현동,3714,2442,1272,5,617,926,1001,721,444,3,338,621,701,472,307,2,279,305,300,249,137,4218667
2019,4,11620645,서원동,2912,1206,1706,5,563,630,529,646,539,2,143,260,265,235,301,3,420,370,264,411,238,642690
2019,4,11620655,신원동,1011,576,435,5,113,213,247,244,189,3,60,118,146,143,106,2,53,95,101,101,83,549115
2019,4,11620665,서림동,1808,1022,786,8,273,316,451,387,373,2,137,168,241,231,243,6,136,148,210,156,130,981577
2019,4,11620685,신사동,4229,2869,1360,2,676,1204,1225,768,354,2,298,818,952,572,227,0,378,386,273,196,127,609167
2019,4,11620695,신림동,1946,1168,778,4,173,275,462,443,589,1,63,144,255,257,448,3,110,131,207,186,141,507666
2019,4,11620715,난향동,1315,649,666,1,151,289,365,283,226,0,41,132,152,144,180,1,110,157,213,139,46,786985
2019,4,11620725,조원동,3254,2026,1228,7,613,788,789,699,358,2,285,513,503,469,254,5,328,275,286,230,104,652569
2019,4,11620735,대학동,3077,2250,827,3,433,739,863,742,297,1,256,500,673,587,233,2,177,239,190,155,64,8107585
2019,4,11620745,삼성동,1795,991,804,9,195,365,476,476,274,2,83,180,251,260,215,7,112,185,225,216,59,2591742
2019,4,11620765,미성동,3689,2177,1512,28,364,650,866,953,828,22,226,379,483,494,573,6,138,271,383,459,255,1355300
2019,4,11620775,난곡동,1481,807,674,0,165,296,361,425,234,0,68,153,180,237,169,0,97,143,181,188,65,982294
2019,4,11650510,서초1동,47386,26528,20858,101,9928,12282,10432,11564,3079,39,3558,6616,6055,8015,2245,62,6370,5666,4377,3549,834,1383210
2019,4,11650520,서초2동,67858,45080,22778,159,14201,22383,16994,10387,3734,54,7752,15121,11691,7781,2681,105,6449,7262,5303,2606,1053,1229759
2019,4,11650530,서초3동,68236,40512,27724,193,11708,20440,17471,12437,5987,88,4953,11908,11177,8110,4276,105,6755,8532,6294,4327,1711,3027494
2019,4,11650531,서초4동,37488,21433,16055,138,7320,11471,9418,6641,2500,63,2783,6553,6110,4162,1762,75,4537,4918,3308,2479,738,882770
2019,4,11650540,잠원동,16302,9442,6860,68,3397,4796,4022,2503,1516,36,1340,2803,2667,1569,1027,32,2057,1993,1355,934,489,1840832
2019,4,11650550,반포본동,24429,13311,11118,37,4041,8064,6985,4177,1125,22,1479,4403,3916,2614,877,15,2562,3661,3069,1563,248,1491264
2019,4,11650560,반포1동,7332,4498,2834,9,1338,2420,1829,1125,611,2,633,1581,1213,625,444,7,705,839,616,500,167,1000549
2019,4,11650570,반포2동,9861,5872,3989,18,1652,3059,2563,1656,913,10,723,1849,1650,999,641,8,929,1210,913,657,272,1258050
2019,4,11650580,반포3동,8635,4814,3821,20,1366,2193,1912,1729,1415,7,577,1294,1265,1001,670,13,789,899,647,728,745,1325140
2019,4,11650581,반포4동,94553,83429,11124,80,9468,20026,25473,35176,4330,34,7183,16668,22606,33432,3506,46,2285,3358,2867,1744,824,1416005
2019,4,11650590,방배본동,28397,15767,12630,120,5297,7354,7563,5064,2999,82,1807,3863,4422,3292,2301,38,3490,3491,3141,1772,698,660469
2019,4,11650600,방배1동,19003,12553,6450,92,3748,5826,4604,3465,1268,61,1778,3553,3393,2828,940,31,1970,2273,1211,637,328,691215
2019,4,11650610,방배2동,16805,8184,8621,37,2831,4294,4601,3237,1805,8,985,1931,2132,1909,1219,29,1846,2363,2469,1328,586,1901725
2019,4,11650620,방배3동,17809,11648,6161,114,2781,5297,4805,2896,1916,37,1413,3322,3453,1995,1428,77,1368,1975,1352,901,488,2411856
2019,4,11650621,방배4동,21837,13492,8345,61,3771,6017,5424,4166,2398,27,1599,3546,3678,2918,1724,34,2172,2471,1746,1248,674,954529
2019,4,11650651,양재1동,33395,21554,11841,445,7793,9217,7561,4987,3392,215,3960,6187,5334,3319,2539,230,3833,3030,2227,1668,853,5711370
2019,4,11650652,양재2동,43401,32515,10886,106,5761,10598,12175,11422,3339,59,3488,7792,9341,9309,2526,47,2273,2806,2834,2113,813,7516954
2019,4,11650660,내곡동,14211,9232,4979,62,2050,2934,2992,3044,3129,53,1454,2116,2049,1745,1815,9,596,818,943,1299,1314,13190710
2019,4,11680510,신사동,27942,16647,11295,98,5802,8429,7084,4252,2277,41,2251,5152,4743,2778,1682,57,3551,3277,2341,1474,595,1736994
2019,4,11680521,논현1동,41576,24313,17263,162,10856,12491,8831,5739,3497,68,4624,7421,5950,3705,2545,94,6232,5070,2881,2034,952,1254345
2019,4,11680531,논현2동,55372,35328,20044,151,10602,16012,13330,8967,6310,47,4602,9575,9465,6803,4836,104,6000,6437,3865,2164,1474,1445565
2019,4,11680545,압구정동,44490,25047,19443,256,9903,13905,10212,6655,3559,102,3671,7810,6873,4381,2210,154,6232,6095,3339,2274,1349,2520945
2019,4,11680565,청담동,57122,32691,24431,172,11877,18886,14178,8558,3451,72,4465,10782,9320,5650,2402,100,7412,8104,4858,2908,1049,2384707
2019,4,11680580,삼성1동,130157,87840,42317,310,26223,39031,34864,23107,6622,153,14094,25801,25719,18114,3959,157,12129,13230,9145,4993,2663,1926134
2019,4,11680590,삼성2동,62165,35711,26454,150,12530,20151,15787,8793,4754,61,5197,11854,10528,4946,3125,89,7333,8297,5259,3847,1629,1247821
2019,4,11680600,대치1동,20053,10683,9370,37,3668,6545,4998,3118,1687,15,1378,3248,2827,1994,1221,22,2290,3297,2171,1124,466,795761
2019,4,11680610,대치2동,92377,51697,40680,530,16781,25425,21288,17434,10919,232,7729,15578,13694,8997,5467,298,9052,9847,7594,8437,5452,2043875
2019,4,11680630,대치4동,33305,20468,12837,149,5336,9904,9047,5656,3213,21,2296,5995,6187,3965,2004,128,3040,3909,2860,1691,1209,717795
2019,4,11680640,역삼1동,170825,101049,69776,494,34443,51961,43997,29792,10138,189,16474,32429,28719,16126,7112,305,17969,19532,15278,13666,3026,2360116
2019,4,11680650,역삼2동,51209,30365,20844,208,11790,14220,12162,9047,3782,85,5685,9112,8095,4730,2658,123,6105,5108,4067,4317,1124,1127531
2019,4,11680655,도곡1동,40888,28978,11910,97,6985,9515,11398,10350,2543,71,3545,6237,8574,8481,2070,26,3440,3278,2824,1869,473,1022697
2019,4,11680656,도곡2동,192577,131699,60878,923,36796,75687,55314,19948,3909,583,19659,51843,42526,14511,2577,340,17137,23844,12788,5437,1332,1025651
2019,4,11680660,개포1동,15275,9460,5815,73,2307,3850,3864,3409,1772,30,1198,2213,2559,2200,1260,43,1109,1637,1305,1209,512,973078
2019,4,11680670,개포2동,12591,8055,4536,36,2224,3720,3187,2157,1267,14,984,2288,2301,1496,972,22,1240,1432,886,661,295,2371826
2019,4,11680690,개포4동,8809,6333,2476,21,1063,1992,2481,2105,1147,9,526,1333,1880,1637,948,12,537,659,601,468,199,1561449
2019,4,11680700,세곡동,1534,879,655,10,124,276,310,436,378,5,55,140,178,256,245,5,69,136,132,180,133,5894759
2019,4,11680720,일원본동,36779,20548,16231,181,9454,10978,8976,5878,1312,82,3541,6120,5771,4133,901,99,5913,4858,3205,1745,411,2381558
2019,4,11680730,일원1동,2518,1370,1148,4,343,476,566,543,586,2,149,251,293,284,391,2,194,225,273,259,195,947888
2019,4,11680740,일원2동,5600,3682,1918,17,832,1447,1587,1319,398,5,407,891,1091,992,296,12,425,556,496,327,102,1043911
2019,4,11680750,수서동,18037,9516,8521,27,2570,4859,4850,3583,2148,15,1151,2611,2544,1902,1293,12,1419,2248,2306,1681,855,1648393
2019,4,11710510,풍납1동,1718,964,754,1,228,386,435,451,217,1,120,208,229,240,166,0,108,178,206,211,51,1057487
2019,4,11710520,풍납2동,23596,11568,12028,3,5113,8054,5886,3553,987,0,1384,4183,3091,2173,737,3,3729,3871,2795,1380,250,1999222
2019,4,11710531,거여1동,3835,2832,1003,11,951,1067,919,530,357,9,659,841,701,364,258,2,292,226,218,166,99,512307
2019,4,11710532,거여2동,2949,1521,1428,13,377,486,723,876,474,6,209,286,369,392,259,7,168,200,354,484,215,510046
2019,4,11710540,마천1동,944,462,482,2,112,200,269,244,117,1,46,98,125,114,78,1,66,102,144,130,39,504704
2019,4,11710550,마천2동,2595,1638,957,1,262,600,708,658,366,0,155,375,407,397,304,1,107,225,301,261,62,936181
2019,4,11710561,방이1동,9129,6671,2458,30,952,1771,2392,2432,1552,19,450,1125,1786,1953,1338,11,502,646,606,479,214,581968
2019,4,11710562,방이2동,24911,14324,10587,53,4019,6387,5622,5295,3535,37,2261,4157,3442,2476,1951,16,1758,2230,2180,2819,1584,763928
2019,4,11710566,오륜동,25084,14536,10548,45,4062,7583,6511,5022,1861,14,1636,3946,4187,3325,1428,31,2426,3637,2324,1697,433,3150411
2019,4,11710570,오금동,27453,19222,8231,45,3634,6524,6929,6618,3703,29,2129,4408,5118,5014,2524,16,1505,2116,1811,1604,1179,1691111
2019,4,11710580,송파1동,8660,5413,3247,19,1228,1938,2145,1877,1453,8,530,1150,1399,1255,1071,11,698,788,746,622,382,683881
2019,4,11710590,송파2동,14196,8974,5222,63,2237,3514,3721,3393,1268,47,1080,2233,2681,2128,805,16,1157,1281,1040,1265,463,636016
2019,4,11710600,석촌동,8870,5856,3014,20,1074,2021,2072,1815,1868,12,607,1458,1402,1073,1304,8,467,563,670,742,564,943819
2019,4,11710610,삼전동,7762,5230,2532,5,936,1763,1740,1549,1769,5,530,1154,1145,951,1445,0,406,609,595,598,324,992437
2019,4,11710620,가락본동,27955,16882,11073,89,3790,6716,6396,5452,5512,37,1813,4194,4281,3158,3399,52,1977,2522,2115,2294,2113,1024764
2019,4,11710631,가락1동,5913,4134,1779,0,404,1101,1627,1695,1086,0,271,843,1198,1111,711,0,133,258,429,584,375,1357317
2019,4,11710632,가락2동,10171,6862,3309,22,1354,2162,2015,1893,2725,16,801,1478,1339,1132,2096,6,553,684,676,761,629,934057
2019,4,11710641,문정1동,34975,27013,7962,17,3178,6528,10070,13196,1986,9,1869,4711,7830,11299,1295,8,1309,1817,2240,1897,691,604321
2019,4,11710642,문정2동,41453,26054,15399,81,5936,12616,12707,7337,2776,36,2842,7120,8712,5617,1727,45,3094,5496,3995,1720,1049,2387651
2019,4,11710646,장지동,6769,4617,2152,13,730,1085,1597,1784,1560,4,406,721,1070,1256,1160,9,324,364,527,528,400,1295680
2019,4,11710647,위례동,1271,1218,53,0,4,80,347,684,156,0,4,78,336,652,148,0,0,2,11,32,8,2626871
2019,4,11710650,잠실본동,9422,6016,3406,45,1284,1797,2201,2088,2007,4,575,1097,1382,1438,1520,41,709,700,819,650,487,1136161
2019,4,11710670,잠실2동,7793,5196,2597,10,1494,2265,2042,1556,426,9,938,1589,1387,1026,247,1,556,676,655,530,179,2886358
2019,4,11710680,잠실3동,21831,14806,7025,108,3990,5469,5434,4132,2698,48,2079,3783,4024,2965,1907,60,1911,1686,1410,1167,791,1506573
2019,4,11710690,잠실4동,9652,7756,1896,42,1285,3032,2803,2051,439,18,925,2493,2310,1675,335,24,360,539,493,376,104,838370
2019,4,11710710,잠실6동,46691,24881,21810,93,7429,12391,13316,11902,1560,29,3439,7617,7686,4936,1174,64,3990,4774,5630,6966,386,1403041
2019,4,11710720,잠실7동,14130,6338,7792,52,1984,2775,3999,4487,833,31,995,1820,1888,1074,530,21,989,955,2111,3413,303,675008
2019,4,11740515,강일동,1357,886,471,0,196,292,374,333,162,0,98,199,237,215,137,0,98,93,137,118,25,3722759
2019,4,11740520,상일동,3611,1827,1784,6,521,804,899,953,428,2,177,402,542,432,272,4,344,402,357,521,156,1801282
2019,4,11740530,명일1동,4220,2357,1863,9,623,1131,1061,762,634,4,293,679,693,390,298,5,330,452,368,372,336,630284
2019,4,11740540,명일2동,2874,1969,905,5,337,819,768,610,335,3,172,581,558,393,262,2,165,238,210,217,73,920946
2019,4,11740550,고덕1동,2188,1136,1052,0,240,487,569,526,366,0,108,271,280,241,236,0,132,216,289,285,130,1906565
2019,4,11740560,고덕2동,1985,1260,725,0,118,259,426,694,488,0,27,115,243,481,394,0,91,144,183,213,94,2408099
2019,4,11740570,암사1동,3940,2413,1527,6,504,843,830,791,966,2,246,550,529,537,549,4,258,293,301,254,417,738366
2019,4,11740580,암사2동,2638,964,1674,3,269,441,620,793,512,3,97,204,251,229,180,0,172,237,369,564,332,2337773
2019,4,11740590,암사3동,3192,1912,1280,6,286,449,571,829,1051,3,146,269,312,478,704,3,140,180,259,351,347,1843902
2019,4,11740600,천호1동,2450,1407,1043,6,246,461,597,573,567,1,100,239,304,336,427,5,146,222,293,237,140,669571
2019,4,11740610,천호2동,3817,1970,1847,14,484,802,933,884,700,8,199,378,464,440,481,6,285,424,469,444,219,1828343
2019,4,11740620,천호3동,2763,1566,1197,3,170,305,475,502,1308,3,64,139,236,255,869,0,106,166,239,247,439,569450
2019,4,11740640,성내1동,17072,11605,5467,42,2020,3567,3667,4407,3369,17,1169,2225,2403,3188,2603,25,851,1342,1264,1219,766,658437
2019,4,11740650,성내2동,2304,1410,894,7,391,474,511,467,454,3,252,290,298,287,280,4,139,184,213,180,174,624632
2019,4,11740660,성내3동,4641,2789,1852,15,658,1034,1162,962,810,13,344,656,703,541,532,2,314,378,459,421,278,641973
2019,4,11740685,길동,9468,4805,4663,25,1369,1886,2128,2298,1762,15,541,1001,1136,1055,1057,10,828,885,992,1243,705,1590598
2019,4,11740690,둔촌1동,1519,845,674,2,191,367,379,391,189,2,92,205,217,206,123,0,99,162,162,185,66,897261
2019,4,11740700,둔촌2동,4961,2239,2722,4,946,1293,1058,1026,634,2,281,537,526,489,404,2,665,756,532,537,230,1592001
2020,1,11110515,청운효자동,10599,6822,3777,64,1923,3056,2946,1868,742,7,840,1920,2194,1349,512,57,1083,1136,752,519,230,2429899
2020,1,11110530,사직동,47644,29862,17782,54,6289,13458,14357,9444,4042,14,2631,8297,9837,6598,2485,40,3658,5161,4520,2846,1557,1161995
2020,1,11110540,삼청동,5857,4746,1111,3,726,1549,1816,1379,384,0,460,1187,1542,1228,329,3,266,362,274,151,55,1391632
2020,1,11110550,부암동,4115,2286,1829,8,695,1179,1099,798,336,3,287,651,630,483,232,5,408,528,469,315,104,2221363
2020,1,11110560,평창동,23179,12994,10185,45,2878,6197,7579,5016,1464,18,1373,3171,4476,3013,943,27,1505,3026,3103,2003,521,8346900
2020,1,11110570,무악동,608,169,439,7,168,169,147,80,37,6,35,32,47,26,23,1,133,137,100,54,14,453220
2020,1,11110580,교남동,1054,573,481,3,120,303,288,205,135,1,41,130,160,137,104,2,79,173,128,68,31,355267
2020,1,11110600,가회동,11733,8734,2999,7,1263,4028,3520,2203,712,6,655,2966,2751,1812,544,1,608,1062,769,391,168,565302
2020,1,11110615,종로1.2.3.4가동,97454,53688,43766,1427,19757,29600,26670,15289,4711,620,8610,14863,15621,10764,3210,807,11147,14737,11049,4525,1501,2430999
2020,1,11110630,종로5.6가동,15586,9736,5850,407,3611,4483,3824,2368,893,114,1498,2890,2796,1818,620,293,2113,1593,1028,550,273,599631
2020,1,11110640,이화동,4320,2233,2087,13,799,1250,969,716,573,6,257,580,533,450,407,7,542,670,436,266,166,747067
2020,1,11110650,혜화동,7583,3906,3677,30,1099,1842,1968,1690,954,22,380,887,1092,962,563,8,719,955,876,728,391,1161303
2020,1,11110670,창신1동,1307,566,741,1,117,231,397,315,246,0,47,88,128,140,163,1,70,143,269,175,83,297271
2020,1,11110680,창신2동,344,116,228,0,22,40,89,116,77,0,4,11,32,39,30,0,18,29,57,77,47,257188
2020,1,11110690,창신3동,300,142,158,1,38,80,74,78,29,0,14,34,35,41,18,1,24,46,39,37,11,216230
2020,1,11110700,숭인1동,460,210,250,1,87,99,102,101,70,0,16,42,51,53,48,1,71,57,51,48,22,236777
2020,1,11110710,숭인2동,1942,998,944,9,288,341,456,464,384,5,89,162,255,278,209,4,199,179,201,186,175,359384
2020,1,11140520,소공동,77621,41235,36386,404,22462,24512,17089,10256,2898,116,7299,12197,12188,7499,1936,288,15163,12315,4901,2757,962,918284
2020,1,11140540,회현동,58707,36279,22428,199,10994,20697,16048,8525,2244,68,5132,12355,10455,6703,1566,131,5862,8342,5593,1822,678,909465
2020,1,11140550,명동,72842,42181,30661,107,11893,24543,19765,12940,3594,41,4759,12660,12746,9546,2429,66,7134,11883,7019,3394,1165,993909
2020,1,11140570,필동,17326,8138,9188,41,2496,4382,5347,3778,1282,16,842,2168,2509,1776,827,25,1654,2214,2838,2002,455,1458582
2020,1,11140580,장충동,10399,5498,4901,51,2383,2853,2690,1978,444,13,839,1601,1603,1139,303,38,1544,1252,1087,839,141,1013897
2020,1,11140590,광희동,42563,21211,21352,438,12212,11223,8738,6741,3211,189,5938,6528,5063,2291,1202,249,6274,4695,3675,4450,2009,745387
2020,1,11140605,을지로동,15876,8638,7238,70,3840,3857,3445,2740,1924,17,1004,2126,2236,1904,1351,53,2836,1731,1209,836,573,612013
2020,1,11140615,신당동,3199,1726,1473,33,894,680,608,585,399,13,401,354,314,373,271,20,493,326,294,212,128,536647
2020,1,11140625,다산동,6567,4125,2442,12,1165,2090,1574,1149,577,3,481,1432,1099,702,408,9,684,658,475,447,169,532721
2020,1,11140635,약수동,17658,6830,10828,51,2837,6596,4891,2424,859,11,862,2322,1622,1389,624,40,1975,4274,3269,1035,235,509395
2020,1,11140645,청구동,3104,1714,1390,6,455,830,727,664,422,3,157,432,465,413,244,3,298,398,262,251,178,345114
2020,1,11140650,신당5동,888,481,407,5,105,180,211,194,193,5,47,80,109,105,135,0,58,100,102,89,58,310367
2020,1,11140665,동화동,1515,690,825,2,239,367,399,321,187,1,62,130,194,177,126,1,177,237,205,144,61,330049
2020,1,11140670,황학동,1714,1102,612,1,271,455,422,342,223,1,157,285,265,225,169,0,114,170,157,117,54,327694
2020,1,11140680,중림동,4348,2429,1919,3,913,1392,1134,599,307,2,420,754,630,399,224,1,493,638,504,200,83,487576
2020,1,11170510,후암동,2324,1371,953,9,361,509,641,516,288,7,137,304,418,306,199,2,224,205,223,210,89,868399
2020,1,11170520,용산2가동,1797,1267,530,0,151,298,628,604,116,0,59,164,490,473,81,0,92,134,138,131,35,2047347
2020,1,11170530,남영동,19806,8350,11456,186,7630,4738,3864,2594,794,21,1419,2647,2276,1392,595,165,6211,2091,1588,1202,199,735947
2020,1,11170555,청파동,6199,3155,3044,15,1161,1691,1313,1125,894,9,352,717,729,683,665,6,809,974,584,442,229,867676
2020,1,11170560,원효로1동,4597,3132,1465,20,705,1238,1205,843,586,11,419,888,836,575,403,9,286,350,369,268,183,589294
2020,1,11170570,원효로2동,4689,3358,1331,18,748,1416,1292,749,466,8,427,1010,992,554,367,10,321,406,300,195,99,915567
2020,1,11170580,효창동,1650,938,712,3,218,413,465,364,187,2,103,244,278,184,127,1,115,169,187,180,60,470670
2020,1,11170590,용문동,2704,1564,1140,11,527,731,738,502,195,7,221,429,436,337,134,4,306,302,302,165,61,289284
2020,1,11170625,한강로동,46798,23081,23717,183,9588,14660,13381,6834,2152,87,3903,6856,6645,4163,1427,96,5685,7804,6736,2671,725,3358956
2020,1,11170630,이촌1동,10866,6950,3916,53,1764,2919,3039,2219,872,34,876,1798,2142,1493,607,19,888,1121,897,726,265,2143668
2020,1,11170640,이촌2동,2906,1976,930,8,411,803,858,630,196,3,184,508,647,491,143,5,227,295,211,139,53,1191110
2020,1,11170650,이태원1동,13032,5710,7322,26,3821,5020,2527,1241,397,14,981,2109,1399,905,302,12,2840,2911,1128,336,95,579369
2020,1,11170660,이태원2동,1256,695,561,5,212,404,318,197,120,2,96,223,170,109,95,3,116,181,148,88,25,879018
2020,1,11170685,한남동,41936,30663,11273,135,6886,12388,11001,9626,1900,89,3268,8250,8924,8617,1515,46,3618,4138,2077,1009,385,3198883
2020,1,11170690,서빙고동,14760,9641,5119,37,2594,4320,4488,2356,965,15,1239,2528,3277,1861,721,22,1355,1792,1211,495,244,2198117
2020,1,11170700,보광동,1059,532,527,1,137,225,268,258,170,1,26,109,139,145,112,0,111,116,129,113,58,890496
2020,1,11200520,왕십리2동,1271,739,532,2,178,325,371,275,120,2,86,170,224,171,86,0,92,155,147,104,34,385254
2020,1,11200535,왕십리도선동,5949,2726,3223,23,982,1143,1247,1456,1098,4,341,631,669,614,467,19,641,512,578,842,631,718816
2020,1,11200540,마장동,7683,5451,2232,32,651,1345,1769,2510,1376,28,387,920,1288,1803,1025,4,264,425,481,707,351,1082999
2020,1,11200550,사근동,2650,1837,813,2,159,472,841,788,388,2,59,297,569,596,314,0,100,175,272,192,74,1182945
2020,1,11200560,행당1동,2319,1568,751,1,295,484,585,660,294,0,147,301,407,501,212,1,148,183,178,159,82,552563
2020,1,11200570,행당2동,268,104,164,0,31,57,76,66,38,0,14,23,24,16,27,0,17,34,52,50,11,457197
2020,1,11200580,응봉동,1688,695,993,12,400,449,373,285,169,2,89,156,175,146,127,10,311,293,198,139,42,547736
2020,1,11200590,금호1가동,2304,858,1446,15,272,750,937,260,70,0,88,248,371,102,49,15,184,502,566,158,21,441318
2020,1,11200615,금호2.3가동,697,365,332,0,81,125,162,160,169,0,19,50,81,89,126,0,62,75,81,71,43,638261
2020,1,11200620,금호4가동,1325,788,537,1,151,308,364,321,180,1,56,159,235,201,136,0,95,149,129,120,44,935263
2020,1,11200645,옥수동,4797,1850,2947,5,1224,1430,1087,720,331,0,306,528,505,337,174,5,918,902,582,383,157,1239152
2020,1,11200650,성수1가1동,3598,2239,1359,3,455,758,804,958,620,1,209,469,512,643,405,2,246,289,292,315,215,2248463
2020,1,11200660,성수1가2동,6253,4303,1950,24,1005,1267,1316,1341,1300,15,597,847,852,960,1032,9,408,420,464,381,268,984783
2020,1,11200670,성수2가1동,10042,6355,3687,107,2280,2880,2284,1625,866,57,1033,1862,1557,1147,699,50,1247,1018,727,478,167,1126355
2020,1,11200690,성수2가3동,23863,15312,8551,83,3917,6067,5966,4768,3062,63,2176,4061,4011,2880,2121,20,1741,2006,1955,1888,941,1050781
2020,1,11200720,송정동,1247,754,493,1,181,290,313,250,212,0,88,178,172,148,168,1,93,112,141,102,44,584812
2020,1,11200790,용답동,4708,2845,1863,30,1172,1311,961,753,481,2,511,843,633,476,380,28,661,468,328,277,101,2379362
2020,1,11215710,화양동,2657,1683,974,9,345,425,649,775,454,4,131,230,425,533,360,5,214,195,224,242,94,1124376
2020,1,11215730,군자동,2363,1289,1074,5,295,494,527,536,506,2,119,258,304,283,323,3,176,236,223,253,183,733236
2020,1,11215740,중곡1동,5496,2668,2828,82,1416,1044,1099,1287,568,28,605,563,545,517,410,54,811,481,554,770,158,602769
2020,1,11215750,중곡2동,2814,1604,1210,4,390,568,717,661,474,1,239,330,379,348,307,3,151,238,338,313,167,544807
2020,1,11215760,중곡3동,1489,932,557,4,181,361,396,333,214,0,97,252,232,209,142,4,84,109,164,124,72,600824
2020,1,11215770,중곡4동,5044,2482,2562,6,871,1221,1285,1169,492,4,254,568,628,634,394,2,617,653,657,535,98,2295463
2020,1,11215780,능동,2288,1405,883,7,330,533,589,459,370,3,160,314,371,276,281,4,170,219,218,183,89,1094134
2020,1,11215810,광장동,16633,10092,6541,181,5160,4368,3223,2556,1145,56,2475,2824,2177,1712,848,125,2685,1544,1046,844,297,2889609
2020,1,11215820,자양1동,12360,9726,2634,5,844,1746,3349,5029,1387,5,378,1117,2682,4367,1177,0,466,629,667,662,210,621606
2020,1,11215830,자양2동,5005,3083,1922,20,716,1123,1284,1268,594,12,473,710,764,692,432,8,243,413,520,576,162,1630926
2020,1,11215840,자양3동,3267,2282,985,10,377,720,882,876,402,7,226,459,629,642,319,3,151,261,253,234,83,1145609
2020,1,11215847,자양4동,1255,857,398,4,130,321,324,257,219,1,72,241,217,160,166,3,58,80,107,97,53,1148618
2020,1,11215850,구의1동,3628,2155,1473,9,515,899,1000,818,387,8,269,519,553,530,276,1,246,380,447,288,111,553095
2020,1,11215860,구의2동,4204,2612,1592,56,598,727,1055,1126,642,24,306,400,689,739,454,32,292,327,366,387,188,1363952
2020,1,11215870,구의3동,12940,7885,5055,27,1521,2728,3129,3229,2306,8,873,1900,2126,1661,1317,19,648,828,1003,1568,989,1453971
2020,1,11230536,용신동,23899,12377,11522,56,2872,5303,5905,5893,3870,28,1358,3033,3112,2709,2137,28,1514,2270,2793,3184,1733,1590771
2020,1,11230545,제기동,5479,3268,2211,10,735,1334,1323,1152,925,3,312,789,843,680,641,7,423,545,480,472,284,1184853
2020,1,11230560,전농1동,1514,938,576,1,176,267,395,411,264,0,109,167,260,255,147,1,67,100,135,156,117,1140490
2020,1,11230570,전농2동,4013,2089,1924,4,468,848,1061,1068,564,1,193,397,571,552,375,3,275,451,490,516,189,983768
2020,1,11230600,답십리1동,7913,4423,3490,29,1384,1820,2096,1861,723,23,1021,1330,939,613,497,6,363,490,1157,1248,226,838156
2020,1,11230610,답십리2동,2658,1686,972,13,231,434,627,675,678,9,113,266,398,427,473,4,118,168,229,248,205,814945
2020,1,11230650,장안1동,10768,6778,3990,34,1470,2114,2327,2359,2464,26,880,1351,1448,1427,1646,8,590,763,879,932,818,1360347
2020,1,11230660,장안2동,6304,3377,2927,46,1936,1218,1256,1163,685,27,1005,698,580,567,500,19,931,520,676,596,185,1119438
2020,1,11230705,청량리동,4909,2614,2295,7,873,1407,941,916,765,5,334,799,527,516,433,2,539,608,414,400,332,1197287
2020,1,11230710,회기동,784,371,413,1,93,180,195,178,137,1,28,71,89,84,98,0,65,109,106,94,39,829432
2020,1,11230720,휘경1동,1541,916,625,6,170,299,389,393,284,1,69,170,247,271,158,5,101,129,142,122,126,519932
2020,1,11230730,휘경2동,4402,2273,2129,7,589,968,1138,1052,648,4,174,461,596,562,476,3,415,507,542,490,172,1207585
2020,1,11230740,이문1동,3956,1765,2191,2,764,1016,1046,758,370,2,153,385,514,448,263,0,611,631,532,310,107,986690
2020,1,11230750,이문2동,2210,1168,1042,2,268,474,498,560,408,1,93,229,233,307,305,1,175,245,265,253,103,698476
2020,1,11260520,면목2동,1492,821,671,4,152,249,327,436,324,2,51,112,171,247,238,2,101,137,156,189,86,743106
2020,1,11260540,면목4동,1624,1162,462,2,121,264,432,588,217,1,55,160,292,481,173,1,66,104,140,107,44,821882
2020,1,11260550,면목5동,1080,728,352,1,105,184,287,266,237,1,67,138,140,175,207,0,38,46,147,91,30,591696
2020,1,11260565,면목본동,1764,942,822,1,239,402,450,411,261,0,88,202,232,232,188,1,151,200,218,179,73,840931
2020,1,11260570,면목7동,1410,772,638,2,173,268,338,383,246,2,59,120,177,222,192,0,114,148,161,161,54,1202721
2020,1,11260575,면목3.8동,3459,2159,1300,7,341,614,876,936,685,2,118,323,518,673,525,5,223,291,358,263,160,1591050
2020,1,11260580,상봉1동,2494,1712,782,14,302,440,512,653,573,11,192,268,288,449,504,3,110,172,224,204,69,917193
2020,1,11260590,상봉2동,5328,3673,1655,17,631,1376,1754,1205,345,13,369,964,1173,877,277,4,262,412,581,328,68,658991
2020,1,11260600,중화1동,1960,1037,923,0,232,422,498,463,345,0,88,173,242,258,276,0,144,249,256,205,69,637209
2020,1,11260610,중화2동,1532,868,664,9,181,236,386,343,377,7,89,111,195,197,269,2,92,125,191,146,108,960402
2020,1,11260620,묵1동,2604,1240,1364,4,285,604,740,629,342,1,102,281,337,286,233,3,183,323,403,343,109,1184393
2020,1,11260630,묵2동,2062,1388,674,1,299,504,494,556,208,1,171,341,326,406,143,0,128,163,168,150,65,682005
2020,1,11260655,망우본동,3426,1795,1631,14,378,625,767,1024,618,1,129,240,362,566,497,13,249,385,405,458,121,3074745
2020,1,11260660,망우3동,1076,573,503,1,96,157,257,314,251,1,35,66,120,172,179,0,61,91,137,142,72,967313
2020,1,11260680,신내1동,4236,2022,2214,1,751,927,776,1110,671,1,204,389,373,545,510,0,547,538,403,565,161,2361684
2020,1,11260690,신내2동,3776,2095,1681,8,503,948,927,926,464,5,209,446,476,601,358,3,294,502,451,325,106,939758
2020,1,11290525,성북동,21687,17006,4681,40,2803,5282,6268,6458,836,10,1571,3741,5133,5944,607,30,1232,1541,1135,514,229,3067396
2020,1,11290555,삼선동,8489,4281,4208,12,989,2081,2548,1994,865,7,386,982,1255,1161,490,5,603,1099,1293,833,375,1177823
2020,1,11290575,동선동,13453,8030,5423,71,2016,3140,4103,2542,1581,29,921,1822,2692,1806,760,42,1095,1318,1411,736,821,729672
2020,1,11290580,돈암1동,2327,1066,1261,9,677,705,483,320,133,0,162,352,256,181,115,9,515,353,227,139,18,461503
2020,1,11290590,돈암2동,786,307,479,0,124,193,185,166,118,0,27,76,66,66,72,0,97,117,119,100,46,414465
2020,1,11290600,안암동,4701,3040,1661,8,655,1208,1300,1017,513,3,333,749,834,719,402,5,322,459,466,298,111,1295307
2020,1,11290610,보문동,6952,5271,1681,6,667,2047,1463,1460,1309,2,365,1644,1172,1170,918,4,302,403,291,290,391,551172
2020,1,11290620,정릉1동,1510,775,735,6,194,258,363,415,274,1,63,99,171,223,218,5,131,159,192,192,56,475568
2020,1,11290630,정릉2동,1767,779,988,0,288,422,477,380,200,0,74,181,190,185,149,0,214,241,287,195,51,1165255
2020,1,11290640,정릉3동,2435,1644,791,15,383,693,589,440,315,14,207,493,414,314,202,1,176,200,175,126,113,3182234
2020,1,11290650,정릉4동,2397,1466,931,2,201,361,582,760,491,0,64,181,369,511,341,2,137,180,213,249,150,3714207
2020,1,11290660,길음1동,5971,2941,3030,419,2166,1494,952,573,367,176,935,788,480,280,282,243,1231,706,472,293,85,753885
2020,1,11290685,길음2동,403,194,209,3,43,82,121,92,62,2,18,39,64,41,30,1,25,43,57,51,32,423663
2020,1,11290705,종암동,22143,11637,10506,63,1867,5587,7808,6320,498,13,799,2044,3568,4917,296,50,1068,3543,4240,1403,202,1494677
2020,1,11290715,월곡1동,2913,1690,1223,4,241,394,599,661,1014,4,93,182,301,389,721,0,148,212,298,272,293,974658
2020,1,11290725,월곡2동,4825,3059,1766,6,757,1363,1166,854,679,1,379,896,712,512,559,5,378,467,454,342,120,1330228
2020,1,11290760,장위1동,1324,690,634,2,238,278,309,277,220,1,110,154,156,135,134,1,128,124,153,142,86,714821
2020,1,11290770,장위2동,1746,1050,696,3,158,292,415,420,458,2,57,144,233,260,354,1,101,148,182,160,104,682224
2020,1,11290780,장위3동,1195,728,467,6,175,228,252,297,237,2,65,121,143,188,209,4,110,107,109,109,28,663549
2020,1,11290810,석관동,3732,2418,1314,15,344,584,700,754,1335,8,170,353,396,466,1025,7,174,231,304,288,310,1773773
2020,1,11305534,삼양동,1087,628,459,5,145,205,255,257,220,3,60,98,133,160,174,2,85,107,122,97,46,959451
2020,1,11305535,미아동,1852,1039,813,2,199,342,519,500,290,2,86,168,289,302,192,0,113,174,230,198,98,835492
2020,1,11305545,송중동,2249,1126,1123,13,239,363,636,577,421,11,98,158,279,282,298,2,141,205,357,295,123,1085065
2020,1,11305555,송천동,1900,953,947,3,145,324,405,482,541,2,42,149,190,273,297,1,103,175,215,209,244,928301
2020,1,11305575,삼각산동,1296,708,588,1,227,343,406,210,109,0,93,192,227,105,91,1,134,151,179,105,18,603256
2020,1,11305590,번1동,2555,1499,1056,2,322,516,510,657,548,0,139,316,307,420,317,2,183,200,203,237,231,619363
2020,1,11305600,번2동,1378,655,723,1,201,205,357,390,224,0,85,107,157,187,119,1,116,98,200,203,105,992960
2020,1,11305606,번3동,1263,689,574,11,130,211,308,355,248,7,51,100,168,196,167,4,79,111,140,159,81,1075371
2020,1,11305610,수유1동,1920,874,1046,2,205,347,488,555,323,0,58,142,208,241,225,2,147,205,280,314,98,1748455
2020,1,11305620,수유2동,2234,1188,1046,1,106,172,424,659,872,0,30,90,268,448,352,1,76,82,156,211,520,593685
2020,1,11305630,수유3동,3373,1716,1657,10,366,813,867,875,442,8,144,349,403,534,278,2,222,464,464,341,164,725084
2020,1,11305645,우이동,2843,1746,1097,4,171,263,394,670,1341,3,51,126,214,460,892,1,120,137,180,210,449,10680138
2020,1,11305660,인수동,4296,2497,1799,5,441,856,1098,1223,673,3,164,453,662,728,487,2,277,403,436,495,186,2869695
2020,1,11320511,창1동,1790,815,975,6,246,361,472,484,221,3,96,141,213,228,134,3,150,220,259,256,87,1104916
2020,1,11320512,창2동,2466,1391,1075,11,299,549,665,571,371,10,137,321,363,293,267,1,162,228,302,278,104,654615
2020,1,11320513,창3동,775,403,372,1,82,159,233,192,108,0,23,87,136,93,64,1,59,72,97,99,44,635079
2020,1,11320514,창4동,2748,1715,1033,2,290,528,680,746,502,1,128,279,400,499,408,1,162,249,280,247,94,1155759
2020,1,11320515,창5동,7090,4488,2602,9,817,1585,1749,1494,1436,7,427,1088,1176,819,971,2,390,497,573,675,465,676820
2020,1,11320521,도봉1동,2162,1429,733,1,104,246,486,761,564,1,26,129,286,544,443,0,78,117,200,217,121,8547209
2020,1,11320522,도봉2동,2128,1350,778,1,113,274,364,537,839,0,39,137,202,352,620,1,74,137,162,185,219,1204332
2020,1,11320660,쌍문1동,1769,844,925,0,216,280,472,488,313,0,56,101,185,251,251,0,160,179,287,237,62,1177010
2020,1,11320670,쌍문2동,1469,825,644,1,171,253,341,415,288,0,53,115,179,260,218,1,118,138,162,155,70,539384
2020,1,11320680,쌍문3동,2022,963,1059,4,437,452,474,472,183,3,113,208,246,266,127,1,324,244,228,206,56,504867
2020,1,11320681,쌍문4동,1365,711,654,0,144,324,378,347,172,0,43,156,192,184,136,0,101,168,186,163,36,543784
2020,1,11320690,방학1동,6582,3804,2778,14,664,1442,1618,1954,890,11,355,839,836,1104,659,3,309,603,782,850,231,1041785
2020,1,11320700,방학2동,1017,474,543,0,95,205,247,208,262,0,40,102,115,103,114,0,55,103,132,105,148,1102018
2020,1,11320710,방학3동,3005,1804,1201,10,510,688,696,694,407,9,324,395,438,336,302,1,186,293,258,358,105,1856777
2020,1,11350560,월계1동,2944,1588,1356,13,437,682,771,582,459,5,201,406,393,299,284,8,236,276,378,283,175,1218934
2020,1,11350570,월계2동,1268,617,651,8,146,281,342,348,143,6,54,111,154,182,110,2,92,170,188,166,33,1991095
2020,1,11350580,월계3동,1336,679,657,1,159,239,341,396,200,1,62,126,151,207,132,0,97,113,190,189,68,1133881
2020,1,11350595,공릉1동,6301,3404,2897,8,659,982,1376,1729,1547,4,299,541,682,893,985,4,360,441,694,836,562,1217193
2020,1,11350600,공릉2동,7078,3252,3826,29,1186,1746,1707,1652,758,3,368,800,796,808,477,26,818,946,911,844,281,7207339
2020,1,11350611,하계1동,4631,2934,1697,10,541,947,1177,1316,640,7,252,547,704,929,495,3,289,400,473,387,145,1467562
2020,1,11350612,하계2동,1414,910,504,2,145,263,384,465,155,0,82,161,240,294,133,2,63,102,144,171,22,513857
2020,1,11350619,중계본동,1798,881,917,8,209,368,445,499,269,6,100,188,195,227,165,2,109,180,250,272,104,2094464
2020,1,11350621,중계1동,2169,1191,978,4,284,476,650,541,214,3,119,259,345,297,168,1,165,217,305,244,46,624508
2020,1,11350624,중계4동,2064,1128,936,12,201,421,483,539,408,7,75,203,253,283,307,5,126,218,230,256,101,1540528
2020,1,11350625,중계2.3동,2225,1256,969,5,288,582,570,571,209,4,170,349,294,305,134,1,118,233,276,266,75,912217
2020,1,11350630,상계1동,5569,3527,2042,23,644,1148,1345,1414,995,18,369,775,875,881,609,5,275,373,470,533,386,4997346
2020,1,11350640,상계2동,2484,1209,1275,6,342,425,617,634,460,3,127,236,291,302,250,3,215,189,326,332,210,629194
2020,1,11350665,상계3.4동,2544,1732,812,3,165,260,597,910,609,0,56,122,368,685,501,3,109,138,229,225,108,5751720
2020,1,11350670,상계5동,1660,818,842,3,106,178,280,408,685,2,49,105,127,172,363,1,57,73,153,236,322,473604
2020,1,11350695,상계6.7동,6346,2810,3536,19,890,1498,1624,1611,704,11,233,564,725,883,394,8,657,934,899,728,310,1434043
2020,1,11350700,상계8동,1180,616,564,3,167,344,290,263,113,1,59,215,121,143,77,2,108,129,169,120,36,668937
2020,1,11350710,상계9동,2626,1662,964,2,339,658,654,741,232,2,184,418,385,493,180,0,155,240,269,248,52,833448
2020,1,11350720,상계10동,1064,449,615,0,164,226,285,302,87,0,35,95,112,144,63,0,129,131,173,158,24,802642
2020,1,11380510,녹번동,5199,2759,2440,14,602,1221,1380,1375,607,9,291,593,665,805,396,5,311,628,715,570,211,1923020
2020,1,11380520,불광1동,2998,1338,1660,2,357,739,805,719,376,1,132,326,366,325,188,1,225,413,439,394,188,2948578
2020,1,11380530,불광2동,3761,1779,1982,6,360,553,652,772,1418,2,129,273,265,316,794,4,231,280,387,456,624,1756596
2020,1,11380551,갈현1동,2607,1348,1259,11,445,605,620,564,362,7,183,321,312,288,237,4,262,284,308,276,125,909869
2020,1,11380552,갈현2동,3915,2012,1903,9,404,778,1023,1035,666,7,187,434,483,463,438,2,217,344,540,572,228,1018512
2020,1,11380560,구산동,4226,2257,1969,11,528,792,926,1316,653,1,201,351,441,827,436,10,327,441,485,489,217,1316383
2020,1,11380570,대조동,2617,1284,1333,5,323,553,704,596,436,4,119,269,331,267,294,1,204,284,373,329,142,867572
2020,1,11380580,응암1동,2895,1605,1290,7,306,489,680,669,744,5,141,230,355,339,535,2,165,259,325,330,209,1126418
2020,1,11380590,응암2동,886,578,308,1,121,110,187,246,221,1,70,59,114,150,184,0,51,51,73,96,37,554079
2020,1,11380600,응암3동,2405,1185,1220,1,258,552,669,597,328,0,98,277,312,280,218,1,160,275,357,317,110,933101
2020,1,11380625,역촌동,4796,2305,2491,13,788,971,1236,1098,690,3,286,444,580,528,464,10,502,527,656,570,226,1138805
2020,1,11380631,신사1동,2475,1318,1157,2,267,513,566,607,520,0,108,252,308,291,359,2,159,261,258,316,161,823498
2020,1,11380632,신사2동,1918,1332,586,5,228,379,473,475,358,5,169,255,279,313,311,0,59,124,194,162,47,1050676
2020,1,11380640,증산동,2901,1876,1025,2,366,760,794,654,325,2,169,509,520,431,245,0,197,251,274,223,80,929526
2020,1,11380650,수색동,1713,1083,630,0,229,456,415,337,276,0,114,291,258,213,207,0,115,165,157,124,69,1169504
2020,1,11380690,진관동,3595,1885,1710,4,367,871,969,867,517,2,170,543,543,367,260,2,197,328,426,500,257,12836383
2020,1,11410520,천연동,1823,985,838,2,163,301,468,629,260,2,55,136,264,369,159,0,108,165,204,260,101,866603
2020,1,11410555,북아현동,1845,1353,492,0,191,416,503,517,218,0,82,314,396,401,160,0,109,102,107,116,58,461555
2020,1,11410565,충현동,14174,8784,5390,22,1788,3587,3730,3349,1698,13,845,2173,2366,2194,1193,9,943,1414,1364,1155,505,1139343
2020,1,11410585,신촌동,5046,2648,2398,12,786,1329,1273,1079,567,7,305,582,652,701,401,5,481,747,621,378,166,2504686
2020,1,11410615,연희동,14856,9739,5117,82,2345,3661,3196,4080,1492,43,1297,2440,1997,2924,1038,39,1048,1221,1199,1156,454,2965760
2020,1,11410620,홍제1동,2477,1275,1202,5,265,373,628,847,359,2,77,175,328,475,218,3,188,198,300,372,141,1492096
2020,1,11410640,홍제3동,1201,596,605,4,116,149,247,307,378,1,41,59,115,157,223,3,75,90,132,150,155,1093373
2020,1,11410655,홍제2동,739,379,360,0,113,162,187,163,114,0,40,107,95,79,58,0,73,55,92,84,56,705399
2020,1,11410660,홍은1동,7584,1500,6084,3,262,551,2062,3659,1047,1,98,189,374,439,399,2,164,362,1688,3220,648,1538023
2020,1,11410685,홍은2동,5835,3769,2066,38,926,1570,1420,1250,631,32,524,1029,916,820,448,6,402,541,504,430,183,2049745
2020,1,11410690,남가좌1동,3999,2401,1598,11,278,511,694,993,1512,8,190,341,440,522,900,3,88,170,254,471,612,484765
2020,1,11410700,남가좌2동,1827,954,873,1,209,378,501,501,237,0,75,181,242,286,170,1,134,197,259,215,67,787125
2020,1,11410710,북가좌1동,1735,1356,379,0,49,111,193,343,1039,0,16,52,88,233,967,0,33,59,105,110,72,562752
2020,1,11410720,북가좌2동,3024,1541,1483,8,468,599,661,749,539,4,141,302,365,405,324,4,327,297,296,344,215,806705
2020,1,11440555,아현동,21735,12296,9439,102,4615,6562,6028,3715,713,39,1882,3574,3708,2579,514,63,2733,2988,2320,1136,199,870645
2020,1,11440565,공덕동,4512,2510,2002,5,835,1131,1160,834,547,3,376,615,615,516,385,2,459,516,545,318,162,891209
2020,1,11440585,도화동,13141,7986,5155,24,2416,3200,3302,2929,1270,12,1264,2199,2176,1526,809,12,1152,1001,1126,1403,461,863516
2020,1,11440590,용강동,13156,7855,5301,14,1924,3211,3079,2623,2305,10,946,1922,2058,1523,1396,4,978,1289,1021,1100,909,910388
2020,1,11440600,대흥동,5628,2774,2854,65,2228,1272,827,772,464,22,867,656,452,470,307,43,1361,616,375,302,157,854083
2020,1,11440610,염리동,4625,2905,1720,75,840,1085,992,967,666,27,403,681,687,652,455,48,437,404,305,315,211,549601
2020,1,11440630,신수동,5551,3175,2376,13,666,1532,1540,1361,439,11,247,728,882,966,341,2,419,804,658,395,98,914314
2020,1,11440655,서강동,6283,3927,2356,43,1080,1516,1510,1228,906,27,531,894,993,811,671,16,549,622,517,417,235,1890596
2020,1,11440660,서교동,26929,13772,13157,135,5623,7564,6241,4397,2969,88,2299,3781,3441,2326,1837,47,3324,3783,2800,2071,1132,1641475
2020,1,11440680,합정동,5738,3211,2527,14,955,1644,1487,1049,589,11,379,809,935,673,404,3,576,835,552,376,185,1792621
2020,1,11440690,망원1동,3152,1749,1403,10,855,862,647,466,312,3,496,462,313,275,200,7,359,400,334,191,112,1111518
2020,1,11440700,망원2동,5202,3100,2102,17,652,971,1126,1575,861,10,356,715,787,731,501,7,296,256,339,844,360,1209563
2020,1,11440710,연남동,3217,1976,1241,4,518,761,779,678,477,4,232,413,461,463,403,0,286,348,318,215,74,641653
2020,1,11440720,성산1동,5856,3888,1968,19,756,1228,1340,1139,1374,15,371,762,855,795,1090,4,385,466,485,344,284,855779
2020,1,11440730,성산2동,2757,1239,1518,5,275,511,724,838,404,3,99,251,327,330,229,2,176,260,397,508,175,1990923
2020,1,11440740,상암동,15320,9403,5917,39,3231,5547,4162,1731,610,17,1420,3496,2771,1209,490,22,1811,2051,1391,522,120,7646126
2020,1,11470510,목1동,17427,11303,6124,49,3004,4738,4346,3560,1730,31,1399,3112,3084,2553,1124,18,1605,1626,1262,1007,606,1572490
2020,1,11470520,목2동,5530,3082,2448,4,766,1343,1466,1257,694,3,362,729,810,727,451,1,404,614,656,530,243,1021500
2020,1,11470530,목3동,2504,1376,1128,3,327,551,660,602,361,2,163,320,355,306,230,1,164,231,305,296,131,533074
2020,1,11470540,목4동,2879,1741,1138,7,354,627,828,712,351,4,144,373,493,453,274,3,210,254,335,259,77,578170
2020,1,11470550,목5동,31153,18954,12199,114,5058,8049,7547,6516,3869,55,2331,4850,4764,4269,2685,59,2727,3199,2783,2247,1184,2055129
2020,1,11470560,신월1동,2247,1444,803,6,213,373,517,727,411,3,111,232,314,480,304,3,102,141,203,247,107,625887
2020,1,11470570,신월2동,2996,1737,1259,12,259,472,804,817,632,9,142,279,419,437,451,3,117,193,385,380,181,608140
2020,1,11470580,신월3동,1679,963,716,2,177,310,382,494,314,0,66,132,204,310,251,2,111,178,178,184,63,932122
2020,1,11470590,신월4동,1813,1221,592,1,108,222,423,574,485,1,50,117,246,383,424,0,58,105,177,191,61,470224
2020,1,11470600,신월5동,2190,1209,981,8,278,535,546,550,273,5,127,267,283,322,205,3,151,268,263,228,68,523363
2020,1,11470610,신월6동,1115,652,463,1,118,205,253,306,232,0,45,105,138,173,191,1,73,100,115,133,41,437027
2020,1,11470611,신월7동,4359,2857,1502,4,467,719,896,1036,1237,3,345,547,588,630,744,1,122,172,308,406,493,1403954
2020,1,11470620,신정1동,11529,6746,4783,51,2038,2895,2893,2449,1203,46,852,1802,1740,1423,883,5,1186,1093,1153,1026,320,722680
2020,1,11470630,신정2동,13985,8015,5970,66,2513,4519,3729,2456,702,30,1020,2487,2309,1628,541,36,1493,2032,1420,828,161,594999
2020,1,11470640,신정3동,7062,5001,2061,7,570,1345,1760,1500,1880,1,271,809,1186,1046,1688,6,299,536,574,454,192,2650845
2020,1,11470650,신정4동,7226,3988,3238,16,1221,1286,1376,1506,1821,8,376,629,698,817,1460,8,845,657,678,689,361,996406
2020,1,11470670,신정6동,18155,11030,7125,92,3488,5238,4247,3672,1418,74,1698,3218,2712,2347,981,18,1790,2020,1535,1325,437,972556
2020,1,11470680,신정7동,5753,3432,2321,14,656,1376,1762,1305,640,8,306,770,1070,807,471,6,350,606,692,498,169,1144112
2020,1,11500510,염창동,19659,9116,10543,50,3048,5769,5855,3303,1634,29,1102,2522,2356,1821,1286,21,1946,3247,3499,1482,348,1957926
2020,1,11500520,등촌1동,8609,5163,3446,22,1724,2223,1900,1545,1195,13,636,1404,1311,1008,791,9,1088,819,589,537,404,649434
2020,1,11500530,등촌2동,4992,2944,2048,6,614,985,1193,1272,922,2,259,533,721,804,625,4,355,452,472,468,297,908847
2020,1,11500535,등촌3동,15349,8138,7211,44,1898,3259,3425,3797,2926,22,829,1783,2010,1848,1646,22,1069,1476,1415,1949,1280,1049363
2020,1,11500540,화곡1동,5031,2822,2209,21,535,1016,1247,1402,810,17,249,591,676,789,500,4,286,425,571,613,310,1194778
2020,1,11500550,화곡2동,1532,914,618,6,188,416,397,369,156,3,108,271,238,193,101,3,80,145,159,176,55,456061
2020,1,11500560,화곡3동,5333,3288,2045,10,724,1292,1364,1226,717,7,390,860,825,689,517,3,334,432,539,537,200,515596
2020,1,11500570,화곡4동,2710,1207,1503,3,637,730,552,506,282,2,151,317,267,269,201,1,486,413,285,237,81,853460
2020,1,11500590,화곡본동,2983,1681,1302,13,337,586,716,710,621,11,127,318,406,374,445,2,210,268,310,336,176,1007050
2020,1,11500591,화곡6동,10754,6820,3934,35,1515,2863,2741,2431,1169,9,750,1821,1754,1606,880,26,765,1042,987,825,289,1034624
2020,1,11500593,화곡8동,2037,1114,923,7,298,523,565,373,271,6,135,286,282,223,182,1,163,237,283,150,89,567208
2020,1,11500603,가양1동,5356,3313,2043,4,592,1116,1218,1292,1134,2,249,676,723,832,831,2,343,440,495,460,303,5908521
2020,1,11500604,가양2동,2849,1494,1355,9,375,668,690,678,429,6,175,360,369,336,248,3,200,308,321,342,181,996881
2020,1,11500605,가양3동,3216,2060,1156,13,542,708,898,664,391,7,352,475,573,394,259,6,190,233,325,270,132,691403
2020,1,11500611,발산1동,3230,1862,1368,4,229,472,852,1035,638,2,103,237,408,598,514,2,126,235,444,437,124,3032326
2020,1,11500615,우장산동,6277,3448,2829,6,1358,1416,1329,1316,852,4,515,819,782,778,550,2,843,597,547,538,302,1268459
2020,1,11500620,공항동,33917,17762,16155,10,5687,11138,9255,6585,1242,2,1362,4672,5397,5423,906,8,4325,6466,3858,1162,336,11377979
2020,1,11500630,방화1동,7509,5878,1631,10,796,1574,1834,2159,1136,7,573,1288,1464,1788,758,3,223,286,370,371,378,1125789
2020,1,11500640,방화2동,3365,2178,1187,9,360,644,760,876,716,8,198,388,487,558,539,1,162,256,273,318,177,5564098
2020,1,11500641,방화3동,5011,3236,1775,7,488,1063,1262,1375,816,5,248,561,780,968,674,2,240,502,482,407,142,1964100
2020,1,11530510,신도림동,12983,8524,4459,38,2121,4029,3163,2345,1287,18,885,2748,2278,1619,976,20,1236,1281,885,726,311,1312211
2020,1,11530520,구로1동,4769,2813,1956,5,551,1184,1128,986,915,3,307,754,763,603,383,2,244,430,365,383,532,1004193
2020,1,11530530,구로2동,13991,8590,5401,41,1708,3226,3462,3496,2058,20,801,1907,2072,2290,1500,21,907,1319,1390,1206,558,1807452
2020,1,11530540,구로3동,52394,34315,18079,202,10890,17618,13256,6528,3900,132,5505,11682,9334,4548,3114,70,5385,5936,3922,1980,786,1033159
2020,1,11530550,구로4동,2159,1229,930,5,243,425,532,527,427,3,112,228,294,293,299,2,131,197,238,234,128,538215
2020,1,11530560,구로5동,14392,9095,5297,44,2014,3370,3745,3190,2029,33,1138,2322,2481,1889,1232,11,876,1048,1264,1301,797,1075552
2020,1,11530595,가리봉동,972,454,518,1,95,161,224,209,282,0,42,74,102,83,153,1,53,87,122,126,129,415751
2020,1,11530720,고척1동,7767,5490,2277,7,690,1575,2040,2362,1093,5,361,1045,1423,1771,885,2,329,530,617,591,208,1100132
2020,1,11530730,고척2동,3145,1959,1186,10,356,698,794,843,444,7,220,440,469,486,337,3,136,258,325,357,107,1013917
2020,1,11530740,개봉1동,4842,2807,2035,9,463,1029,1149,1257,935,7,239,570,592,716,683,2,224,459,557,541,252,1168155
2020,1,11530750,개봉2동,7803,3823,3980,37,1394,1884,1832,1851,805,17,791,1192,797,611,415,20,603,692,1035,1240,390,825368
2020,1,11530760,개봉3동,2057,1184,873,5,278,461,520,475,318,5,138,263,285,260,233,0,140,198,235,215,85,831642
2020,1,11530770,오류1동,4296,2720,1576,14,556,800,1050,1234,642,7,393,538,636,709,437,7,163,262,414,525,205,707130
2020,1,11530780,오류2동,4559,2846,1713,6,449,1033,1302,1071,698,2,184,605,799,712,544,4,265,428,503,359,154,4314692
2020,1,11530790,수궁동,3691,2489,1202,23,382,707,841,1029,709,20,234,444,526,700,565,3,148,263,315,329,144,2684146
2020,1,11545510,가산동,84451,55529,28922,300,16641,26228,20890,12369,8023,193,8827,17613,15063,8220,5613,107,7814,8615,5827,4149,2410,2245346
2020,1,11545610,독산1동,12850,8228,4622,40,1027,1759,2150,2804,5070,34,604,1165,1369,1723,3333,6,423,594,781,1081,1737,1956086
2020,1,11545620,독산2동,1789,993,796,1,230,372,417,495,274,0,125,176,207,282,203,1,105,196,210,213,71,596742
2020,1,11545630,독산3동,4188,2958,1230,10,366,639,730,800,1643,2,195,372,390,474,1525,8,171,267,340,326,118,982894
2020,1,11545640,독산4동,1765,991,774,2,225,303,376,416,443,1,128,180,220,205,257,1,97,123,156,211,186,605029
2020,1,11545670,시흥1동,6603,3514,3089,15,918,1583,1566,1650,871,10,423,780,785,932,584,5,495,803,781,718,287,1437595
2020,1,11545680,시흥2동,3435,2024,1411,4,342,681,873,1027,508,3,199,387,492,597,346,1,143,294,381,430,162,1170211
2020,1,11545690,시흥3동,8054,4775,3279,17,600,1184,1864,2095,2294,8,316,771,1081,1141,1458,9,284,413,783,954,836,1328458
2020,1,11545700,시흥4동,1611,968,643,16,253,328,455,389,170,12,152,226,275,181,122,4,101,102,180,208,48,873884
2020,1,11545710,시흥5동,1668,980,688,21,237,388,412,348,262,15,126,252,237,180,170,6,111,136,175,168,92,1368598
2020,1,11560515,영등포본동,5708,3229,2479,36,808,1406,1461,1375,622,15,347,711,835,853,468,21,461,695,626,522,154,843586
2020,1,11560535,영등포동,14423,8129,6294,48,2612,3568,3452,2857,1886,14,973,2001,2182,1712,1247,34,1639,1567,1270,1145,639,1390482
2020,1,11560540,여의동,217817,154569,63248,520,40050,78066,55998,33396,9787,195,22109,55804,43252,26581,6628,325,17941,22262,12746,6815,3159,6703511
2020,1,11560550,당산1동,9078,5438,3640,15,1539,2557,2014,1676,1277,8,613,1428,1263,1168,958,7,926,1129,751,508,319,746447
2020,1,11560560,당산2동,13902,9275,4627,48,2211,3134,3312,3045,2152,22,1134,1958,2289,2222,1650,26,1077,1176,1023,823,502,1526636
2020,1,11560585,도림동,1619,1028,591,12,144,272,393,413,385,10,65,165,247,262,279,2,79,107,146,151,106,539427
2020,1,11560605,문래동,81647,59216,22431,162,12600,26629,25117,12877,4262,62,7033,20252,20512,8694,2663,100,5567,6377,4605,4183,1599,1738475
2020,1,11560610,양평1동,12821,7428,5393,53,2537,2953,2834,2570,1874,22,1298,1886,1691,1321,1210,31,1239,1067,1143,1249,664,869573
2020,1,11560620,양평2동,14774,8451,6323,38,2693,4021,4060,2540,1422,15,1180,2429,2300,1491,1036,23,1513,1592,1760,1049,386,2573400
2020,1,11560630,신길1동,3535,1563,1972,4,633,842,785,696,575,0,202,405,373,294,289,4,431,437,412,402,286,762886
2020,1,11560650,신길3동,1332,863,469,2,100,223,302,327,378,2,41,133,192,209,286,0,59,90,110,118,92,510335
2020,1,11560660,신길4동,1248,617,631,2,211,297,315,295,128,0,75,138,153,159,92,2,136,159,162,136,36,298738
2020,1,11560670,신길5동,1404,679,725,2,140,296,455,347,164,1,69,136,164,177,132,1,71,160,291,170,32,498387
2020,1,11560680,신길6동,2634,1646,988,10,289,619,687,570,459,7,144,384,416,357,338,3,145,235,271,213,121,676005
2020,1,11560690,신길7동,2693,1837,856,6,318,515,610,768,476,4,198,350,406,493,386,2,120,165,204,275,90,599547
2020,1,11560700,대림1동,2425,937,1488,0,785,549,491,412,188,0,166,197,240,208,126,0,619,352,251,204,62,493503
2020,1,11560710,대림2동,4606,2336,2270,27,855,1092,1021,707,904,8,328,577,443,397,583,19,527,515,578,310,321,574495
2020,1,11560720,대림3동,6057,3897,2160,17,635,1258,1552,1442,1153,5,328,877,1105,901,681,12,307,381,447,541,472,933892
2020,1,11590510,노량진1동,5874,3294,2580,18,767,1395,1472,1397,825,12,330,798,897,754,503,6,437,597,575,643,322,1876800
2020,1,11590520,노량진2동,4692,2436,2256,11,746,1363,1136,953,483,3,389,592,528,610,314,8,357,771,608,343,169,619921
2020,1,11590530,상도1동,6189,3568,2621,10,958,1525,1507,1366,823,2,406,854,904,844,558,8,552,671,603,522,265,1492421
2020,1,11590540,상도2동,1728,885,843,6,211,400,457,413,241,0,93,212,243,206,131,6,118,188,214,207,110,771971
2020,1,11590550,상도3동,1371,776,595,1,119,278,361,320,292,1,68,182,212,159,154,0,51,96,149,161,138,662403
2020,1,11590560,상도4동,2530,1503,1027,3,355,559,610,636,367,2,174,328,367,445,187,1,181,231,243,191,180,947172
2020,1,11590605,흑석동,1446,824,622,2,197,319,389,321,218,1,100,177,223,176,147,1,97,142,166,145,71,2062251
2020,1,11590620,사당1동,3916,2054,1862,9,659,963,1044,718,523,4,217,469,523,427,414,5,442,494,521,291,109,630335
2020,1,11590630,사당2동,2674,1472,1202,15,427,777,722,492,241,6,208,472,426,226,134,9,219,305,296,266,107,3064442
2020,1,11590640,사당3동,3596,2099,1497,3,446,802,955,838,552,0,176,433,585,500,405,3,270,369,370,338,147,898029
2020,1,11590650,사당4동,1399,726,673,5,155,229,303,271,436,4,59,115,137,126,285,1,96,114,166,145,151,431219
2020,1,11590651,사당5동,1558,804,754,2,184,367,476,375,154,1,97,173,218,192,123,1,87,194,258,183,31,658780
2020,1,11590660,대방동,11271,7474,3797,22,1880,3051,2637,2515,1166,7,998,2084,1836,1812,737,15,882,967,801,703,429,1591876
2020,1,11590670,신대방1동,7423,4695,2728,24,1424,2372,1723,1183,697,14,724,1528,1189,772,468,10,700,844,534,411,229,685547
2020,1,11590680,신대방2동,22043,14025,8018,54,4029,4598,4128,5148,4086,30,3041,3522,2635,2625,2172,24,988,1076,1493,2523,1914,1024271
2020,1,11620525,보라매동,1826,938,888,8,251,407,422,444,294,3,107,205,217,210,196,5,144,202,205,234,98,758003
2020,1,11620545,청림동,3078,1777,1301,4,466,1001,988,475,144,3,193,550,608,318,105,1,273,451,380,157,39,305629
2020,1,11620565,성현동,7335,2785,4550,55,1046,1290,1680,2205,1059,31,479,676,763,595,241,24,567,614,917,1610,818,695625
2020,1,11620575,행운동,4257,2373,1884,15,636,1035,1002,964,605,8,316,584,534,500,431,7,320,451,468,464,174,739229
2020,1,11620585,낙성대동,10344,5721,4623,20,1677,3541,2220,1585,1301,10,761,1862,1167,922,999,10,916,1679,1053,663,302,2341406
2020,1,11620595,청룡동,6665,3660,3005,8,1087,1894,1590,1510,576,3,433,957,884,988,395,5,654,937,706,522,181,1186204
2020,1,11620605,은천동,4644,2204,2440,12,629,867,980,1276,880,1,210,402,501,575,515,11,419,465,479,701,365,738181
2020,1,11620615,중앙동,1420,666,754,3,174,256,327,381,279,2,71,125,154,182,132,1,103,131,173,199,147,385136
2020,1,11620625,인헌동,3435,1976,1459,13,701,985,867,536,333,5,324,608,515,277,247,8,377,377,352,259,86,709688
2020,1,11620630,남현동,3714,2442,1272,5,617,926,1001,721,444,3,338,621,701,472,307,2,279,305,300,249,137,4218667
2020,1,11620645,서원동,2912,1206,1706,5,563,630,529,646,539,2,143,260,265,235,301,3,420,370,264,411,238,642690
2020,1,11620655,신원동,1011,576,435,5,113,213,247,244,189,3,60,118,146,143,106,2,53,95,101,101,83,549115
2020,1,11620665,서림동,1808,1022,786,8,273,316,451,387,373,2,137,168,241,231,243,6,136,148,210,156,130,981577
2020,1,11620685,신사동,4229,2869,1360,2,676,1204,1225,768,354,2,298,818,952,572,227,0,378,386,273,196,127,609167
2020,1,11620695,신림동,1946,1168,778,4,173,275,462,443,589,1,63,144,255,257,448,3,110,131,207,186,141,507666
2020,1,11620715,난향동,1315,649,666,1,151,289,365,283,226,0,41,132,152,144,180,1,110,157,213,139,46,786985
2020,1,11620725,조원동,3254,2026,1228,7,613,788,789,699,358,2,285,513,503,469,254,5,328,275,286,230,104,652569
2020,1,11620735,대학동,3077,2250,827,3,433,739,863,742,297,1,256,500,673,587,233,2,177,239,190,155,64,8107585
2020,1,11620745,삼성동,1795,991,804,9,195,365,476,476,274,2,83,180,251,260,215,7,112,185,225,216,59,2591742
2020,1,11620765,미성동,3689,2177,1512,28,364,650,866,953,828,22,226,379,483,494,573,6,138,271,383,459,255,1355300
2020,1,11620775,난곡동,1481,807,674,0,165,296,361,425,234,0,68,153,180,237,169,0,97,143,181,188,65,982294
2020,1,11650510,서초1동,47386,26528,20858,101,9928,12282,10432,11564,3079,39,3558,6616,6055,8015,2245,62,6370,5666,4377,3549,834,1383210
2020,1,11650520,서초2동,67858,45080,22778,159,14201,22383,16994,10387,3734,54,7752,15121,11691,7781,2681,105,6449,7262,5303,2606,1053,1229759
2020,1,11650530,서초3동,68236,40512,27724,193,11708,20440,17471,12437,5987,88,4953,11908,11177,8110,4276,105,6755,8532,6294,4327,1711,3027494
2020,1,11650531,서초4동,37488,21433,16055,138,7320,11471,9418,6641,2500,63,2783,6553,6110,4162,1762,75,4537,4918,3308,2479,738,882770
2020,1,11650540,잠원동,16302,9442,6860,68,3397,4796,4022,2503,1516,36,1340,2803,2667,1569,1027,32,2057,1993,1355,934,489,1840832
2020,1,11650550,반포본동,24429,13311,11118,37,4041,8064,6985,4177,1125,22,1479,4403,3916,2614,877,15,2562,3661,3069,1563,248,1491264
2020,1,11650560,반포1동,7332,4498,2834,9,1338,2420,1829,1125,611,2,633,1581,1213,625,444,7,705,839,616,500,167,1000549
2020,1,11650570,반포2동,9861,5872,3989,18,1652,3059,2563,1656,913,10,723,1849,1650,999,641,8,929,1210,913,657,272,1258050
2020,1,11650580,반포3동,8635,4814,3821,20,1366,2193,1912,1729,1415,7,577,1294,1265,1001,670,13,789,899,647,728,745,1325140
2020,1,11650581,반포4동,94553,83429,11124,80,9468,20026,25473,35176,4330,34,7183,16668,22606,33432,3506,46,2285,3358,2867,1744,824,1416005
2020,1,11650590,방배본동,28397,15767,12630,120,5297,7354,7563,5064,2999,82,1807,3863,4422,3292,2301,38,3490,3491,3141,1772,698,660469
2020,1,11650600,방배1동,19003,12553,6450,92,3748,5826,4604,3465,1268,61,1778,3553,3393,2828,940,31,1970,2273,1211,637,328,691215
2020,1,11650610,방배2동,16805,8184,8621,37,2831,4294,4601,3237,1805,8,985,1931,2132,1909,1219,29,1846,2363,2469,1328,586,1901725
2020,1,11650620,방배3동,17809,11648,6161,114,2781,5297,4805,2896,1916,37,1413,3322,3453,1995,1428,77,1368,1975,1352,901,488,2411856
2020,1,11650621,방배4동,21837,13492,8345,61,3771,6017,5424,4166,2398,27,1599,3546,3678,2918,1724,34,2172,2471,1746,1248,674,954529
2020,1,11650651,양재1동,33395,21554,11841,445,7793,9217,7561,4987,3392,215,3960,6187,5334,3319,2539,230,3833,3030,2227,1668,853,5711370
2020,1,11650652,양재2동,43401,32515,10886,106,5761,10598,12175,11422,3339,59,3488,7792,9341,9309,2526,47,2273,2806,2834,2113,813,7516954
2020,1,11650660,내곡동,14211,9232,4979,62,2050,2934,2992,3044,3129,53,1454,2116,2049,1745,1815,9,596,818,943,1299,1314,13190710
2020,1,11680510,신사동,27942,16647,11295,98,5802,8429,7084,4252,2277,41,2251,5152,4743,2778,1682,57,3551,3277,2341,1474,595,1736994
2020,1,11680521,논현1동,41576,24313,17263,162,10856,12491,8831,5739,3497,68,4624,7421,5950,3705,2545,94,6232,5070,2881,2034,952,1254345
2020,1,11680531,논현2동,55372,35328,20044,151,10602,16012,13330,8967,6310,47,4602,9575,9465,6803,4836,104,6000,6437,3865,2164,1474,1445565
2020,1,11680545,압구정동,44490,25047,19443,256,9903,13905,10212,6655,3559,102,3671,7810,6873,4381,2210,154,6232,6095,3339,2274,1349,2520945
2020,1,11680565,청담동,57122,32691,24431,172,11877,18886,14178,8558,3451,72,4465,10782,9320,5650,2402,100,7412,8104,4858,2908,1049,2384707
2020,1,11680580,삼성1동,130157,87840,42317,310,26223,39031,34864,23107,6622,153,14094,25801,25719,18114,3959,157,12129,13230,9145,4993,2663,1926134
2020,1,11680590,삼성2동,62165,35711,26454,150,12530,20151,15787,8793,4754,61,5197,11854,10528,4946,3125,89,7333,8297,5259,3847,1629,1247821
2020,1,11680600,대치1동,20053,10683,9370,37,3668,6545,4998,3118,1687,15,1378,3248,2827,1994,1221,22,2290,3297,2171,1124,466,795761
2020,1,11680610,대치2동,92377,51697,40680,530,16781,25425,21288,17434,10919,232,7729,15578,13694,8997,5467,298,9052,9847,7594,8437,5452,2043875
2020,1,11680630,대치4동,33305,20468,12837,149,5336,9904,9047,5656,3213,21,2296,5995,6187,3965,2004,128,3040,3909,2860,1691,1209,717795
2020,1,11680640,역삼1동,170825,101049,69776,494,34443,51961,43997,29792,10138,189,16474,32429,28719,16126,7112,305,17969,19532,15278,13666,3026,2360116
2020,1,11680650,역삼2동,51209,30365,20844,208,11790,14220,12162,9047,3782,85,5685,9112,8095,4730,2658,123,6105,5108,4067,4317,1124,1127531
2020,1,11680655,도곡1동,40888,28978,11910,97,6985,9515,11398,10350,2543,71,3545,6237,8574,8481,2070,26,3440,3278,2824,1869,473,1022697
2020,1,11680656,도곡2동,192577,131699,60878,923,36796,75687,55314,19948,3909,583,19659,51843,42526,14511,2577,340,17137,23844,12788,5437,1332,1025651
2020,1,11680660,개포1동,15275,9460,5815,73,2307,3850,3864,3409,1772,30,1198,2213,2559,2200,1260,43,1109,1637,1305,1209,512,973078
2020,1,11680670,개포2동,12591,8055,4536,36,2224,3720,3187,2157,1267,14,984,2288,2301,1496,972,22,1240,1432,886,661,295,2371826
2020,1,11680690,개포4동,8809,6333,2476,21,1063,1992,2481,2105,1147,9,526,1333,1880,1637,948,12,537,659,601,468,199,1561449
2020,1,11680700,세곡동,1534,879,655,10,124,276,310,436,378,5,55,140,178,256,245,5,69,136,132,180,133,5894759
2020,1,11680720,일원본동,36779,20548,16231,181,9454,10978,8976,5878,1312,82,3541,6120,5771,4133,901,99,5913,4858,3205,1745,411,2381558
2020,1,11680730,일원1동,2518,1370,1148,4,343,476,566,543,586,2,149,251,293,284,391,2,194,225,273,259,195,947888
2020,1,11680740,일원2동,5600,3682,1918,17,832,1447,1587,1319,398,5,407,891,1091,992,296,12,425,556,496,327,102,1043911
2020,1,11680750,수서동,18037,9516,8521,27,2570,4859,4850,3583,2148,15,1151,2611,2544,1902,1293,12,1419,2248,2306,1681,855,1648393
2020,1,11710510,풍납1동,1718,964,754,1,228,386,435,451,217,1,120,208,229,240,166,0,108,178,206,211,51,1057487
2020,1,11710520,풍납2동,23596,11568,12028,3,5113,8054,5886,3553,987,0,1384,4183,3091,2173,737,3,3729,3871,2795,1380,250,1999222
2020,1,11710531,거여1동,3835,2832,1003,11,951,1067,919,530,357,9,659,841,701,364,258,2,292,226,218,166,99,512307
2020,1,11710532,거여2동,2949,1521,1428,13,377,486,723,876,474,6,209,286,369,392,259,7,168,200,354,484,215,510046
2020,1,11710540,마천1동,944,462,482,2,112,200,269,244,117,1,46,98,125,114,78,1,66,102,144,130,39,504704
2020,1,11710550,마천2동,2595,1638,957,1,262,600,708,658,366,0,155,375,407,397,304,1,107,225,301,261,62,936181
2020,1,11710561,방이1동,9129,6671,2458,30,952,1771,2392,2432,1552,19,450,1125,1786,1953,1338,11,502,646,606,479,214,581968
2020,1,11710562,방이2동,24911,14324,10587,53,4019,6387,5622,5295,3535,37,2261,4157,3442,2476,1951,16,1758,2230,2180,2819,1584,763928
2020,1,11710566,오륜동,25084,14536,10548,45,4062,7583,6511,5022,1861,14,1636,3946,4187,3325,1428,31,2426,3637,2324,1697,433,3150411
2020,1,11710570,오금동,27453,19222,8231,45,3634,6524,6929,6618,3703,29,2129,4408,5118,5014,2524,16,1505,2116,1811,1604,1179,1691111
2020,1,11710580,송파1동,8660,5413,3247,19,1228,1938,2145,1877,1453,8,530,1150,1399,1255,1071,11,698,788,746,622,382,683881
2020,1,11710590,송파2동,14196,8974,5222,63,2237,3514,3721,3393,1268,47,1080,2233,2681,2128,805,16,1157,1281,1040,1265,463,636016
2020,1,11710600,석촌동,8870,5856,3014,20,1074,2021,2072,1815,1868,12,607,1458,1402,1073,1304,8,467,563,670,742,564,943819
2020,1,11710610,삼전동,7762,5230,2532,5,936,1763,1740,1549,1769,5,530,1154,1145,951,1445,0,406,609,595,598,324,992437
2020,1,11710620,가락본동,27955,16882,11073,89,3790,6716,6396,5452,5512,37,1813,4194,4281,3158,3399,52,1977,2522,2115,2294,2113,1024764
2020,1,11710631,가락1동,5913,4134,1779,0,404,1101,1627,1695,1086,0,271,843,1198,1111,711,0,133,258,429,584,375,1357317
2020,1,11710632,가락2동,10171,6862,3309,22,1354,2162,2015,1893,2725,16,801,1478,1339,1132,2096,6,553,684,676,761,629,934057
2020,1,11710641,문정1동,34975,27013,7962,17,3178,6528,10070,13196,1986,9,1869,4711,7830,11299,1295,8,1309,1817,2240,1897,691,604321
2020,1,11710642,문정2동,41453,26054,15399,81,5936,12616,12707,7337,2776,36,2842,7120,8712,5617,1727,45,3094,5496,3995,1720,1049,2387651
2020,1,11710646,장지동,6769,4617,2152,13,730,1085,1597,1784,1560,4,406,721,1070,1256,1160,9,324,364,527,528,400,1295680
2020,1,11710647,위례동,1271,1218,53,0,4,80,347,684,156,0,4,78,336,652,148,0,0,2,11,32,8,2626871
2020,1,11710650,잠실본동,9422,6016,3406,45,1284,1797,2201,2088,2007,4,575,1097,1382,1438,1520,41,709,700,819,650,487,1136161
2020,1,11710670,잠실2동,7793,5196,2597,10,1494,2265,2042,1556,426,9,938,1589,1387,1026,247,1,556,676,655,530,179,2886358
2020,1,11710680,잠실3동,21831,14806,7025,108,3990,5469,5434,4132,2698,48,2079,3783,4024,2965,1907,60,1911,1686,1410,1167,791,1506573
2020,1,11710690,잠실4동,9652,7756,1896,42,1285,3032,2803,2051,439,18,925,2493,2310,1675,335,24,360,539,493,376,104,838370
2020,1,11710710,잠실6동,46691,24881,21810,93,7429,12391,13316,11902,1560,29,3439,7617,7686,4936,1174,64,3990,4774,5630,6966,386,1403041
2020,1,11710720,잠실7동,14130,6338,7792,52,1984,2775,3999,4487,833,31,995,1820,1888,1074,530,21,989,955,2111,3413,303,675008
2020,1,11740515,강일동,1357,886,471,0,196,292,374,333,162,0,98,199,237,215,137,0,98,93,137,118,25,3722759
2020,1,11740520,상일동,3611,1827,1784,6,521,804,899,953,428,2,177,402,542,432,272,4,344,402,357,521,156,1801282
2020,1,11740530,명일1동,4220,2357,1863,9,623,1131,1061,762,634,4,293,679,693,390,298,5,330,452,368,372,336,630284
2020,1,11740540,명일2동,2874,1969,905,5,337,819,768,610,335,3,172,581,558,393,262,2,165,238,210,217,73,920946
2020,1,11740550,고덕1동,2188,1136,1052,0,240,487,569,526,366,0,108,271,280,241,236,0,132,216,289,285,130,1906565
2020,1,11740560,고덕2동,1985,1260,725,0,118,259,426,694,488,0,27,115,243,481,394,0,91,144,183,213,94,2408099
2020,1,11740570,암사1동,3940,2413,1527,6,504,843,830,791,966,2,246,550,529,537,549,4,258,293,301,254,417,738366
2020,1,11740580,암사2동,2638,964,1674,3,269,441,620,793,512,3,97,204,251,229,180,0,172,237,369,564,332,2337773
2020,1,11740590,암사3동,3192,1912,1280,6,286,449,571,829,1051,3,146,269,312,478,704,3,140,180,259,351,347,1843902
2020,1,11740600,천호1동,2450,1407,1043,6,246,461,597,573,567,1,100,239,304,336,427,5,146,222,293,237,140,669571
2020,1,11740610,천호2동,3817,1970,1847,14,484,802,933,884,700,8,199,378,464,440,481,6,285,424,469,444,219,1828343
2020,1,11740620,천호3동,2763,1566,1197,3,170,305,475,502,1308,3,64,139,236,255,869,0,106,166,239,247,439,569450
2020,1,11740640,성내1동,17072,11605,5467,42,2020,3567,3667,4407,3369,17,1169,2225,2403,3188,2603,25,851,1342,1264,1219,766,658437
2020,1,11740650,성내2동,2304,1410,894,7,391,474,511,467,454,3,252,290,298,287,280,4,139,184,213,180,174,624632
2020,1,11740660,성내3동,4641,2789,1852,15,658,1034,1162,962,810,13,344,656,703,541,532,2,314,378,459,421,278,641973
2020,1,11740685,길동,9468,4805,4663,25,1369,1886,2128,2298,1762,15,541,1001,1136,1055,1057,10,828,885,992,1243,705,1590598
2020,1,11740690,둔촌1동,1519,845,674,2,191,367,379,391,189,2,92,205,217,206,123,0,99,162,162,185,66,897261
2020,1,11740700,둔촌2동,4961,2239,2722,4,946,1293,1058,1026,634,2,281,537,526,489,404,2,665,756,532,537,230,1592001
2020,2,11110515,청운효자동,10599,6822,3777,64,1923,3056,2946,1868,742,7,840,1920,2194,1349,512,57,1083,1136,752,519,230,2429899
2020,2,11110530,사직동,47644,29862,17782,54,6289,13458,14357,9444,4042,14,2631,8297,9837,6598,2485,40,3658,5161,4520,2846,1557,1161995
2020,2,11110540,삼청동,5857,4746,1111,3,726,1549,1816,1379,384,0,460,1187,1542,1228,329,3,266,362,274,151,55,1391632
2020,2,11110550,부암동,4115,2286,1829,8,695,1179,1099,798,336,3,287,651,630,483,232,5,408,528,469,315,104,2221363
2020,2,11110560,평창동,23179,12994,10185,45,2878,6197,7579,5016,1464,18,1373,3171,4476,3013,943,27,1505,3026,3103,2003,521,8346900
2020,2,11110570,무악동,608,169,439,7,168,169,147,80,37,6,35,32,47,26,23,1,133,137,100,54,14,453220
2020,2,11110580,교남동,1054,573,481,3,120,303,288,205,135,1,41,130,160,137,104,2,79,173,128,68,31,355267
2020,2,11110600,가회동,11733,8734,2999,7,1263,4028,3520,2203,712,6,655,2966,2751,1812,544,1,608,1062,769,391,168,565302
2020,2,11110615,종로1.2.3.4가동,97454,53688,43766,1427,19757,29600,26670,15289,4711,620,8610,14863,15621,10764,3210,807,11147,14737,11049,4525,1501,2430999
2020,2,11110630,종로5.6가동,15586,9736,5850,407,3611,4483,3824,2368,893,114,1498,2890,2796,1818,620,293,2113,1593,1028,550,273,599631
2020,2,11110640,이화동,4320,2233,2087,13,799,1250,969,716,573,6,257,580,533,450,407,7,542,670,436,266,166,747067
2020,2,11110650,혜화동,7583,3906,3677,30,1099,1842,1968,1690,954,22,380,887,1092,962,563,8,719,955,876,728,391,1161303
2020,2,11110670,창신1동,1307,566,741,1,117,231,397,315,246,0,47,88,128,140,163,1,70,143,269,175,83,297271
2020,2,11110680,창신2동,344,116,228,0,22,40,89,116,77,0,4,11,32,39,30,0,18,29,57,77,47,257188
2020,2,11110690,창신3동,300,142,158,1,38,80,74,78,29,0,14,34,35,41,18,1,24,46,39,37,11,216230
2020,2,11110700,숭인1동,460,210,250,1,87,99,102,101,70,0,16,42,51,53,48,1,71,57,51,48,22,236777
2020,2,11110710,숭인2동,1942,998,944,9,288,341,456,464,384,5,89,162,255,278,209,4,199,179,201,186,175,359384
2020,2,11140520,소공동,77621,41235,36386,404,22462,24512,17089,10256,2898,116,7299,12197,12188,7499,1936,288,15163,12315,4901,2757,962,918284
2020,2,11140540,회현동,58707,36279,22428,199,10994,20697,16048,8525,2244,68,5132,12355,10455,6703,1566,131,5862,8342,5593,1822,678,909465
2020,2,11140550,명동,72842,42181,30661,107,11893,24543,19765,12940,3594,41,4759,12660,12746,9546,2429,66,7134,11883,7019,3394,1165,993909
2020,2,11140570,필동,17326,8138,9188,41,2496,4382,5347,3778,1282,16,842,2168,2509,1776,827,25,1654,2214,2838,2002,455,1458582
2020,2,11140580,장충동,10399,5498,4901,51,2383,2853,2690,1978,444,13,839,1601,1603,1139,303,38,1544,1252,1087,839,141,1013897
2020,2,11140590,광희동,42563,21211,21352,438,12212,11223,8738,6741,3211,189,5938,6528,5063,2291,1202,249,6274,4695,3675,4450,2009,745387
2020,2,11140605,을지로동,15876,8638,7238,70,3840,3857,3445,2740,1924,17,1004,2126,2236,1904,1351,53,2836,1731,1209,836,573,612013
2020,2,11140615,신당동,3199,1726,1473,33,894,680,608,585,399,13,401,354,314,373,271,20,493,326,294,212,128,536647
2020,2,11140625,다산동,6567,4125,2442,12,1165,2090,1574,1149,577,3,481,1432,1099,702,408,9,684,658,475,447,169,532721
2020,2,11140635,약수동,17658,6830,10828,51,2837,6596,4891,2424,859,11,862,2322,1622,1389,624,40,1975,4274,3269,1035,235,509395
2020,2,11140645,청구동,3104,1714,1390,6,455,830,727,664,422,3,157,432,465,413,244,3,298,398,262,251,178,345114
2020,2,11140650,신당5동,888,481,407,5,105,180,211,194,193,5,47,80,109,105,135,0,58,100,102,89,58,310367
2020,2,11140665,동화동,1515,690,825,2,239,367,399,321,187,1,62,130,194,177,126,1,177,237,205,144,61,330049
2020,2,11140670,황학동,1714,1102,612,1,271,455,422,342,223,1,157,285,265,225,169,0,114,170,157,117,54,327694
2020,2,11140680,중림동,4348,2429,1919,3,913,1392,1134,599,307,2,420,754,630,399,224,1,493,638,504,200,83,487576
2020,2,11170510,후암동,2324,1371,953,9,361,509,641,516,288,7,137,304,418,306,199,2,224,205,223,210,89,868399
2020,2,11170520,용산2가동,1797,1267,530,0,151,298,628,604,116,0,59,164,490,473,81,0,92,134,138,131,35,2047347
2020,2,11170530,남영동,19806,8350,11456,186,7630,4738,3864,2594,794,21,1419,2647,2276,1392,595,165,6211,2091,1588,1202,199,735947
2020,2,11170555,청파동,6199,3155,3044,15,1161,1691,1313,1125,894,9,352,717,729,683,665,6,809,974,584,442,229,867676
2020,2,11170560,원효로1동,4597,3132,1465,20,705,1238,1205,843,586,11,419,888,836,575,403,9,286,350,369,268,183,589294
2020,2,11170570,원효로2동,4689,3358,1331,18,748,1416,1292,749,466,8,427,1010,992,554,367,10,321,406,300,195,99,915567
2020,2,11170580,효창동,1650,938,712,3,218,413,465,364,187,2,103,244,278,184,127,1,115,169,187,180,60,470670
2020,2,11170590,용문동,2704,1564,1140,11,527,731,738,502,195,7,221,429,436,337,134,4,306,302,302,165,61,289284
2020,2,11170625,한강로동,46798,23081,23717,183,9588,14660,13381,6834,2152,87,3903,6856,6645,4163,1427,96,5685,7804,6736,2671,725,3358956
2020,2,11170630,이촌1동,10866,6950,3916,53,1764,2919,3039,2219,872,34,876,1798,2142,1493,607,19,888,1121,897,726,265,2143668
2020,2,11170640,이촌2동,2906,1976,930,8,411,803,858,630,196,3,184,508,647,491,143,5,227,295,211,139,53,1191110
2020,2,11170650,이태원1동,13032,5710,7322,26,3821,5020,2527,1241,397,14,981,2109,1399,905,302,12,2840,2911,1128,336,95,579369
2020,2,11170660,이태원2동,1256,695,561,5,212,404,318,197,120,2,96,223,170,109,95,3,116,181,148,88,25,879018
2020,2,11170685,한남동,41936,30663,11273,135,6886,12388,11001,9626,1900,89,3268,8250,8924,8617,1515,46,3618,4138,2077,1009,385,3198883
2020,2,11170690,서빙고동,14760,9641,5119,37,2594,4320,4488,2356,965,15,1239,2528,3277,1861,721,22,1355,1792,1211,495,244,2198117
2020,2,11170700,보광동,1059,532,527,1,137,225,268,258,170,1,26,109,139,145,112,0,111,116,129,113,58,890496
2020,2,11200520,왕십리2동,1271,739,532,2,178,325,371,275,120,2,86,170,224,171,86,0,92,155,147,104,34,385254
2020,2,11200535,왕십리도선동,5949,2726,3223,23,982,1143,1247,1456,1098,4,341,631,669,614,467,19,641,512,578,842,631,718816
2020,2,11200540,마장동,7683,5451,2232,32,651,1345,1769,2510,1376,28,387,920,1288,1803,1025,4,264,425,481,707,351,1082999
2020,2,11200550,사근동,2650,1837,813,2,159,472,841,788,388,2,59,297,569,596,314,0,100,175,272,192,74,1182945
2020,2,11200560,행당1동,2319,1568,751,1,295,484,585,660,294,0,147,301,407,501,212,1,148,183,178,159,82,552563
2020,2,11200570,행당2동,268,104,164,0,31,57,76,66,38,0,14,23,24,16,27,0,17,34,52,50,11,457197
2020,2,11200580,응봉동,1688,695,993,12,400,449,373,285,169,2,89,156,175,146,127,10,311,293,198,139,42,547736
2020,2,11200590,금호1가동,2304,858,1446,15,272,750,937,260,70,0,88,248,371,102,49,15,184,502,566,158,21,441318
2020,2,11200615,금호2.3가동,697,365,332,0,81,125,162,160,169,0,19,50,81,89,126,0,62,75,81,71,43,638261
2020,2,11200620,금호4가동,1325,788,537,1,151,308,364,321,180,1,56,159,235,201,136,0,95,149,129,120,44,935263
2020,2,11200645,옥수동,4797,1850,2947,5,1224,1430,1087,720,331,0,306,528,505,337,174,5,918,902,582,383,157,1239152
2020,2,11200650,성수1가1동,3598,2239,1359,3,455,758,804,958,620,1,209,469,512,643,405,2,246,289,292,315,215,2248463
2020,2,11200660,성수1가2동,6253,4303,1950,24,1005,1267,1316,1341,1300,15,597,847,852,960,1032,9,408,420,464,381,268,984783
2020,2,11200670,성수2가1동,10042,6355,3687,107,2280,2880,2284,1625,866,57,1033,1862,1557,1147,699,50,1247,1018,727,478,167,1126355
2020,2,11200690,성수2가3동,23863,15312,8551,83,3917,6067,5966,4768,3062,63,2176,4061,4011,2880,2121,20,1741,2006,1955,1888,941,1050781
2020,2,11200720,송정동,1247,754,493,1,181,290,313,250,212,0,88,178,172,148,168,1,93,112,141,102,44,584812
2020,2,11200790,용답동,4708,2845,1863,30,1172,1311,961,753,481,2,511,843,633,476,380,28,661,468,328,277,101,2379362
2020,2,11215710,화양동,2657,1683,974,9,345,425,649,775,454,4,131,230,425,533,360,5,214,195,224,242,94,1124376
2020,2,11215730,군자동,2363,1289,1074,5,295,494,527,536,506,2,119,258,304,283,323,3,176,236,223,253,183,733236
2020,2,11215740,중곡1동,5496,2668,2828,82,1416,1044,1099,1287,568,28,605,563,545,517,410,54,811,481,554,770,158,602769
2020,2,11215750,중곡2동,2814,1604,1210,4,390,568,717,661,474,1,239,330,379,348,307,3,151,238,338,313,167,544807
2020,2,11215760,중곡3동,1489,932,557,4,181,361,396,333,214,0,97,252,232,209,142,4,84,109,164,124,72,600824
2020,2,11215770,중곡4동,5044,2482,2562,6,871,1221,1285,1169,492,4,254,568,628,634,394,2,617,653,657,535,98,2295463
2020,2,11215780,능동,2288,1405,883,7,330,533,589,459,370,3,160,314,371,276,281,4,170,219,218,183,89,1094134
2020,2,11215810,광장동,16633,10092,6541,181,5160,4368,3223,2556,1145,56,2475,2824,2177,1712,848,125,2685,1544,1046,844,297,2889609
2020,2,11215820,자양1동,12360,9726,2634,5,844,1746,3349,5029,1387,5,378,1117,2682,4367,1177,0,466,629,667,662,210,621606
2020,2,11215830,자양2동,5005,3083,1922,20,716,1123,1284,1268,594,12,473,710,764,692,432,8,243,413,520,576,162,1630926
2020,2,11215840,자양3동,3267,2282,985,10,377,720,882,876,402,7,226,459,629,642,319,3,151,261,253,234,83,1145609
2020,2,11215847,자양4동,1255,857,398,4,130,321,324,257,219,1,72,241,217,160,166,3,58,80,107,97,53,1148618
2020,2,11215850,구의1동,3628,2155,1473,9,515,899,1000,818,387,8,269,519,553,530,276,1,246,380,447,288,111,553095
2020,2,11215860,구의2동,4204,2612,1592,56,598,727,1055,1126,642,24,306,400,689,739,454,32,292,327,366,387,188,1363952
2020,2,11215870,구의3동,12940,7885,5055,27,1521,2728,3129,3229,2306,8,873,1900,2126,1661,1317,19,648,828,1003,1568,989,1453971
2020,2,11230536,용신동,23899,12377,11522,56,2872,5303,5905,5893,3870,28,1358,3033,3112,2709,2137,28,1514,2270,2793,3184,1733,1590771
2020,2,11230545,제기동,5479,3268,2211,10,735,1334,1323,1152,925,3,312,789,843,680,641,7,423,545,480,472,284,1184853
2020,2,11230560,전농1동,1514,938,576,1,176,267,395,411,264,0,109,167,260,255,147,1,67,100,135,156,117,1140490
2020,2,11230570,전농2동,4013,2089,1924,4,468,848,1061,1068,564,1,193,397,571,552,375,3,275,451,490,516,189,983768
2020,2,11230600,답십리1동,7913,4423,3490,29,1384,1820,2096,1861,723,23,1021,1330,939,613,497,6,363,490,1157,1248,226,838156
2020,2,11230610,답십리2동,2658,1686,972,13,231,434,627,675,678,9,113,266,398,427,473,4,118,168,229,248,205,814945
2020,2,11230650,장안1동,10768,6778,3990,34,1470,2114,2327,2359,2464,26,880,1351,1448,1427,1646,8,590,763,879,932,818,1360347
2020,2,11230660,장안2동,6304,3377,2927,46,1936,1218,1256,1163,685,27,1005,698,580,567,500,19,931,520,676,596,185,1119438
2020,2,11230705,청량리동,4909,2614,2295,7,873,1407,941,916,765,5,334,799,527,516,433,2,539,608,414,400,332,1197287
2020,2,11230710,회기동,784,371,413,1,93,180,195,178,137,1,28,71,89,84,98,0,65,109,106,94,39,829432
2020,2,11230720,휘경1동,1541,916,625,6,170,299,389,393,284,1,69,170,247,271,158,5,101,129,142,122,126,519932
2020,2,11230730,휘경2동,4402,2273,2129,7,589,968,1138,1052,648,4,174,461,596,562,476,3,415,507,542,490,172,1207585
2020,2,11230740,이문1동,3956,1765,2191,2,764,1016,1046,758,370,2,153,385,514,448,263,0,611,631,532,310,107,986690
2020,2,11230750,이문2동,2210,1168,1042,2,268,474,498,560,408,1,93,229,233,307,305,1,175,245,265,253,103,698476
2020,2,11260520,면목2동,1492,821,671,4,152,249,327,436,324,2,51,112,171,247,238,2,101,137,156,189,86,743106
2020,2,11260540,면목4동,1624,1162,462,2,121,264,432,588,217,1,55,160,292,481,173,1,66,104,140,107,44,821882
2020,2,11260550,면목5동,1080,728,352,1,105,184,287,266,237,1,67,138,140,175,207,0,38,46,147,91,30,591696
2020,2,11260565,면목본동,1764,942,822,1,239,402,450,411,261,0,88,202,232,232,188,1,151,200,218,179,73,840931
2020,2,11260570,면목7동,1410,772,638,2,173,268,338,383,246,2,59,120,177,222,192,0,114,148,161,161,54,1202721
2020,2,11260575,면목3.8동,3459,2159,1300,7,341,614,876,936,685,2,118,323,518,673,525,5,223,291,358,263,160,1591050
2020,2,11260580,상봉1동,2494,1712,782,14,302,440,512,653,573,11,192,268,288,449,504,3,110,172,224,204,69,917193
2020,2,11260590,상봉2동,5328,3673,1655,17,631,1376,1754,1205,345,13,369,964,1173,877,277,4,262,412,581,328,68,658991
2020,2,11260600,중화1동,1960,1037,923,0,232,422,498,463,345,0,88,173,242,258,276,0,144,249,256,205,69,637209
2020,2,11260610,중화2동,1532,868,664,9,181,236,386,343,377,7,89,111,195,197,269,2,92,125,191,146,108,960402
2020,2,11260620,묵1동,2604,1240,1364,4,285,604,740,629,342,1,102,281,337,286,233,3,183,323,403,343,109,1184393
2020,2,11260630,묵2동,2062,1388,674,1,299,504,494,556,208,1,171,341,326,406,143,0,128,163,168,150,65,682005
2020,2,11260655,망우본동,3426,1795,1631,14,378,625,767,1024,618,1,129,240,362,566,497,13,249,385,405,458,121,3074745
2020,2,11260660,망우3동,1076,573,503,1,96,157,257,314,251,1,35,66,120,172,179,0,61,91,137,142,72,967313
2020,2,11260680,신내1동,4236,2022,2214,1,751,927,776,1110,671,1,204,389,373,545,510,0,547,538,403,565,161,2361684
2020,2,11260690,신내2동,3776,2095,1681,8,503,948,927,926,464,5,209,446,476,601,358,3,294,502,451,325,106,939758
2020,2,11290525,성북동,21687,17006,4681,40,2803,5282,6268,6458,836,10,1571,3741,5133,5944,607,30,1232,1541,1135,514,229,3067396
2020,2,11290555,삼선동,8489,4281,4208,12,989,2081,2548,1994,865,7,386,982,1255,1161,490,5,603,1099,1293,833,375,1177823
2020,2,11290575,동선동,13453,8030,5423,71,2016,3140,4103,2542,1581,29,921,1822,2692,1806,760,42,1095,1318,1411,736,821,729672
2020,2,11290580,돈암1동,2327,1066,1261,9,677,705,483,320,133,0,162,352,256,181,115,9,515,353,227,139,18,461503
2020,2,11290590,돈암2동,786,307,479,0,124,193,185,166,118,0,27,76,66,66,72,0,97,117,119,100,46,414465
2020,2,11290600,안암동,4701,3040,1661,8,655,1208,1300,1017,513,3,333,749,834,719,402,5,322,459,466,298,111,1295307
2020,2,11290610,보문동,6952,5271,1681,6,667,2047,1463,1460,1309,2,365,1644,1172,1170,918,4,302,403,291,290,391,551172
2020,2,11290620,정릉1동,1510,775,735,6,194,258,363,415,274,1,63,99,171,223,218,5,131,159,192,192,56,475568
2020,2,11290630,정릉2동,1767,779,988,0,288,422,477,380,200,0,74,181,190,185,149,0,214,241,287,195,51,1165255
2020,2,11290640,정릉3동,2435,1644,791,15,383,693,589,440,315,14,207,493,414,314,202,1,176,200,175,126,113,3182234
2020,2,11290650,정릉4동,2397,1466,931,2,201,361,582,760,491,0,64,181,369,511,341,2,137,180,213,249,150,3714207
2020,2,11290660,길음1동,5971,2941,3030,419,2166,1494,952,573,367,176,935,788,480,280,282,243,1231,706,472,293,85,753885
2020,2,11290685,길음2동,403,194,209,3,43,82,121,92,62,2,18,39,64,41,30,1,25,43,57,51,32,423663
2020,2,11290705,종암동,22143,11637,10506,63,1867,5587,7808,6320,498,13,799,2044,3568,4917,296,50,1068,3543,4240,1403,202,1494677
2020,2,11290715,월곡1동,2913,1690,1223,4,241,394,599,661,1014,4,93,182,301,389,721,0,148,212,298,272,293,974658
2020,2,11290725,월곡2동,4825,3059,1766,6,757,1363,1166,854,679,1,379,896,712,512,559,5,378,467,454,342,120,1330228
2020,2,11290760,장위1동,1324,690,634,2,238,278,309,277,220,1,110,154,156,135,134,1,128,124,153,142,86,714821
2020,2,11290770,장위2동,1746,1050,696,3,158,292,415,420,458,2,57,144,233,260,354,1,101,148,182,160,104,682224
2020,2,11290780,장위3동,1195,728,467,6,175,228,252,297,237,2,65,121,143,188,209,4,110,107,109,109,28,663549
2020,2,11290810,석관동,3732,2418,1314,15,344,584,700,754,1335,8,170,353,396,466,1025,7,174,231,304,288,310,1773773
2020,2,11305534,삼양동,1087,628,459,5,145,205,255,257,220,3,60,98,133,160,174,2,85,107,122,97,46,959451
2020,2,11305535,미아동,1852,1039,813,2,199,342,519,500,290,2,86,168,289,302,192,0,113,174,230,198,98,835492
2020,2,11305545,송중동,2249,1126,1123,13,239,363,636,577,421,11,98,158,279,282,298,2,141,205,357,295,123,1085065
2020,2,11305555,송천동,1900,953,947,3,145,324,405,482,541,2,42,149,190,273,297,1,103,175,215,209,244,928301
2020,2,11305575,삼각산동,1296,708,588,1,227,343,406,210,109,0,93,192,227,105,91,1,134,151,179,105,18,603256
2020,2,11305590,번1동,2555,1499,1056,2,322,516,510,657,548,0,139,316,307,420,317,2,183,200,203,237,231,619363
2020,2,11305600,번2동,1378,655,723,1,201,205,357,390,224,0,85,107,157,187,119,1,116,98,200,203,105,992960
2020,2,11305606,번3동,1263,689,574,11,130,211,308,355,248,7,51,100,168,196,167,4,79,111,140,159,81,1075371
2020,2,11305610,수유1동,1920,874,1046,2,205,347,488,555,323,0,58,142,208,241,225,2,147,205,280,314,98,1748455
2020,2,11305620,수유2동,2234,1188,1046,1,106,172,424,659,872,0,30,90,268,448,352,1,76,82,156,211,520,593685
2020,2,11305630,수유3동,3373,1716,1657,10,366,813,867,875,442,8,144,349,403,534,278,2,222,464,464,341,164,725084
2020,2,11305645,우이동,2843,1746,1097,4,171,263,394,670,1341,3,51,126,214,460,892,1,120,137,180,210,449,10680138
2020,2,11305660,인수동,4296,2497,1799,5,441,856,1098,1223,673,3,164,453,662,728,487,2,277,403,436,495,186,2869695
2020,2,11320511,창1동,1790,815,975,6,246,361,472,484,221,3,96,141,213,228,134,3,150,220,259,256,87,1104916
2020,2,11320512,창2동,2466,1391,1075,11,299,549,665,571,371,10,137,321,363,293,267,1,162,228,302,278,104,654615
2020,2,11320513,창3동,775,403,372,1,82,159,233,192,108,0,23,87,136,93,64,1,59,72,97,99,44,635079
2020,2,11320514,창4동,2748,1715,1033,2,290,528,680,746,502,1,128,279,400,499,408,1,162,249,280,247,94,1155759
2020,2,11320515,창5동,7090,4488,2602,9,817,1585,1749,1494,1436,7,427,1088,1176,819,971,2,390,497,573,675,465,676820
2020,2,11320521,도봉1동,2162,1429,733,1,104,246,486,761,564,1,26,129,286,544,443,0,78,117,200,217,121,8547209
2020,2,11320522,도봉2동,2128,1350,778,1,113,274,364,537,839,0,39,137,202,352,620,1,74,137,162,185,219,1204332
2020,2,11320660,쌍문1동,1769,844,925,0,216,280,472,488,313,0,56,101,185,251,251,0,160,179,287,237,62,1177010
2020,2,11320670,쌍문2동,1469,825,644,1,171,253,341,415,288,0,53,115,179,260,218,1,118,138,162,155,70,539384
2020,2,11320680,쌍문3동,2022,963,1059,4,437,452,474,472,183,3,113,208,246,266,127,1,324,244,228,206,56,504867
2020,2,11320681,쌍문4동,1365,711,654,0,144,324,378,347,172,0,43,156,192,184,136,0,101,168,186,163,36,543784
2020,2,11320690,방학1동,6582,3804,2778,14,664,1442,1618,1954,890,11,355,839,836,1104,659,3,309,603,782,850,231,1041785
2020,2,11320700,방학2동,1017,474,543,0,95,205,247,208,262,0,40,102,115,103,114,0,55,103,132,105,148,1102018
2020,2,11320710,방학3동,3005,1804,1201,10,510,688,696,694,407,9,324,395,438,336,302,1,186,293,258,358,105,1856777
2020,2,11350560,월계1동,2944,1588,1356,13,437,682,771,582,459,5,201,406,393,299,284,8,236,276,378,283,175,1218934
2020,2,11350570,월계2동,1268,617,651,8,146,281,342,348,143,6,54,111,154,182,110,2,92,170,188,166,33,1991095
2020,2,11350580,월계3동,1336,679,657,1,159,239,341,396,200,1,62,126,151,207,132,0,97,113,190,189,68,1133881
2020,2,11350595,공릉1동,6301,3404,2897,8,659,982,1376,1729,1547,4,299,541,682,893,985,4,360,441,694,836,562,1217193
2020,2,11350600,공릉2동,7078,3252,3826,29,1186,1746,1707,1652,758,3,368,800,796,808,477,26,818,946,911,844,281,7207339
2020,2,11350611,하계1동,4631,2934,1697,10,541,947,1177,1316,640,7,252,547,704,929,495,3,289,400,473,387,145,1467562
2020,2,11350612,하계2동,1414,910,504,2,145,263,384,465,155,0,82,161,240,294,133,2,63,102,144,171,22,513857
2020,2,11350619,중계본동,1798,881,917,8,209,368,445,499,269,6,100,188,195,227,165,2,109,180,250,272,104,2094464
2020,2,11350621,중계1동,2169,1191,978,4,284,476,650,541,214,3,119,259,345,297,168,1,165,217,305,244,46,624508
2020,2,11350624,중계4동,2064,1128,936,12,201,421,483,539,408,7,75,203,253,283,307,5,126,218,230,256,101,1540528
2020,2,11350625,중계2.3동,2225,1256,969,5,288,582,570,571,209,4,170,349,294,305,134,1,118,233,276,266,75,912217
2020,2,11350630,상계1동,5569,3527,2042,23,644,1148,1345,1414,995,18,369,775,875,881,609,5,275,373,470,533,386,4997346
2020,2,11350640,상계2동,2484,1209,1275,6,342,425,617,634,460,3,127,236,291,302,250,3,215,189,326,332,210,629194
2020,2,11350665,상계3.4동,2544,1732,812,3,165,260,597,910,609,0,56,122,368,685,501,3,109,138,229,225,108,5751720
2020,2,11350670,상계5동,1660,818,842,3,106,178,280,408,685,2,49,105,127,172,363,1,57,73,153,236,322,473604
2020,2,11350695,상계6.7동,6346,2810,3536,19,890,1498,1624,1611,704,11,233,564,725,883,394,8,657,934,899,728,310,1434043
2020,2,11350700,상계8동,1180,616,564,3,167,344,290,263,113,1,59,215,121,143,77,2,108,129,169,120,36,668937
2020,2,11350710,상계9동,2626,1662,964,2,339,658,654,741,232,2,184,418,385,493,180,0,155,240,269,248,52,833448
2020,2,11350720,상계10동,1064,449,615,0,164,226,285,302,87,0,35,95,112,144,63,0,129,131,173,158,24,802642
2020,2,11380510,녹번동,5199,2759,2440,14,602,1221,1380,1375,607,9,291,593,665,805,396,5,311,628,715,570,211,1923020
2020,2,11380520,불광1동,2998,1338,1660,2,357,739,805,719,376,1,132,326,366,325,188,1,225,413,439,394,188,2948578
2020,2,11380530,불광2동,3761,1779,1982,6,360,553,652,772,1418,2,129,273,265,316,794,4,231,280,387,456,624,1756596
2020,2,11380551,갈현1동,2607,1348,1259,11,445,605,620,564,362,7,183,321,312,288,237,4,262,284,308,276,125,909869
2020,2,11380552,갈현2동,3915,2012,1903,9,404,778,1023,1035,666,7,187,434,483,463,438,2,217,344,540,572,228,1018512
2020,2,11380560,구산동,4226,2257,1969,11,528,792,926,1316,653,1,201,351,441,827,436,10,327,441,485,489,217,1316383
2020,2,11380570,대조동,2617,1284,1333,5,323,553,704,596,436,4,119,269,331,267,294,1,204,284,373,329,142,867572
2020,2,11380580,응암1동,2895,1605,1290,7,306,489,680,669,744,5,141,230,355,339,535,2,165,259,325,330,209,1126418
2020,2,11380590,응암2동,886,578,308,1,121,110,187,246,221,1,70,59,114,150,184,0,51,51,73,96,37,554079
2020,2,11380600,응암3동,2405,1185,1220,1,258,552,669,597,328,0,98,277,312,280,218,1,160,275,357,317,110,933101
2020,2,11380625,역촌동,4796,2305,2491,13,788,971,1236,1098,690,3,286,444,580,528,464,10,502,527,656,570,226,1138805
2020,2,11380631,신사1동,2475,1318,1157,2,267,513,566,607,520,0,108,252,308,291,359,2,159,261,258,316,161,823498
2020,2,11380632,신사2동,1918,1332,586,5,228,379,473,475,358,5,169,255,279,313,311,0,59,124,194,162,47,1050676
2020,2,11380640,증산동,2901,1876,1025,2,366,760,794,654,325,2,169,509,520,431,245,0,197,251,274,223,80,929526
2020,2,11380650,수색동,1713,1083,630,0,229,456,415,337,276,0,114,291,258,213,207,0,115,165,157,124,69,1169504
2020,2,11380690,진관동,3595,1885,1710,4,367,871,969,867,517,2,170,543,543,367,260,2,197,328,426,500,257,12836383
2020,2,11410520,천연동,1823,985,838,2,163,301,468,629,260,2,55,136,264,369,159,0,108,165,204,260,101,866603
2020,2,11410555,북아현동,1845,1353,492,0,191,416,503,517,218,0,82,314,396,401,160,0,109,102,107,116,58,461555
2020,2,11410565,충현동,14174,8784,5390,22,1788,3587,3730,3349,1698,13,845,2173,2366,2194,1193,9,943,1414,1364,1155,505,1139343
2020,2,11410585,신촌동,5046,2648,2398,12,786,1329,1273,1079,567,7,305,582,652,701,401,5,481,747,621,378,166,2504686
2020,2,11410615,연희동,14856,9739,5117,82,2345,3661,3196,4080,1492,43,1297,2440,1997,2924,1038,39,1048,1221,1199,1156,454,2965760
2020,2,11410620,홍제1동,2477,1275,1202,5,265,373,628,847,359,2,77,175,328,475,218,3,188,198,300,372,141,1492096
2020,2,11410640,홍제3동,1201,596,605,4,116,149,247,307,378,1,41,59,115,157,223,3,75,90,132,150,155,1093373
2020,2,11410655,홍제2동,739,379,360,0,113,162,187,163,114,0,40,107,95,79,58,0,73,55,92,84,56,705399
2020,2,11410660,홍은1동,7584,1500,6084,3,262,551,2062,3659,1047,1,98,189,374,439,399,2,164,362,1688,3220,648,1538023
2020,2,11410685,홍은2동,5835,3769,2066,38,926,1570,1420,1250,631,32,524,1029,916,820,448,6,402,541,504,430,183,2049745
2020,2,11410690,남가좌1동,3999,2401,1598,11,278,511,694,993,1512,8,190,341,440,522,900,3,88,170,254,471,612,484765
2020,2,11410700,남가좌2동,1827,954,873,1,209,378,501,501,237,0,75,181,242,286,170,1,134,197,259,215,67,787125
2020,2,11410710,북가좌1동,1735,1356,379,0,49,111,193,343,1039,0,16,52,88,233,967,0,33,59,105,110,72,562752
2020,2,11410720,북가좌2동,3024,1541,1483,8,468,599,661,749,539,4,141,302,365,405,324,4,327,297,296,344,215,806705
2020,2,11440555,아현동,21735,12296,9439,102,4615,6562,6028,3715,713,39,1882,3574,3708,2579,514,63,2733,2988,2320,1136,199,870645
2020,2,11440565,공덕동,4512,2510,2002,5,835,1131,1160,834,547,3,376,615,615,516,385,2,459,516,545,318,162,891209
2020,2,11440585,도화동,13141,7986,5155,24,2416,3200,3302,2929,1270,12,1264,2199,2176,1526,809,12,1152,1001,1126,1403,461,863516
2020,2,11440590,용강동,13156,7855,5301,14,1924,3211,3079,2623,2305,10,946,1922,2058,1523,1396,4,978,1289,1021,1100,909,910388
2020,2,11440600,대흥동,5628,2774,2854,65,2228,1272,827,772,464,22,867,656,452,470,307,43,1361,616,375,302,157,854083
2020,2,11440610,염리동,4625,2905,1720,75,840,1085,992,967,666,27,403,681,687,652,455,48,437,404,305,315,211,549601
2020,2,11440630,신수동,5551,3175,2376,13,666,1532,1540,1361,439,11,247,728,882,966,341,2,419,804,658,395,98,914314
2020,2,11440655,서강동,6283,3927,2356,43,1080,1516,1510,1228,906,27,531,894,993,811,671,16,549,622,517,417,235,1890596
2020,2,11440660,서교동,26929,13772,13157,135,5623,7564,6241,4397,2969,88,2299,3781,3441,2326,1837,47,3324,3783,2800,2071,1132,1641475
2020,2,11440680,합정동,5738,3211,2527,14,955,1644,1487,1049,589,11,379,809,935,673,404,3,576,835,552,376,185,1792621
2020,2,11440690,망원1동,3152,1749,1403,10,855,862,647,466,312,3,496,462,313,275,200,7,359,400,334,191,112,1111518
2020,2,11440700,망원2동,5202,3100,2102,17,652,971,1126,1575,861,10,356,715,787,731,501,7,296,256,339,844,360,1209563
2020,2,11440710,연남동,3217,1976,1241,4,518,761,779,678,477,4,232,413,461,463,403,0,286,348,318,215,74,641653
2020,2,11440720,성산1동,5856,3888,1968,19,756,1228,1340,1139,1374,15,371,762,855,795,1090,4,385,466,485,344,284,855779
2020,2,11440730,성산2동,2757,1239,1518,5,275,511,724,838,404,3,99,251,327,330,229,2,176,260,397,508,175,1990923
2020,2,11440740,상암동,15320,9403,5917,39,3231,5547,4162,1731,610,17,1420,3496,2771,1209,490,22,1811,2051,1391,522,120,7646126
2020,2,11470510,목1동,17427,11303,6124,49,3004,4738,4346,3560,1730,31,1399,3112,3084,2553,1124,18,1605,1626,1262,1007,606,1572490
2020,2,11470520,목2동,5530,3082,2448,4,766,1343,1466,1257,694,3,362,729,810,727,451,1,404,614,656,530,243,1021500
2020,2,11470530,목3동,2504,1376,1128,3,327,551,660,602,361,2,163,320,355,306,230,1,164,231,305,296,131,533074
2020,2,11470540,목4동,2879,1741,1138,7,354,627,828,712,351,4,144,373,493,453,274,3,210,254,335,259,77,578170
2020,2,11470550,목5동,31153,18954,12199,114,5058,8049,7547,6516,3869,55,2331,4850,4764,4269,2685,59,2727,3199,2783,2247,1184,2055129
2020,2,11470560,신월1동,2247,1444,803,6,213,373,517,727,411,3,111,232,314,480,304,3,102,141,203,247,107,625887
2020,2,11470570,신월2동,2996,1737,1259,12,259,472,804,817,632,9,142,279,419,437,451,3,117,193,385,380,181,608140
2020,2,11470580,신월3동,1679,963,716,2,177,310,382,494,314,0,66,132,204,310,251,2,111,178,178,184,63,932122
2020,2,11470590,신월4동,1813,1221,592,1,108,222,423,574,485,1,50,117,246,383,424,0,58,105,177,191,61,470224
2020,2,11470600,신월5동,2190,1209,981,8,278,535,546,550,273,5,127,267,283,322,205,3,151,268,263,228,68,523363
2020,2,11470610,신월6동,1115,652,463,1,118,205,253,306,232,0,45,105,138,173,191,1,73,100,115,133,41,437027
2020,2,11470611,신월7동,4359,2857,1502,4,467,719,896,1036,1237,3,345,547,588,630,744,1,122,172,308,406,493,1403954
2020,2,11470620,신정1동,11529,6746,4783,51,2038,2895,2893,2449,1203,46,852,1802,1740,1423,883,5,1186,1093,1153,1026,320,722680
2020,2,11470630,신정2동,13985,8015,5970,66,2513,4519,3729,2456,702,30,1020,2487,2309,1628,541,36,1493,2032,1420,828,161,594999
2020,2,11470640,신정3동,7062,5001,2061,7,570,1345,1760,1500,1880,1,271,809,1186,1046,1688,6,299,536,574,454,192,2650845
2020,2,11470650,신정4동,7226,3988,3238,16,1221,1286,1376,1506,1821,8,376,629,698,817,1460,8,845,657,678,689,361,996406
2020,2,11470670,신정6동,18155,11030,7125,92,3488,5238,4247,3672,1418,74,1698,3218,2712,2347,981,18,1790,2020,1535,1325,437,972556
2020,2,11470680,신정7동,5753,3432,2321,14,656,1376,1762,1305,640,8,306,770,1070,807,471,6,350,606,692,498,169,1144112
2020,2,11500510,염창동,19659,9116,10543,50,3048,5769,5855,3303,1634,29,1102,2522,2356,1821,1286,21,1946,3247,3499,1482,348,1957926
2020,2,11500520,등촌1동,8609,5163,3446,22,1724,2223,1900,1545,1195,13,636,1404,1311,1008,791,9,1088,819,589,537,404,649434
2020,2,11500530,등촌2동,4992,2944,2048,6,614,985,1193,1272,922,2,259,533,721,804,625,4,355,452,472,468,297,908847
2020,2,11500535,등촌3동,15349,8138,7211,44,1898,3259,3425,3797,2926,22,829,1783,2010,1848,1646,22,1069,1476,1415,1949,1280,1049363
2020,2,11500540,화곡1동,5031,2822,2209,21,535,1016,1247,1402,810,17,249,591,676,789,500,4,286,425,571,613,310,1194778
2020,2,11500550,화곡2동,1532,914,618,6,188,416,397,369,156,3,108,271,238,193,101,3,80,145,159,176,55,456061
2020,2,11500560,화곡3동,5333,3288,2045,10,724,1292,1364,1226,717,7,390,860,825,689,517,3,334,432,539,537,200,515596
2020,2,11500570,화곡4동,2710,1207,1503,3,637,730,552,506,282,2,151,317,267,269,201,1,486,413,285,237,81,853460
2020,2,11500590,화곡본동,2983,1681,1302,13,337,586,716,710,621,11,127,318,406,374,445,2,210,268,310,336,176,1007050
2020,2,11500591,화곡6동,10754,6820,3934,35,1515,2863,2741,2431,1169,9,750,1821,1754,1606,880,26,765,1042,987,825,289,1034624
2020,2,11500593,화곡8동,2037,1114,923,7,298,523,565,373,271,6,135,286,282,223,182,1,163,237,283,150,89,567208
2020,2,11500603,가양1동,5356,3313,2043,4,592,1116,1218,1292,1134,2,249,676,723,832,831,2,343,440,495,460,303,5908521
2020,2,11500604,가양2동,2849,1494,1355,9,375,668,690,678,429,6,175,360,369,336,248,3,200,308,321,342,181,996881
2020,2,11500605,가양3동,3216,2060,1156,13,542,708,898,664,391,7,352,475,573,394,259,6,190,233,325,270,132,691403
2020,2,11500611,발산1동,3230,1862,1368,4,229,472,852,1035,638,2,103,237,408,598,514,2,126,235,444,437,124,3032326
2020,2,11500615,우장산동,6277,3448,2829,6,1358,1416,1329,1316,852,4,515,819,782,778,550,2,843,597,547,538,302,1268459
2020,2,11500620,공항동,33917,17762,16155,10,5687,11138,9255,6585,1242,2,1362,4672,5397,5423,906,8,4325,6466,3858,1162,336,11377979
2020,2,11500630,방화1동,7509,5878,1631,10,796,1574,1834,2159,1136,7,573,1288,1464,1788,758,3,223,286,370,371,378,1125789
2020,2,11500640,방화2동,3365,2178,1187,9,360,644,760,876,716,8,198,388,487,558,539,1,162,256,273,318,177,5564098
2020,2,11500641,방화3동,5011,3236,1775,7,488,1063,1262,1375,816,5,248,561,780,968,674,2,240,502,482,407,142,1964100
2020,2,11530510,신도림동,12983,8524,4459,38,2121,4029,3163,2345,1287,18,885,2748,2278,1619,976,20,1236,1281,885,726,311,1312211
2020,2,11530520,구로1동,4769,2813,1956,5,551,1184,1128,986,915,3,307,754,763,603,383,2,244,430,365,383,532,1004193
2020,2,11530530,구로2동,13991,8590,5401,41,1708,3226,3462,3496,2058,20,801,1907,2072,2290,1500,21,907,1319,1390,1206,558,1807452
2020,2,11530540,구로3동,52394,34315,18079,202,10890,17618,13256,6528,3900,132,5505,11682,9334,4548,3114,70,5385,5936,3922,1980,786,1033159
2020,2,11530550,구로4동,2159,1229,930,5,243,425,532,527,427,3,112,228,294,293,299,2,131,197,238,234,128,538215
2020,2,11530560,구로5동,14392,9095,5297,44,2014,3370,3745,3190,2029,33,1138,2322,2481,1889,1232,11,876,1048,1264,1301,797,1075552
2020,2,11530595,가리봉동,972,454,518,1,95,161,224,209,282,0,42,74,102,83,153,1,53,87,122,126,129,415751
2020,2,11530720,고척1동,7767,5490,2277,7,690,1575,2040,2362,1093,5,361,1045,1423,1771,885,2,329,530,617,591,208,1100132
2020,2,11530730,고척2동,3145,1959,1186,10,356,698,794,843,444,7,220,440,469,486,337,3,136,258,325,357,107,1013917
2020,2,11530740,개봉1동,4842,2807,2035,9,463,1029,1149,1257,935,7,239,570,592,716,683,2,224,459,557,541,252,1168155
2020,2,11530750,개봉2동,7803,3823,3980,37,1394,1884,1832,1851,805,17,791,1192,797,611,415,20,603,692,1035,1240,390,825368
2020,2,11530760,개봉3동,2057,1184,873,5,278,461,520,475,318,5,138,263,285,260,233,0,140,198,235,215,85,831642
2020,2,11530770,오류1동,4296,2720,1576,14,556,800,1050,1234,642,7,393,538,636,709,437,7,163,262,414,525,205,707130
2020,2,11530780,오류2동,4559,2846,1713,6,449,1033,1302,1071,698,2,184,605,799,712,544,4,265,428,503,359,154,4314692
2020,2,11530790,수궁동,3691,2489,1202,23,382,707,841,1029,709,20,234,444,526,700,565,3,148,263,315,329,144,2684146
2020,2,11545510,가산동,84451,55529,28922,300,16641,26228,20890,12369,8023,193,8827,17613,15063,8220,5613,107,7814,8615,5827,4149,2410,2245346
2020,2,11545610,독산1동,12850,8228,4622,40,1027,1759,2150,2804,5070,34,604,1165,1369,1723,3333,6,423,594,781,1081,1737,1956086
2020,2,11545620,독산2동,1789,993,796,1,230,372,417,495,274,0,125,176,207,282,203,1,105,196,210,213,71,596742
2020,2,11545630,독산3동,4188,2958,1230,10,366,639,730,800,1643,2,195,372,390,474,1525,8,171,267,340,326,118,982894
2020,2,11545640,독산4동,1765,991,774,2,225,303,376,416,443,1,128,180,220,205,257,1,97,123,156,211,186,605029
2020,2,11545670,시흥1동,6603,3514,3089,15,918,1583,1566,1650,871,10,423,780,785,932,584,5,495,803,781,718,287,1437595
2020,2,11545680,시흥2동,3435,2024,1411,4,342,681,873,1027,508,3,199,387,492,597,346,1,143,294,381,430,162,1170211
2020,2,11545690,시흥3동,8054,4775,3279,17,600,1184,1864,2095,2294,8,316,771,1081,1141,1458,9,284,413,783,954,836,1328458
2020,2,11545700,시흥4동,1611,968,643,16,253,328,455,389,170,12,152,226,275,181,122,4,101,102,180,208,48,873884
2020,2,11545710,시흥5동,1668,980,688,21,237,388,412,348,262,15,126,252,237,180,170,6,111,136,175,168,92,1368598
2020,2,11560515,영등포본동,5708,3229,2479,36,808,1406,1461,1375,622,15,347,711,835,853,468,21,461,695,626,522,154,843586
2020,2,11560535,영등포동,14423,8129,6294,48,2612,3568,3452,2857,1886,14,973,2001,2182,1712,1247,34,1639,1567,1270,1145,639,1390482
2020,2,11560540,여의동,217817,154569,63248,520,40050,78066,55998,33396,9787,195,22109,55804,43252,26581,6628,325,17941,22262,12746,6815,3159,6703511
2020,2,11560550,당산1동,9078,5438,3640,15,1539,2557,2014,1676,1277,8,613,1428,1263,1168,958,7,926,1129,751,508,319,746447
2020,2,11560560,당산2동,13902,9275,4627,48,2211,3134,3312,3045,2152,22,1134,1958,2289,2222,1650,26,1077,1176,1023,823,502,1526636
2020,2,11560585,도림동,1619,1028,591,12,144,272,393,413,385,10,65,165,247,262,279,2,79,107,146,151,106,539427
2020,2,11560605,문래동,81647,59216,22431,162,12600,26629,25117,12877,4262,62,7033,20252,20512,8694,2663,100,5567,6377,4605,4183,1599,1738475
2020,2,11560610,양평1동,12821,7428,5393,53,2537,2953,2834,2570,1874,22,1298,1886,1691,1321,1210,31,1239,1067,1143,1249,664,869573
2020,2,11560620,양평2동,14774,8451,6323,38,2693,4021,4060,2540,1422,15,1180,2429,2300,1491,1036,23,1513,1592,1760,1049,386,2573400
2020,2,11560630,신길1동,3535,1563,1972,4,633,842,785,696,575,0,202,405,373,294,289,4,431,437,412,402,286,762886
2020,2,11560650,신길3동,1332,863,469,2,100,223,302,327,378,2,41,133,192,209,286,0,59,90,110,118,92,510335
2020,2,11560660,신길4동,1248,617,631,2,211,297,315,295,128,0,75,138,153,159,92,2,136,159,162,136,36,298738
2020,2,11560670,신길5동,1404,679,725,2,140,296,455,347,164,1,69,136,164,177,132,1,71,160,291,170,32,498387
2020,2,11560680,신길6동,2634,1646,988,10,289,619,687,570,459,7,144,384,416,357,338,3,145,235,271,213,121,676005
2020,2,11560690,신길7동,2693,1837,856,6,318,515,610,768,476,4,198,350,406,493,386,2,120,165,204,275,90,599547
2020,2,11560700,대림1동,2425,937,1488,0,785,549,491,412,188,0,166,197,240,208,126,0,619,352,251,204,62,493503
2020,2,11560710,대림2동,4606,2336,2270,27,855,1092,1021,707,904,8,328,577,443,397,583,19,527,515,578,310,321,574495
2020,2,11560720,대림3동,6057,3897,2160,17,635,1258,1552,1442,1153,5,328,877,1105,901,681,12,307,381,447,541,472,933892
2020,2,11590510,노량진1동,5874,3294,2580,18,767,1395,1472,1397,825,12,330,798,897,754,503,6,437,597,575,643,322,1876800
2020,2,11590520,노량진2동,4692,2436,2256,11,746,1363,1136,953,483,3,389,592,528,610,314,8,357,771,608,343,169,619921
2020,2,11590530,상도1동,6189,3568,2621,10,958,1525,1507,1366,823,2,406,854,904,844,558,8,552,671,603,522,265,1492421
2020,2,11590540,상도2동,1728,885,843,6,211,400,457,413,241,0,93,212,243,206,131,6,118,188,214,207,110,771971
2020,2,11590550,상도3동,1371,776,595,1,119,278,361,320,292,1,68,182,212,159,154,0,51,96,149,161,138,662403
2020,2,11590560,상도4동,2530,1503,1027,3,355,559,610,636,367,2,174,328,367,445,187,1,181,231,243,191,180,947172
2020,2,11590605,흑석동,1446,824,622,2,197,319,389,321,218,1,100,177,223,176,147,1,97,142,166,145,71,2062251
2020,2,11590620,사당1동,3916,2054,1862,9,659,963,1044,718,523,4,217,469,523,427,414,5,442,494,521,291,109,630335
2020,2,11590630,사당2동,2674,1472,1202,15,427,777,722,492,241,6,208,472,426,226,134,9,219,305,296,266,107,3064442
2020,2,11590640,사당3동,3596,2099,1497,3,446,802,955,838,552,0,176,433,585,500,405,3,270,369,370,338,147,898029
2020,2,11590650,사당4동,1399,726,673,5,155,229,303,271,436,4,59,115,137,126,285,1,96,114,166,145,151,431219
2020,2,11590651,사당5동,1558,804,754,2,184,367,476,375,154,1,97,173,218,192,123,1,87,194,258,183,31,658780
2020,2,11590660,대방동,11271,7474,3797,22,1880,3051,2637,2515,1166,7,998,2084,1836,1812,737,15,882,967,801,703,429,1591876
2020,2,11590670,신대방1동,7423,4695,2728,24,1424,2372,1723,1183,697,14,724,1528,1189,772,468,10,700,844,534,411,229,685547
2020,2,11590680,신대방2동,22043,14025,8018,54,4029,4598,4128,5148,4086,30,3041,3522,2635,2625,2172,24,988,1076,1493,2523,1914,1024271
2020,2,11620525,보라매동,1826,938,888,8,251,407,422,444,294,3,107,205,217,210,196,5,144,202,205,234,98,758003
2020,2,11620545,청림동,3078,1777,1301,4,466,1001,988,475,144,3,193,550,608,318,105,1,273,451,380,157,39,305629
2020,2,11620565,성현동,7335,2785,4550,55,1046,1290,1680,2205,1059,31,479,676,763,595,241,24,567,614,917,1610,818,695625
2020,2,11620575,행운동,4257,2373,1884,15,636,1035,1002,964,605,8,316,584,534,500,431,7,320,451,468,464,174,739229
2020,2,11620585,낙성대동,10344,5721,4623,20,1677,3541,2220,1585,1301,10,761,1862,1167,922,999,10,916,1679,1053,663,302,2341406
2020,2,11620595,청룡동,6665,3660,3005,8,1087,1894,1590,1510,576,3,433,957,884,988,395,5,654,937,706,522,181,1186204
2020,2,11620605,은천동,4644,2204,2440,12,629,867,980,1276,880,1,210,402,501,575,515,11,419,465,479,701,365,738181
2020,2,11620615,중앙동,1420,666,754,3,174,256,327,381,279,2,71,125,154,182,132,1,103,131,173,199,147,385136
2020,2,11620625,인헌동,3435,1976,1459,13,701,985,867,536,333,5,324,608,515,277,247,8,377,377,352,259,86,709688
2020,2,11620630,남현동,3714,2442,1272,5,617,926,1001,721,444,3,338,621,701,472,307,2,279,305,300,249,137,4218667
2020,2,11620645,서원동,2912,1206,1706,5,563,630,529,646,539,2,143,260,265,235,301,3,420,370,264,411,238,642690
2020,2,11620655,신원동,1011,576,435,5,113,213,247,244,189,3,60,118,146,143,106,2,53,95,101,101,83,549115
2020,2,11620665,서림동,1808,1022,786,8,273,316,451,387,373,2,137,168,241,231,243,6,136,148,210,156,130,981577
2020,2,11620685,신사동,4229,2869,1360,2,676,1204,1225,768,354,2,298,818,952,572,227,0,378,386,273,196,127,609167
2020,2,11620695,신림동,1946,1168,778,4,173,275,462,443,589,1,63,144,255,257,448,3,110,131,207,186,141,507666
2020,2,11620715,난향동,1315,649,666,1,151,289,365,283,226,0,41,132,152,144,180,1,110,157,213,139,46,786985
2020,2,11620725,조원동,3254,2026,1228,7,613,788,789,699,358,2,285,513,503,469,254,5,328,275,286,230,104,652569
2020,2,11620735,대학동,3077,2250,827,3,433,739,863,742,297,1,256,500,673,587,233,2,177,239,190,155,64,8107585
2020,2,11620745,삼성동,1795,991,804,9,195,365,476,476,274,2,83,180,251,260,215,7,112,185,225,216,59,2591742
2020,2,11620765,미성동,3689,2177,1512,28,364,650,866,953,828,22,226,379,483,494,573,6,138,271,383,459,255,1355300
2020,2,11620775,난곡동,1481,807,674,0,165,296,361,425,234,0,68,153,180,237,169,0,97,143,181,188,65,982294
2020,2,11650510,서초1동,47386,26528,20858,101,9928,12282,10432,11564,3079,39,3558,6616,6055,8015,2245,62,6370,5666,4377,3549,834,1383210
2020,2,11650520,서초2동,67858,45080,22778,159,14201,22383,16994,10387,3734,54,7752,15121,11691,7781,2681,105,6449,7262,5303,2606,1053,1229759
2020,2,11650530,서초3동,68236,40512,27724,193,11708,20440,17471,12437,5987,88,4953,11908,11177,8110,4276,105,6755,8532,6294,4327,1711,3027494
2020,2,11650531,서초4동,37488,21433,16055,138,7320,11471,9418,6641,2500,63,2783,6553,6110,4162,1762,75,4537,4918,3308,2479,738,882770
2020,2,11650540,잠원동,16302,9442,6860,68,3397,4796,4022,2503,1516,36,1340,2803,2667,1569,1027,32,2057,1993,1355,934,489,1840832
2020,2,11650550,반포본동,24429,13311,11118,37,4041,8064,6985,4177,1125,22,1479,4403,3916,2614,877,15,2562,3661,3069,1563,248,1491264
2020,2,11650560,반포1동,7332,4498,2834,9,1338,2420,1829,1125,611,2,633,1581,1213,625,444,7,705,839,616,500,167,1000549
2020,2,11650570,반포2동,9861,5872,3989,18,1652,3059,2563,1656,913,10,723,1849,1650,999,641,8,929,1210,913,657,272,1258050
2020,2,11650580,반포3동,8635,4814,3821,20,1366,2193,1912,1729,1415,7,577,1294,1265,1001,670,13,789,899,647,728,745,1325140
2020,2,11650581,반포4동,94553,83429,11124,80,9468,20026,25473,35176,4330,34,7183,16668,22606,33432,3506,46,2285,3358,2867,1744,824,1416005
2020,2,11650590,방배본동,28397,15767,12630,120,5297,7354,7563,5064,2999,82,1807,3863,4422,3292,2301,38,3490,3491,3141,1772,698,660469
2020,2,11650600,방배1동,19003,12553,6450,92,3748,5826,4604,3465,1268,61,1778,3553,3393,2828,940,31,1970,2273,1211,637,328,691215
2020,2,11650610,방배2동,16805,8184,8621,37,2831,4294,4601,3237,1805,8,985,1931,2132,1909,1219,29,1846,2363,2469,1328,586,1901725
2020,2,11650620,방배3동,17809,11648,6161,114,2781,5297,4805,2896,1916,37,1413,3322,3453,1995,1428,77,1368,1975,1352,901,488,2411856
2020,2,11650621,방배4동,21837,13492,8345,61,3771,6017,5424,4166,2398,27,1599,3546,3678,2918,1724,34,2172,2471,1746,1248,674,954529
2020,2,11650651,양재1동,33395,21554,11841,445,7793,9217,7561,4987,3392,215,3960,6187,5334,3319,2539,230,3833,3030,2227,1668,853,5711370
2020,2,11650652,양재2동,43401,32515,10886,106,5761,10598,12175,11422,3339,59,3488,7792,9341,9309,2526,47,2273,2806,2834,2113,813,7516954
2020,2,11650660,내곡동,14211,9232,4979,62,2050,2934,2992,3044,3129,53,1454,2116,2049,1745,1815,9,596,818,943,1299,1314,13190710
2020,2,11680510,신사동,27942,16647,11295,98,5802,8429,7084,4252,2277,41,2251,5152,4743,2778,1682,57,3551,3277,2341,1474,595,1736994
2020,2,11680521,논현1동,41576,24313,17263,162,10856,12491,8831,5739,3497,68,4624,7421,5950,3705,2545,94,6232,5070,2881,2034,952,1254345
2020,2,11680531,논현2동,55372,35328,20044,151,10602,16012,13330,8967,6310,47,4602,9575,9465,6803,4836,104,6000,6437,3865,2164,1474,1445565
2020,2,11680545,압구정동,44490,25047,19443,256,9903,13905,10212,6655,3559,102,3671,7810,6873,4381,2210,154,6232,6095,3339,2274,1349,2520945
2020,2,11680565,청담동,57122,32691,24431,172,11877,18886,14178,8558,3451,72,4465,10782,9320,5650,2402,100,7412,8104,4858,2908,1049,2384707
2020,2,11680580,삼성1동,130157,87840,42317,310,26223,39031,34864,23107,6622,153,14094,25801,25719,18114,3959,157,12129,13230,9145,4993,2663,1926134
2020,2,11680590,삼성2동,62165,35711,26454,150,12530,20151,15787,8793,4754,61,5197,11854,10528,4946,3125,89,7333,8297,5259,3847,1629,1247821
2020,2,11680600,대치1동,20053,10683,9370,37,3668,6545,4998,3118,1687,15,1378,3248,2827,1994,1221,22,2290,3297,2171,1124,466,795761
2020,2,11680610,대치2동,92377,51697,40680,530,16781,25425,21288,17434,10919,232,7729,15578,13694,8997,5467,298,9052,9847,7594,8437,5452,2043875
2020,2,11680630,대치4동,33305,20468,12837,149,5336,9904,9047,5656,3213,21,2296,5995,6187,3965,2004,128,3040,3909,2860,1691,1209,717795
2020,2,11680640,역삼1동,170825,101049,69776,494,34443,51961,43997,29792,10138,189,16474,32429,28719,16126,7112,305,17969,19532,15278,13666,3026,2360116
2020,2,11680650,역삼2동,51209,30365,20844,208,11790,14220,12162,9047,3782,85,5685,9112,8095,4730,2658,123,6105,5108,4067,4317,1124,1127531
2020,2,11680655,도곡1동,40888,28978,11910,97,6985,9515,11398,10350,2543,71,3545,6237,8574,8481,2070,26,3440,3278,2824,1869,473,1022697
2020,2,11680656,도곡2동,192577,131699,60878,923,36796,75687,55314,19948,3909,583,19659,51843,42526,14511,2577,340,17137,23844,12788,5437,1332,1025651
2020,2,11680660,개포1동,15275,9460,5815,73,2307,3850,3864,3409,1772,30,1198,2213,2559,2200,1260,43,1109,1637,1305,1209,512,973078
2020,2,11680670,개포2동,12591,8055,4536,36,2224,3720,3187,2157,1267,14,984,2288,2301,1496,972,22,1240,1432,886,661,295,2371826
2020,2,11680690,개포4동,8809,6333,2476,21,1063,1992,2481,2105,1147,9,526,1333,1880,1637,948,12,537,659,601,468,199,1561449
2020,2,11680700,세곡동,1534,879,655,10,124,276,310,436,378,5,55,140,178,256,245,5,69,136,132,180,133,5894759
2020,2,11680720,일원본동,36779,20548,16231,181,9454,10978,8976,5878,1312,82,3541,6120,5771,4133,901,99,5913,4858,3205,1745,411,2381558
2020,2,11680730,일원1동,2518,1370,1148,4,343,476,566,543,586,2,149,251,293,284,391,2,194,225,273,259,195,947888
2020,2,11680740,일원2동,5600,3682,1918,17,832,1447,1587,1319,398,5,407,891,1091,992,296,12,425,556,496,327,102,1043911
2020,2,11680750,수서동,18037,9516,8521,27,2570,4859,4850,3583,2148,15,1151,2611,2544,1902,1293,12,1419,2248,2306,1681,855,1648393
2020,2,11710510,풍납1동,1718,964,754,1,228,386,435,451,217,1,120,208,229,240,166,0,108,178,206,211,51,1057487
2020,2,11710520,풍납2동,23596,11568,12028,3,5113,8054,5886,3553,987,0,1384,4183,3091,2173,737,3,3729,3871,2795,1380,250,1999222
2020,2,11710531,거여1동,3835,2832,1003,11,951,1067,919,530,357,9,659,841,701,364,258,2,292,226,218,166,99,512307
2020,2,11710532,거여2동,2949,1521,1428,13,377,486,723,876,474,6,209,286,369,392,259,7,168,200,354,484,215,510046
2020,2,11710540,마천1동,944,462,482,2,112,200,269,244,117,1,46,98,125,114,78,1,66,102,144,130,39,504704
2020,2,11710550,마천2동,2595,1638,957,1,262,600,708,658,366,0,155,375,407,397,304,1,107,225,301,261,62,936181
2020,2,11710561,방이1동,9129,6671,2458,30,952,1771,2392,2432,1552,19,450,1125,1786,1953,1338,11,502,646,606,479,214,581968
2020,2,11710562,방이2동,24911,14324,10587,53,4019,6387,5622,5295,3535,37,2261,4157,3442,2476,1951,16,1758,2230,2180,2819,1584,763928
2020,2,11710566,오륜동,25084,14536,10548,45,4062,7583,6511,5022,1861,14,1636,3946,4187,3325,1428,31,2426,3637,2324,1697,433,3150411
2020,2,11710570,오금동,27453,19222,8231,45,3634,6524,6929,6618,3703,29,2129,4408,5118,5014,2524,16,1505,2116,1811,1604,1179,1691111
2020,2,11710580,송파1동,8660,5413,3247,19,1228,1938,2145,1877,1453,8,530,1150,1399,1255,1071,11,698,788,746,622,382,683881
2020,2,11710590,송파2동,14196,8974,5222,63,2237,3514,3721,3393,1268,47,1080,2233,2681,2128,805,16,1157,1281,1040,1265,463,636016
2020,2,11710600,석촌동,8870,5856,3014,20,1074,2021,2072,1815,1868,12,607,1458,1402,1073,1304,8,467,563,670,742,564,943819
2020,2,11710610,삼전동,7762,5230,2532,5,936,1763,1740,1549,1769,5,530,1154,1145,951,1445,0,406,609,595,598,324,992437
2020,2,11710620,가락본동,27955,16882,11073,89,3790,6716,6396,5452,5512,37,1813,4194,4281,3158,3399,52,1977,2522,2115,2294,2113,1024764
2020,2,11710631,가락1동,5913,4134,1779,0,404,1101,1627,1695,1086,0,271,843,1198,1111,711,0,133,258,429,584,375,1357317
2020,2,11710632,가락2동,10171,6862,3309,22,1354,2162,2015,1893,2725,16,801,1478,1339,1132,2096,6,553,684,676,761,629,934057
2020,2,11710641,문정1동,34975,27013,7962,17,3178,6528,10070,13196,1986,9,1869,4711,7830,11299,1295,8,1309,1817,2240,1897,691,604321
2020,2,11710642,문정2동,41453,26054,15399,81,5936,12616,12707,7337,2776,36,2842,7120,8712,5617,1727,45,3094,5496,3995,1720,1049,2387651
2020,2,11710646,장지동,6769,4617,2152,13,730,1085,1597,1784,1560,4,406,721,1070,1256,1160,9,324,364,527,528,400,1295680
2020,2,11710647,위례동,1271,1218,53,0,4,80,347,684,156,0,4,78,336,652,148,0,0,2,11,32,8,2626871
2020,2,11710650,잠실본동,9422,6016,3406,45,1284,1797,2201,2088,2007,4,575,1097,1382,1438,1520,41,709,700,819,650,487,1136161
2020,2,11710670,잠실2동,7793,5196,2597,10,1494,2265,2042,1556,426,9,938,1589,1387,1026,247,1,556,676,655,530,179,2886358
2020,2,11710680,잠실3동,21831,14806,7025,108,3990,5469,5434,4132,2698,48,2079,3783,4024,2965,1907,60,1911,1686,1410,1167,791,1506573
2020,2,11710690,잠실4동,9652,7756,1896,42,1285,3032,2803,2051,439,18,925,2493,2310,1675,335,24,360,539,493,376,104,838370
2020,2,11710710,잠실6동,46691,24881,21810,93,7429,12391,13316,11902,1560,29,3439,7617,7686,4936,1174,64,3990,4774,5630,6966,386,1403041
2020,2,11710720,잠실7동,14130,6338,7792,52,1984,2775,3999,4487,833,31,995,1820,1888,1074,530,21,989,955,2111,3413,303,675008
2020,2,11740515,강일동,1357,886,471,0,196,292,374,333,162,0,98,199,237,215,137,0,98,93,137,118,25,3722759
2020,2,11740520,상일동,3611,1827,1784,6,521,804,899,953,428,2,177,402,542,432,272,4,344,402,357,521,156,1801282
2020,2,11740530,명일1동,4220,2357,1863,9,623,1131,1061,762,634,4,293,679,693,390,298,5,330,452,368,372,336,630284
2020,2,11740540,명일2동,2874,1969,905,5,337,819,768,610,335,3,172,581,558,393,262,2,165,238,210,217,73,920946
2020,2,11740550,고덕1동,2188,1136,1052,0,240,487,569,526,366,0,108,271,280,241,236,0,132,216,289,285,130,1906565
2020,2,11740560,고덕2동,1985,1260,725,0,118,259,426,694,488,0,27,115,243,481,394,0,91,144,183,213,94,2408099
2020,2,11740570,암사1동,3940,2413,1527,6,504,843,830,791,966,2,246,550,529,537,549,4,258,293,301,254,417,738366
2020,2,11740580,암사2동,2638,964,1674,3,269,441,620,793,512,3,97,204,251,229,180,0,172,237,369,564,332,2337773
2020,2,11740590,암사3동,3192,1912,1280,6,286,449,571,829,1051,3,146,269,312,478,704,3,140,180,259,351,347,1843902
2020,2,11740600,천호1동,2450,1407,1043,6,246,461,597,573,567,1,100,239,304,336,427,5,146,222,293,237,140,669571
2020,2,11740610,천호2동,3817,1970,1847,14,484,802,933,884,700,8,199,378,464,440,481,6,285,424,469,444,219,1828343
2020,2,11740620,천호3동,2763,1566,1197,3,170,305,475,502,1308,3,64,139,236,255,869,0,106,166,239,247,439,569450
2020,2,11740640,성내1동,17072,11605,5467,42,2020,3567,3667,4407,3369,17,1169,2225,2403,3188,2603,25,851,1342,1264,1219,766,658437
2020,2,11740650,성내2동,2304,1410,894,7,391,474,511,467,454,3,252,290,298,287,280,4,139,184,213,180,174,624632
2020,2,11740660,성내3동,4641,2789,1852,15,658,1034,1162,962,810,13,344,656,703,541,532,2,314,378,459,421,278,641973
2020,2,11740685,길동,9468,4805,4663,25,1369,1886,2128,2298,1762,15,541,1001,1136,1055,1057,10,828,885,992,1243,705,1590598
2020,2,11740690,둔촌1동,1519,845,674,2,191,367,379,391,189,2,92,205,217,206,123,0,99,162,162,185,66,897261
2020,2,11740700,둔촌2동,4961,2239,2722,4,946,1293,1058,1026,634,2,281,537,526,489,404,2,665,756,532,537,230,1592001
2020,3,11110515,청운효자동,10599,6822,3777,64,1923,3056,2946,1868,742,7,840,1920,2194,1349,512,57,1083,1136,752,519,230,2429899
2020,3,11110530,사직동,47644,29862,17782,54,6289,13458,14357,9444,4042,14,2631,8297,9837,6598,2485,40,3658,5161,4520,2846,1557,1161995
2020,3,11110540,삼청동,5857,4746,1111,3,726,1549,1816,1379,384,0,460,1187,1542,1228,329,3,266,362,274,151,55,1391632
2020,3,11110550,부암동,4115,2286,1829,8,695,1179,1099,798,336,3,287,651,630,483,232,5,408,528,469,315,104,2221363
2020,3,11110560,평창동,23179,12994,10185,45,2878,6197,7579,5016,1464,18,1373,3171,4476,3013,943,27,1505,3026,3103,2003,521,8346900
2020,3,11110570,무악동,608,169,439,7,168,169,147,80,37,6,35,32,47,26,23,1,133,137,100,54,14,453220
2020,3,11110580,교남동,1054,573,481,3,120,303,288,205,135,1,41,130,160,137,104,2,79,173,128,68,31,355267
2020,3,11110600,가회동,11733,8734,2999,7,1263,4028,3520,2203,712,6,655,2966,2751,1812,544,1,608,1062,769,391,168,565302
2020,3,11110615,종로1.2.3.4가동,97454,53688,43766,1427,19757,29600,26670,15289,4711,620,8610,14863,15621,10764,3210,807,11147,14737,11049,4525,1501,2430999
2020,3,11110630,종로5.6가동,15586,9736,5850,407,3611,4483,3824,2368,893,114,1498,2890,2796,1818,620,293,2113,1593,1028,550,273,599631
2020,3,11110640,이화동,4320,2233,2087,13,799,1250,969,716,573,6,257,580,533,450,407,7,542,670,436,266,166,747067
2020,3,11110650,혜화동,7583,3906,3677,30,1099,1842,1968,1690,954,22,380,887,1092,962,563,8,719,955,876,728,391,1161303
2020,3,11110670,창신1동,1307,566,741,1,117,231,397,315,246,0,47,88,128,140,163,1,70,143,269,175,83,297271
2020,3,11110680,창신2동,344,116,228,0,22,40,89,116,77,0,4,11,32,39,30,0,18,29,57,77,47,257188
2020,3,11110690,창신3동,300,142,158,1,38,80,74,78,29,0,14,34,35,41,18,1,24,46,39,37,11,216230
2020,3,11110700,숭인1동,460,210,250,1,87,99,102,101,70,0,16,42,51,53,48,1,71,57,51,48,22,236777
2020,3,11110710,숭인2동,1942,998,944,9,288,341,456,464,384,5,89,162,255,278,209,4,199,179,201,186,175,359384
2020,3,11140520,소공동,77621,41235,36386,404,22462,24512,17089,10256,2898,116,7299,12197,12188,7499,1936,288,15163,12315,4901,2757,962,918284
2020,3,11140540,회현동,58707,36279,22428,199,10994,20697,16048,8525,2244,68,5132,12355,10455,6703,1566,131,5862,8342,5593,1822,678,909465
2020,3,11140550,명동,72842,42181,30661,107,11893,24543,19765,12940,3594,41,4759,12660,12746,9546,2429,66,7134,11883,7019,3394,1165,993909
2020,3,11140570,필동,17326,8138,9188,41,2496,4382,5347,3778,1282,16,842,2168,2509,1776,827,25,1654,2214,2838,2002,455,1458582
2020,3,11140580,장충동,10399,5498,4901,51,2383,2853,2690,1978,444,13,839,1601,1603,1139,303,38,1544,1252,1087,839,141,1013897
2020,3,11140590,광희동,42563,21211,21352,438,12212,11223,8738,6741,3211,189,5938,6528,5063,2291,1202,249,6274,4695,3675,4450,2009,745387
2020,3,11140605,을지로동,15876,8638,7238,70,3840,3857,3445,2740,1924,17,1004,2126,2236,1904,1351,53,2836,1731,1209,836,573,612013
2020,3,11140615,신당동,3199,1726,1473,33,894,680,608,585,399,13,401,354,314,373,271,20,493,326,294,212,128,536647
2020,3,11140625,다산동,6567,4125,2442,12,1165,2090,1574,1149,577,3,481,1432,1099,702,408,9,684,658,475,447,169,532721
2020,3,11140635,약수동,17658,6830,10828,51,2837,6596,4891,2424,859,11,862,2322,1622,1389,624,40,1975,4274,3269,1035,235,509395
2020,3,11140645,청구동,3104,1714,1390,6,455,830,727,664,422,3,157,432,465,413,244,3,298,398,262,251,178,345114
2020,3,11140650,신당5동,888,481,407,5,105,180,211,194,193,5,47,80,109,105,135,0,58,100,102,89,58,310367
2020,3,11140665,동화동,1515,690,825,2,239,367,399,321,187,1,62,130,194,177,126,1,177,237,205,144,61,330049
2020,3,11140670,황학동,1714,1102,612,1,271,455,422,342,223,1,157,285,265,225,169,0,114,170,157,117,54,327694
2020,3,11140680,중림동,4348,2429,1919,3,913,1392,1134,599,307,2,420,754,630,399,224,1,493,638,504,200,83,487576
2020,3,11170510,후암동,2324,1371,953,9,361,509,641,516,288,7,137,304,418,306,199,2,224,205,223,210,89,868399
2020,3,11170520,용산2가동,1797,1267,530,0,151,298,628,604,116,0,59,164,490,473,81,0,92,134,138,131,35,2047347
2020,3,11170530,남영동,19806,8350,11456,186,7630,4738,3864,2594,794,21,1419,2647,2276,1392,595,165,6211,2091,1588,1202,199,735947
2020,3,11170555,청파동,6199,3155,3044,15,1161,1691,1313,1125,894,9,352,717,729,683,665,6,809,974,584,442,229,867676
2020,3,11170560,원효로1동,4597,3132,1465,20,705,1238,1205,843,586,11,419,888,836,575,403,9,286,350,369,268,183,589294
2020,3,11170570,원효로2동,4689,3358,1331,18,748,1416,1292,749,466,8,427,1010,992,554,367,10,321,406,300,195,99,915567
2020,3,11170580,효창동,1650,938,712,3,218,413,465,364,187,2,103,244,278,184,127,1,115,169,187,180,60,470670
2020,3,11170590,용문동,2704,1564,1140,11,527,731,738,502,195,7,221,429,436,337,134,4,306,302,302,165,61,289284
2020,3,11170625,한강로동,46798,23081,23717,183,9588,14660,13381,6834,2152,87,3903,6856,6645,4163,1427,96,5685,7804,6736,2671,725,3358956
2020,3,11170630,이촌1동,10866,6950,3916,53,1764,2919,3039,2219,872,34,876,1798,2142,1493,607,19,888,1121,897,726,265,2143668
2020,3,11170640,이촌2동,2906,1976,930,8,411,803,858,630,196,3,184,508,647,491,143,5,227,295,211,139,53,1191110
2020,3,11170650,이태원1동,13032,5710,7322,26,3821,5020,2527,1241,397,14,981,2109,1399,905,302,12,2840,2911,1128,336,95,579369
2020,3,11170660,이태원2동,1256,695,561,5,212,404,318,197,120,2,96,223,170,109,95,3,116,181,148,88,25,879018
2020,3,11170685,한남동,41936,30663,11273,135,6886,12388,11001,9626,1900,89,3268,8250,8924,8617,1515,46,3618,4138,2077,1009,385,3198883
2020,3,11170690,서빙고동,14760,9641,5119,37,2594,4320,4488,2356,965,15,1239,2528,3277,1861,721,22,1355,1792,1211,495,244,2198117
2020,3,11170700,보광동,1059,532,527,1,137,225,268,258,170,1,26,109,139,145,112,0,111,116,129,113,58,890496
2020,3,11200520,왕십리2동,1271,739,532,2,178,325,371,275,120,2,86,170,224,171,86,0,92,155,147,104,34,385254
2020,3,11200535,왕십리도선동,5949,2726,3223,23,982,1143,1247,1456,1098,4,341,631,669,614,467,19,641,512,578,842,631,718816
2020,3,11200540,마장동,7683,5451,2232,32,651,1345,1769,2510,1376,28,387,920,1288,1803,1025,4,264,425,481,707,351,1082999
2020,3,11200550,사근동,2650,1837,813,2,159,472,841,788,388,2,59,297,569,596,314,0,100,175,272,192,74,1182945
2020,3,11200560,행당1동,2319,1568,751,1,295,484,585,660,294,0,147,301,407,501,212,1,148,183,178,159,82,552563
2020,3,11200570,행당2동,268,104,164,0,31,57,76,66,38,0,14,23,24,16,27,0,17,34,52,50,11,457197
2020,3,11200580,응봉동,1688,695,993,12,400,449,373,285,169,2,89,156,175,146,127,10,311,293,198,139,42,547736
2020,3,11200590,금호1가동,2304,858,1446,15,272,750,937,260,70,0,88,248,371,102,49,15,184,502,566,158,21,441318
2020,3,11200615,금호2.3가동,697,365,332,0,81,125,162,160,169,0,19,50,81,89,126,0,62,75,81,71,43,638261
2020,3,11200620,금호4가동,1325,788,537,1,151,308,364,321,180,1,56,159,235,201,136,0,95,149,129,120,44,935263
2020,3,11200645,옥수동,4797,1850,2947,5,1224,1430,1087,720,331,0,306,528,505,337,174,5,918,902,582,383,157,1239152
2020,3,11200650,성수1가1동,3598,2239,1359,3,455,758,804,958,620,1,209,469,512,643,405,2,246,289,292,315,215,2248463
2020,3,11200660,성수1가2동,6253,4303,1950,24,1005,1267,1316,1341,1300,15,597,847,852,960,1032,9,408,420,464,381,268,984783
2020,3,11200670,성수2가1동,10042,6355,3687,107,2280,2880,2284,1625,866,57,1033,1862,1557,1147,699,50,1247,1018,727,478,167,1126355
2020,3,11200690,성수2가3동,23863,15312,8551,83,3917,6067,5966,4768,3062,63,2176,4061,4011,2880,2121,20,1741,2006,1955,1888,941,1050781
2020,3,11200720,송정동,1247,754,493,1,181,290,313,250,212,0,88,178,172,148,168,1,93,112,141,102,44,584812
2020,3,11200790,용답동,4708,2845,1863,30,1172,1311,961,753,481,2,511,843,633,476,380,28,661,468,328,277,101,2379362
2020,3,11215710,화양동,2657,1683,974,9,345,425,649,775,454,4,131,230,425,533,360,5,214,195,224,242,94,1124376
2020,3,11215730,군자동,2363,1289,1074,5,295,494,527,536,506,2,119,258,304,283,323,3,176,236,223,253,183,733236
2020,3,11215740,중곡1동,5496,2668,2828,82,1416,1044,1099,1287,568,28,605,563,545,517,410,54,811,481,554,770,158,602769
2020,3,11215750,중곡2동,2814,1604,1210,4,390,568,717,661,474,1,239,330,379,348,307,3,151,238,338,313,167,544807
2020,3,11215760,중곡3동,1489,932,557,4,181,361,396,333,214,0,97,252,232,209,142,4,84,109,164,124,72,600824
2020,3,11215770,중곡4동,5044,2482,2562,6,871,1221,1285,1169,492,4,254,568,628,634,394,2,617,653,657,535,98,2295463
2020,3,11215780,능동,2288,1405,883,7,330,533,589,459,370,3,160,314,371,276,281,4,170,219,218,183,89,1094134
2020,3,11215810,광장동,16633,10092,6541,181,5160,4368,3223,2556,1145,56,2475,2824,2177,1712,848,125,2685,1544,1046,844,297,2889609
2020,3,11215820,자양1동,12360,9726,2634,5,844,1746,3349,5029,1387,5,378,1117,2682,4367,1177,0,466,629,667,662,210,621606
2020,3,11215830,자양2동,5005,3083,1922,20,716,1123,1284,1268,594,12,473,710,764,692,432,8,243,413,520,576,162,1630926
2020,3,11215840,자양3동,3267,2282,985,10,377,720,882,876,402,7,226,459,629,642,319,3,151,261,253,234,83,1145609
2020,3,11215847,자양4동,1255,857,398,4,130,321,324,257,219,1,72,241,217,160,166,3,58,80,107,97,53,1148618
2020,3,11215850,구의1동,3628,2155,1473,9,515,899,1000,818,387,8,269,519,553,530,276,1,246,380,447,288,111,553095
2020,3,11215860,구의2동,4204,2612,1592,56,598,727,1055,1126,642,24,306,400,689,739,454,32,292,327,366,387,188,1363952
2020,3,11215870,구의3동,12940,7885,5055,27,1521,2728,3129,3229,2306,8,873,1900,2126,1661,1317,19,648,828,1003,1568,989,1453971
2020,3,11230536,용신동,23899,12377,11522,56,2872,5303,5905,5893,3870,28,1358,3033,3112,2709,2137,28,1514,2270,2793,3184,1733,1590771
2020,3,11230545,제기동,5479,3268,2211,10,735,1334,1323,1152,925,3,312,789,843,680,641,7,423,545,480,472,284,1184853
2020,3,11230560,전농1동,1514,938,576,1,176,267,395,411,264,0,109,167,260,255,147,1,67,100,135,156,117,1140490
2020,3,11230570,전농2동,4013,2089,1924,4,468,848,1061,1068,564,1,193,397,571,552,375,3,275,451,490,516,189,983768
2020,3,11230600,답십리1동,7913,4423,3490,29,1384,1820,2096,1861,723,23,1021,1330,939,613,497,6,363,490,1157,1248,226,838156
2020,3,11230610,답십리2동,2658,1686,972,13,231,434,627,675,678,9,113,266,398,427,473,4,118,168,229,248,205,814945
2020,3,11230650,장안1동,10768,6778,3990,34,1470,2114,2327,2359,2464,26,880,1351,1448,1427,1646,8,590,763,879,932,818,1360347
2020,3,11230660,장안2동,6304,3377,2927,46,1936,1218,1256,1163,685,27,1005,698,580,567,500,19,931,520,676,596,185,1119438
2020,3,11230705,청량리동,4909,2614,2295,7,873,1407,941,916,765,5,334,799,527,516,433,2,539,608,414,400,332,1197287
2020,3,11230710,회기동,784,371,413,1,93,180,195,178,137,1,28,71,89,84,98,0,65,109,106,94,39,829432
2020,3,11230720,휘경1동,1541,916,625,6,170,299,389,393,284,1,69,170,247,271,158,5,101,129,142,122,126,519932
2020,3,11230730,휘경2동,4402,2273,2129,7,589,968,1138,1052,648,4,174,461,596,562,476,3,415,507,542,490,172,1207585
2020,3,11230740,이문1동,3956,1765,2191,2,764,1016,1046,758,370,2,153,385,514,448,263,0,611,631,532,310,107,986690
2020,3,11230750,이문2동,2210,1168,1042,2,268,474,498,560,408,1,93,229,233,307,305,1,175,245,265,253,103,698476
2020,3,11260520,면목2동,1492,821,671,4,152,249,327,436,324,2,51,112,171,247,238,2,101,137,156,189,86,743106
2020,3,11260540,면목4동,1624,1162,462,2,121,264,432,588,217,1,55,160,292,481,173,1,66,104,140,107,44,821882
2020,3,11260550,면목5동,1080,728,352,1,105,184,287,266,237,1,67,138,140,175,207,0,38,46,147,91,30,591696
2020,3,11260565,면목본동,1764,942,822,1,239,402,450,411,261,0,88,202,232,232,188,1,151,200,218,179,73,840931
2020,3,11260570,면목7동,1410,772,638,2,173,268,338,383,246,2,59,120,177,222,192,0,114,148,161,161,54,1202721
2020,3,11260575,면목3.8동,3459,2159,1300,7,341,614,876,936,685,2,118,323,518,673,525,5,223,291,358,263,160,1591050
2020,3,11260580,상봉1동,2494,1712,782,14,302,440,512,653,573,11,192,268,288,449,504,3,110,172,224,204,69,917193
2020,3,11260590,상봉2동,5328,3673,1655,17,631,1376,1754,1205,345,13,369,964,1173,877,277,4,262,412,581,328,68,658991
2020,3,11260600,중화1동,1960,1037,923,0,232,422,498,463,345,0,88,173,242,258,276,0,144,249,256,205,69,637209
2020,3,11260610,중화2동,1532,868,664,9,181,236,386,343,377,7,89,111,195,197,269,2,92,125,191,146,108,960402
2020,3,11260620,묵1동,2604,1240,1364,4,285,604,740,629,342,1,102,281,337,286,233,3,183,323,403,343,109,1184393
2020,3,11260630,묵2동,2062,1388,674,1,299,504,494,556,208,1,171,341,326,406,143,0,128,163,168,150,65,682005
2020,3,11260655,망우본동,3426,1795,1631,14,378,625,767,1024,618,1,129,240,362,566,497,13,249,385,405,458,121,3074745
2020,3,11260660,망우3동,1076,573,503,1,96,157,257,314,251,1,35,66,120,172,179,0,61,91,137,142,72,967313
2020,3,11260680,신내1동,4236,2022,2214,1,751,927,776,1110,671,1,204,389,373,545,510,0,547,538,403,565,161,2361684
2020,3,11260690,신내2동,3776,2095,1681,8,503,948,927,926,464,5,209,446,476,601,358,3,294,502,451,325,106,939758
2020,3,11290525,성북동,21687,17006,4681,40,2803,5282,6268,6458,836,10,1571,3741,5133,5944,607,30,1232,1541,1135,514,229,3067396
2020,3,11290555,삼선동,8489,4281,4208,12,989,2081,2548,1994,865,7,386,982,1255,1161,490,5,603,1099,1293,833,375,1177823
2020,3,11290575,동선동,13453,8030,5423,71,2016,3140,4103,2542,1581,29,921,1822,2692,1806,760,42,1095,1318,1411,736,821,729672
2020,3,11290580,돈암1동,2327,1066,1261,9,677,705,483,320,133,0,162,352,256,181,115,9,515,353,227,139,18,461503
2020,3,11290590,돈암2동,786,307,479,0,124,193,185,166,118,0,27,76,66,66,72,0,97,117,119,100,46,414465
2020,3,11290600,안암동,4701,3040,1661,8,655,1208,1300,1017,513,3,333,749,834,719,402,5,322,459,466,298,111,1295307
2020,3,11290610,보문동,6952,5271,1681,6,667,2047,1463,1460,1309,2,365,1644,1172,1170,918,4,302,403,291,290,391,551172
2020,3,11290620,정릉1동,1510,775,735,6,194,258,363,415,274,1,63,99,171,223,218,5,131,159,192,192,56,475568
2020,3,11290630,정릉2동,1767,779,988,0,288,422,477,380,200,0,74,181,190,185,149,0,214,241,287,195,51,1165255
2020,3,11290640,정릉3동,2435,1644,791,15,383,693,589,440,315,14,207,493,414,314,202,1,176,200,175,126,113,3182234
2020,3,11290650,정릉4동,2397,1466,931,2,201,361,582,760,491,0,64,181,369,511,341,2,137,180,213,249,150,3714207
2020,3,11290660,길음1동,5971,2941,3030,419,2166,1494,952,573,367,176,935,788,480,280,282,243,1231,706,472,293,85,753885
2020,3,11290685,길음2동,403,194,209,3,43,82,121,92,62,2,18,39,64,41,30,1,25,43,57,51,32,423663
2020,3,11290705,종암동,22143,11637,10506,63,1867,5587,7808,6320,498,13,799,2044,3568,4917,296,50,1068,3543,4240,1403,202,1494677
2020,3,11290715,월곡1동,2913,1690,1223,4,241,394,599,661,1014,4,93,182,301,389,721,0,148,212,298,272,293,974658
2020,3,11290725,월곡2동,4825,3059,1766,6,757,1363,1166,854,679,1,379,896,712,512,559,5,378,467,454,342,120,1330228
2020,3,11290760,장위1동,1324,690,634,2,238,278,309,277,220,1,110,154,156,135,134,1,128,124,153,142,86,714821
2020,3,11290770,장위2동,1746,1050,696,3,158,292,415,420,458,2,57,144,233,260,354,1,101,148,182,160,104,682224
2020,3,11290780,장위3동,1195,728,467,6,175,228,252,297,237,2,65,121,143,188,209,4,110,107,109,109,28,663549
2020,3,11290810,석관동,3732,2418,1314,15,344,584,700,754,1335,8,170,353,396,466,1025,7,174,231,304,288,310,1773773
2020,3,11305534,삼양동,1087,628,459,5,145,205,255,257,220,3,60,98,133,160,174,2,85,107,122,97,46,959451
2020,3,11305535,미아동,1852,1039,813,2,199,342,519,500,290,2,86,168,289,302,192,0,113,174,230,198,98,835492
2020,3,11305545,송중동,2249,1126,1123,13,239,363,636,577,421,11,98,158,279,282,298,2,141,205,357,295,123,1085065
2020,3,11305555,송천동,1900,953,947,3,145,324,405,482,541,2,42,149,190,273,297,1,103,175,215,209,244,928301
2020,3,11305575,삼각산동,1296,708,588,1,227,343,406,210,109,0,93,192,227,105,91,1,134,151,179,105,18,603256
2020,3,11305590,번1동,2555,1499,1056,2,322,516,510,657,548,0,139,316,307,420,317,2,183,200,203,237,231,619363
2020,3,11305600,번2동,1378,655,723,1,201,205,357,390,224,0,85,107,157,187,119,1,116,98,200,203,105,992960
2020,3,11305606,번3동,1263,689,574,11,130,211,308,355,248,7,51,100,168,196,167,4,79,111,140,159,81,1075371
2020,3,11305610,수유1동,1920,874,1046,2,205,347,488,555,323,0,58,142,208,241,225,2,147,205,280,314,98,1748455
2020,3,11305620,수유2동,2234,1188,1046,1,106,172,424,659,872,0,30,90,268,448,352,1,76,82,156,211,520,593685
2020,3,11305630,수유3동,3373,1716,1657,10,366,813,867,875,442,8,144,349,403,534,278,2,222,464,464,341,164,725084
2020,3,11305645,우이동,2843,1746,1097,4,171,263,394,670,1341,3,51,126,214,460,892,1,120,137,180,210,449,10680138
2020,3,11305660,인수동,4296,2497,1799,5,441,856,1098,1223,673,3,164,453,662,728,487,2,277,403,436,495,186,2869695
2020,3,11320511,창1동,1790,815,975,6,246,361,472,484,221,3,96,141,213,228,134,3,150,220,259,256,87,1104916
2020,3,11320512,창2동,2466,1391,1075,11,299,549,665,571,371,10,137,321,363,293,267,1,162,228,302,278,104,654615
2020,3,11320513,창3동,775,403,372,1,82,159,233,192,108,0,23,87,136,93,64,1,59,72,97,99,44,635079
2020,3,11320514,창4동,2748,1715,1033,2,290,528,680,746,502,1,128,279,400,499,408,1,162,249,280,247,94,1155759
2020,3,11320515,창5동,7090,4488,2602,9,817,1585,1749,1494,1436,7,427,1088,1176,819,971,2,390,497,573,675,465,676820
2020,3,11320521,도봉1동,2162,1429,733,1,104,246,486,761,564,1,26,129,286,544,443,0,78,117,200,217,121,8547209
2020,3,11320522,도봉2동,2128,1350,778,1,113,274,364,537,839,0,39,137,202,352,620,1,74,137,162,185,219,1204332
2020,3,11320660,쌍문1동,1769,844,925,0,216,280,472,488,313,0,56,101,185,251,251,0,160,179,287,237,62,1177010
2020,3,11320670,쌍문2동,1469,825,644,1,171,253,341,415,288,0,53,115,179,260,218,1,118,138,162,155,70,539384
2020,3,11320680,쌍문3동,2022,963,1059,4,437,452,474,472,183,3,113,208,246,266,127,1,324,244,228,206,56,504867
2020,3,11320681,쌍문4동,1365,711,654,0,144,324,378,347,172,0,43,156,192,184,136,0,101,168,186,163,36,543784
2020,3,11320690,방학1동,6582,3804,2778,14,664,1442,1618,1954,890,11,355,839,836,1104,659,3,309,603,782,850,231,1041785
2020,3,11320700,방학2동,1017,474,543,0,95,205,247,208,262,0,40,102,115,103,114,0,55,103,132,105,148,1102018
2020,3,11320710,방학3동,3005,1804,1201,10,510,688,696,694,407,9,324,395,438,336,302,1,186,293,258,358,105,1856777
2020,3,11350560,월계1동,2944,1588,1356,13,437,682,771,582,459,5,201,406,393,299,284,8,236,276,378,283,175,1218934
2020,3,11350570,월계2동,1268,617,651,8,146,281,342,348,143,6,54,111,154,182,110,2,92,170,188,166,33,1991095
2020,3,11350580,월계3동,1336,679,657,1,159,239,341,396,200,1,62,126,151,207,132,0,97,113,190,189,68,1133881
2020,3,11350595,공릉1동,6301,3404,2897,8,659,982,1376,1729,1547,4,299,541,682,893,985,4,360,441,694,836,562,1217193
2020,3,11350600,공릉2동,7078,3252,3826,29,1186,1746,1707,1652,758,3,368,800,796,808,477,26,818,946,911,844,281,7207339
2020,3,11350611,하계1동,4631,2934,1697,10,541,947,1177,1316,640,7,252,547,704,929,495,3,289,400,473,387,145,1467562
2020,3,11350612,하계2동,1414,910,504,2,145,263,384,465,155,0,82,161,240,294,133,2,63,102,144,171,22,513857
2020,3,11350619,중계본동,1798,881,917,8,209,368,445,499,269,6,100,188,195,227,165,2,109,180,250,272,104,2094464
2020,3,11350621,중계1동,2169,1191,978,4,284,476,650,541,214,3,119,259,345,297,168,1,165,217,305,244,46,624508
2020,3,11350624,중계4동,2064,1128,936,12,201,421,483,539,408,7,75,203,253,283,307,5,126,218,230,256,101,1540528
2020,3,11350625,중계2.3동,2225,1256,969,5,288,582,570,571,209,4,170,349,294,305,134,1,118,233,276,266,75,912217
2020,3,11350630,상계1동,5569,3527,2042,23,644,1148,1345,1414,995,18,369,775,875,881,609,5,275,373,470,533,386,4997346
2020,3,11350640,상계2동,2484,1209,1275,6,342,425,617,634,460,3,127,236,291,302,250,3,215,189,326,332,210,629194
2020,3,11350665,상계3.4동,2544,1732,812,3,165,260,597,910,609,0,56,122,368,685,501,3,109,138,229,225,108,5751720
2020,3,11350670,상계5동,1660,818,842,3,106,178,280,408,685,2,49,105,127,172,363,1,57,73,153,236,322,473604
2020,3,11350695,상계6.7동,6346,2810,3536,19,890,1498,1624,1611,704,11,233,564,725,883,394,8,657,934,899,728,310,1434043
2020,3,11350700,상계8동,1180,616,564,3,167,344,290,263,113,1,59,215,121,143,77,2,108,129,169,120,36,668937
2020,3,11350710,상계9동,2626,1662,964,2,339,658,654,741,232,2,184,418,385,493,180,0,155,240,269,248,52,833448
2020,3,11350720,상계10동,1064,449,615,0,164,226,285,302,87,0,35,95,112,144,63,0,129,131,173,158,24,802642
2020,3,11380510,녹번동,5199,2759,2440,14,602,1221,1380,1375,607,9,291,593,665,805,396,5,311,628,715,570,211,1923020
2020,3,11380520,불광1동,2998,1338,1660,2,357,739,805,719,376,1,132,326,366,325,188,1,225,413,439,394,188,2948578
2020,3,11380530,불광2동,3761,1779,1982,6,360,553,652,772,1418,2,129,273,265,316,794,4,231,280,387,456,624,1756596
2020,3,11380551,갈현1동,2607,1348,1259,11,445,605,620,564,362,7,183,321,312,288,237,4,262,284,308,276,125,909869
2020,3,11380552,갈현2동,3915,2012,1903,9,404,778,1023,1035,666,7,187,434,483,463,438,2,217,344,540,572,228,1018512
2020,3,11380560,구산동,4226,2257,1969,11,528,792,926,1316,653,1,201,351,441,827,436,10,327,441,485,489,217,1316383
2020,3,11380570,대조동,2617,1284,1333,5,323,553,704,596,436,4,119,269,331,267,294,1,204,284,373,329,142,867572
2020,3,11380580,응암1동,2895,1605,1290,7,306,489,680,669,744,5,141,230,355,339,535,2,165,259,325,330,209,1126418
2020,3,11380590,응암2동,886,578,308,1,121,110,187,246,221,1,70,59,114,150,184,0,51,51,73,96,37,554079
2020,3,11380600,응암3동,2405,1185,1220,1,258,552,669,597,328,0,98,277,312,280,218,1,160,275,357,317,110,933101
2020,3,11380625,역촌동,4796,2305,2491,13,788,971,1236,1098,690,3,286,444,580,528,464,10,502,527,656,570,226,1138805
2020,3,11380631,신사1동,2475,1318,1157,2,267,513,566,607,520,0,108,252,308,291,359,2,159,261,258,316,161,823498
2020,3,11380632,신사2동,1918,1332,586,5,228,379,473,475,358,5,169,255,279,313,311,0,59,124,194,162,47,1050676
2020,3,11380640,증산동,2901,1876,1025,2,366,760,794,654,325,2,169,509,520,431,245,0,197,251,274,223,80,929526
2020,3,11380650,수색동,1713,1083,630,0,229,456,415,337,276,0,114,291,258,213,207,0,115,165,157,124,69,1169504
2020,3,11380690,진관동,3595,1885,1710,4,367,871,969,867,517,2,170,543,543,367,260,2,197,328,426,500,257,12836383
2020,3,11410520,천연동,1823,985,838,2,163,301,468,629,260,2,55,136,264,369,159,0,108,165,204,260,101,866603
2020,3,11410555,북아현동,1845,1353,492,0,191,416,503,517,218,0,82,314,396,401,160,0,109,102,107,116,58,461555
2020,3,11410565,충현동,14174,8784,5390,22,1788,3587,3730,3349,1698,13,845,2173,2366,2194,1193,9,943,1414,1364,1155,505,1139343
2020,3,11410585,신촌동,5046,2648,2398,12,786,1329,1273,1079,567,7,305,582,652,701,401,5,481,747,621,378,166,2504686
2020,3,11410615,연희동,14856,9739,5117,82,2345,3661,3196,4080,1492,43,1297,2440,1997,2924,1038,39,1048,1221,1199,1156,454,2965760
2020,3,11410620,홍제1동,2477,1275,1202,5,265,373,628,847,359,2,77,175,328,475,218,3,188,198,300,372,141,1492096
2020,3,11410640,홍제3동,1201,596,605,4,116,149,247,307,378,1,41,59,115,157,223,3,75,90,132,150,155,1093373
2020,3,11410655,홍제2동,739,379,360,0,113,162,187,163,114,0,40,107,95,79,58,0,73,55,92,84,56,705399
2020,3,11410660,홍은1동,7584,1500,6084,3,262,551,2062,3659,1047,1,98,189,374,439,399,2,164,362,1688,3220,648,1538023
2020,3,11410685,홍은2동,5835,3769,2066,38,926,1570,1420,1250,631,32,524,1029,916,820,448,6,402,541,504,430,183,2049745
2020,3,11410690,남가좌1동,3999,2401,1598,11,278,511,694,993,1512,8,190,341,440,522,900,3,88,170,254,471,612,484765
2020,3,11410700,남가좌2동,1827,954,873,1,209,378,501,501,237,0,75,181,242,286,170,1,134,197,259,215,67,787125
2020,3,11410710,북가좌1동,1735,1356,379,0,49,111,193,343,1039,0,16,52,88,233,967,0,33,59,105,110,72,562752
2020,3,11410720,북가좌2동,3024,1541,1483,8,468,599,661,749,539,4,141,302,365,405,324,4,327,297,296,344,215,806705
2020,3,11440555,아현동,21735,12296,9439,102,4615,6562,6028,3715,713,39,1882,3574,3708,2579,514,63,2733,2988,2320,1136,199,870645
2020,3,11440565,공덕동,4512,2510,2002,5,835,1131,1160,834,547,3,376,615,615,516,385,2,459,516,545,318,162,891209
2020,3,11440585,도화동,13141,7986,5155,24,2416,3200,3302,2929,1270,12,1264,2199,2176,1526,809,12,1152,1001,1126,1403,461,863516
2020,3,11440590,용강동,13156,7855,5301,14,1924,3211,3079,2623,2305,10,946,1922,2058,1523,1396,4,978,1289,1021,1100,909,910388
2020,3,11440600,대흥동,5628,2774,2854,65,2228,1272,827,772,464,22,867,656,452,470,307,43,1361,616,375,302,157,854083
2020,3,11440610,염리동,4625,2905,1720,75,840,1085,992,967,666,27,403,681,687,652,455,48,437,404,305,315,211,549601
2020,3,11440630,신수동,5551,3175,2376,13,666,1532,1540,1361,439,11,247,728,882,966,341,2,419,804,658,395,98,914314
2020,3,11440655,서강동,6283,3927,2356,43,1080,1516,1510,1228,906,27,531,894,993,811,671,16,549,622,517,417,235,1890596
2020,3,11440660,서교동,26929,13772,13157,135,5623,7564,6241,4397,2969,88,2299,3781,3441,2326,1837,47,3324,3783,2800,2071,1132,1641475
2020,3,11440680,합정동,5738,3211,2527,14,955,1644,1487,1049,589,11,379,809,935,673,404,3,576,835,552,376,185,1792621
2020,3,11440690,망원1동,3152,1749,1403,10,855,862,647,466,312,3,496,462,313,275,200,7,359,400,334,191,112,1111518
2020,3,11440700,망원2동,5202,3100,2102,17,652,971,1126,1575,861,10,356,715,787,731,501,7,296,256,339,844,360,1209563
2020,3,11440710,연남동,3217,1976,1241,4,518,761,779,678,477,4,232,413,461,463,403,0,286,348,318,215,74,641653
2020,3,11440720,성산1동,5856,3888,1968,19,756,1228,1340,1139,1374,15,371,762,855,795,1090,4,385,466,485,344,284,855779
2020,3,11440730,성산2동,2757,1239,1518,5,275,511,724,838,404,3,99,251,327,330,229,2,176,260,397,508,175,1990923
2020,3,11440740,상암동,15320,9403,5917,39,3231,5547,4162,1731,610,17,1420,3496,2771,1209,490,22,1811,2051,1391,522,120,7646126
2020,3,11470510,목1동,17427,11303,6124,49,3004,4738,4346,3560,1730,31,1399,3112,3084,2553,1124,18,1605,1626,1262,1007,606,1572490
2020,3,11470520,목2동,5530,3082,2448,4,766,1343,1466,1257,694,3,362,729,810,727,451,1,404,614,656,530,243,1021500
2020,3,11470530,목3동,2504,1376,1128,3,327,551,660,602,361,2,163,320,355,306,230,1,164,231,305,296,131,533074
2020,3,11470540,목4동,2879,1741,1138,7,354,627,828,712,351,4,144,373,493,453,274,3,210,254,335,259,77,578170
2020,3,11470550,목5동,31153,18954,12199,114,5058,8049,7547,6516,3869,55,2331,4850,4764,4269,2685,59,2727,3199,2783,2247,1184,2055129
2020,3,11470560,신월1동,2247,1444,803,6,213,373,517,727,411,3,111,232,314,480,304,3,102,141,203,247,107,625887
2020,3,11470570,신월2동,2996,1737,1259,12,259,472,804,817,632,9,142,279,419,437,451,3,117,193,385,380,181,608140
2020,3,11470580,신월3동,1679,963,716,2,177,310,382,494,314,0,66,132,204,310,251,2,111,178,178,184,63,932122
2020,3,11470590,신월4동,1813,1221,592,1,108,222,423,574,485,1,50,117,246,383,424,0,58,105,177,191,61,470224
2020,3,11470600,신월5동,2190,1209,981,8,278,535,546,550,273,5,127,267,283,322,205,3,151,268,263,228,68,523363
2020,3,11470610,신월6동,1115,652,463,1,118,205,253,306,232,0,45,105,138,173,191,1,73,100,115,133,41,437027
2020,3,11470611,신월7동,4359,2857,1502,4,467,719,896,1036,1237,3,345,547,588,630,744,1,122,172,308,406,493,1403954
2020,3,11470620,신정1동,11529,6746,4783,51,2038,2895,2893,2449,1203,46,852,1802,1740,1423,883,5,1186,1093,1153,1026,320,722680
2020,3,11470630,신정2동,13985,8015,5970,66,2513,4519,3729,2456,702,30,1020,2487,2309,1628,541,36,1493,2032,1420,828,161,594999
2020,3,11470640,신정3동,7062,5001,2061,7,570,1345,1760,1500,1880,1,271,809,1186,1046,1688,6,299,536,574,454,192,2650845
2020,3,11470650,신정4동,7226,3988,3238,16,1221,1286,1376,1506,1821,8,376,629,698,817,1460,8,845,657,678,689,361,996406
2020,3,11470670,신정6동,18155,11030,7125,92,3488,5238,4247,3672,1418,74,1698,3218,2712,2347,981,18,1790,2020,1535,1325,437,972556
2020,3,11470680,신정7동,5753,3432,2321,14,656,1376,1762,1305,640,8,306,770,1070,807,471,6,350,606,692,498,169,1144112
2020,3,11500510,염창동,19659,9116,10543,50,3048,5769,5855,3303,1634,29,1102,2522,2356,1821,1286,21,1946,3247,3499,1482,348,1957926
2020,3,11500520,등촌1동,8609,5163,3446,22,1724,2223,1900,1545,1195,13,636,1404,1311,1008,791,9,1088,819,589,537,404,649434
2020,3,11500530,등촌2동,4992,2944,2048,6,614,985,1193,1272,922,2,259,533,721,804,625,4,355,452,472,468,297,908847
2020,3,11500535,등촌3동,15349,8138,7211,44,1898,3259,3425,3797,2926,22,829,1783,2010,1848,1646,22,1069,1476,1415,1949,1280,1049363
2020,3,11500540,화곡1동,5031,2822,2209,21,535,1016,1247,1402,810,17,249,591,676,789,500,4,286,425,571,613,310,1194778
2020,3,11500550,화곡2동,1532,914,618,6,188,416,397,369,156,3,108,271,238,193,101,3,80,145,159,176,55,456061
2020,3,11500560,화곡3동,5333,3288,2045,10,724,1292,1364,1226,717,7,390,860,825,689,517,3,334,432,539,537,200,515596
2020,3,11500570,화곡4동,2710,1207,1503,3,637,730,552,506,282,2,151,317,267,269,201,1,486,413,285,237,81,853460
2020,3,11500590,화곡본동,2983,1681,1302,13,337,586,716,710,621,11,127,318,406,374,445,2,210,268,310,336,176,1007050
2020,3,11500591,화곡6동,10754,6820,3934,35,1515,2863,2741,2431,1169,9,750,1821,1754,1606,880,26,765,1042,987,825,289,1034624
2020,3,11500593,화곡8동,2037,1114,923,7,298,523,565,373,271,6,135,286,282,223,182,1,163,237,283,150,89,567208
2020,3,11500603,가양1동,5356,3313,2043,4,592,1116,1218,1292,1134,2,249,676,723,832,831,2,343,440,495,460,303,5908521
2020,3,11500604,가양2동,2849,1494,1355,9,375,668,690,678,429,6,175,360,369,336,248,3,200,308,321,342,181,996881
2020,3,11500605,가양3동,3216,2060,1156,13,542,708,898,664,391,7,352,475,573,394,259,6,190,233,325,270,132,691403
2020,3,11500611,발산1동,3230,1862,1368,4,229,472,852,1035,638,2,103,237,408,598,514,2,126,235,444,437,124,3032326
2020,3,11500615,우장산동,6277,3448,2829,6,1358,1416,1329,1316,852,4,515,819,782,778,550,2,843,597,547,538,302,1268459
2020,3,11500620,공항동,33917,17762,16155,10,5687,11138,9255,6585,1242,2,1362,4672,5397,5423,906,8,4325,6466,3858,1162,336,11377979
2020,3,11500630,방화1동,7509,5878,1631,10,796,1574,1834,2159,1136,7,573,1288,1464,1788,758,3,223,286,370,371,378,1125789
2020,3,11500640,방화2동,3365,2178,1187,9,360,644,760,876,716,8,198,388,487,558,539,1,162,256,273,318,177,5564098
2020,3,11500641,방화3동,5011,3236,1775,7,488,1063,1262,1375,816,5,248,561,780,968,674,2,240,502,482,407,142,1964100
2020,3,11530510,신도림동,12983,8524,4459,38,2121,4029,3163,2345,1287,18,885,2748,2278,1619,976,20,1236,1281,885,726,311,1312211
2020,3,11530520,구로1동,4769,2813,1956,5,551,1184,1128,986,915,3,307,754,763,603,383,2,244,430,365,383,532,1004193
2020,3,11530530,구로2동,13991,8590,5401,41,1708,3226,3462,3496,2058,20,801,1907,2072,2290,1500,21,907,1319,1390,1206,558,1807452
2020,3,11530540,구로3동,52394,34315,18079,202,10890,17618,13256,6528,3900,132,5505,11682,9334,4548,3114,70,5385,5936,3922,1980,786,1033159
2020,3,11530550,구로4동,2159,1229,930,5,243,425,532,527,427,3,112,228,294,293,299,2,131,197,238,234,128,538215
2020,3,11530560,구로5동,14392,9095,5297,44,2014,3370,3745,3190,2029,33,1138,2322,2481,1889,1232,11,876,1048,1264,1301,797,1075552
2020,3,11530595,가리봉동,972,454,518,1,95,161,224,209,282,0,42,74,102,83,153,1,53,87,122,126,129,415751
2020,3,11530720,고척1동,7767,5490,2277,7,690,1575,2040,2362,1093,5,361,1045,1423,1771,885,2,329,530,617,591,208,1100132
2020,3,11530730,고척2동,3145,1959,1186,10,356,698,794,843,444,7,220,440,469,486,337,3,136,258,325,357,107,1013917
2020,3,11530740,개봉1동,4842,2807,2035,9,463,1029,1149,1257,935,7,239,570,592,716,683,2,224,459,557,541,252,1168155
2020,3,11530750,개봉2동,7803,3823,3980,37,1394,1884,1832,1851,805,17,791,1192,797,611,415,20,603,692,1035,1240,390,825368
2020,3,11530760,개봉3동,2057,1184,873,5,278,461,520,475,318,5,138,263,285,260,233,0,140,198,235,215,85,831642
2020,3,11530770,오류1동,4296,2720,1576,14,556,800,1050,1234,642,7,393,538,636,709,437,7,163,262,414,525,205,707130
2020,3,11530780,오류2동,4559,2846,1713,6,449,1033,1302,1071,698,2,184,605,799,712,544,4,265,428,503,359,154,4314692
2020,3,11530790,수궁동,3691,2489,1202,23,382,707,841,1029,709,20,234,444,526,700,565,3,148,263,315,329,144,2684146
2020,3,11545510,가산동,84451,55529,28922,300,16641,26228,20890,12369,8023,193,8827,17613,15063,8220,5613,107,7814,8615,5827,4149,2410,2245346
2020,3,11545610,독산1동,12850,8228,4622,40,1027,1759,2150,2804,5070,34,604,1165,1369,1723,3333,6,423,594,781,1081,1737,1956086
2020,3,11545620,독산2동,1789,993,796,1,230,372,417,495,274,0,125,176,207,282,203,1,105,196,210,213,71,596742
2020,3,11545630,독산3동,4188,2958,1230,10,366,639,730,800,1643,2,195,372,390,474,1525,8,171,267,340,326,118,982894
2020,3,11545640,독산4동,1765,991,774,2,225,303,376,416,443,1,128,180,220,205,257,1,97,123,156,211,186,605029
2020,3,11545670,시흥1동,6603,3514,3089,15,918,1583,1566,1650,871,10,423,780,785,932,584,5,495,803,781,718,287,1437595
2020,3,11545680,시흥2동,3435,2024,1411,4,342,681,873,1027,508,3,199,387,492,597,346,1,143,294,381,430,162,1170211
2020,3,11545690,시흥3동,8054,4775,3279,17,600,1184,1864,2095,2294,8,316,771,1081,1141,1458,9,284,413,783,954,836,1328458
2020,3,11545700,시흥4동,1611,968,643,16,253,328,455,389,170,12,152,226,275,181,122,4,101,102,180,208,48,873884
2020,3,11545710,시흥5동,1668,980,688,21,237,388,412,348,262,15,126,252,237,180,170,6,111,136,175,168,92,1368598
2020,3,11560515,영등포본동,5708,3229,2479,36,808,1406,1461,1375,622,15,347,711,835,853,468,21,461,695,626,522,154,843586
2020,3,11560535,영등포동,14423,8129,6294,48,2612,3568,3452,2857,1886,14,973,2001,2182,1712,1247,34,1639,1567,1270,1145,639,1390482
2020,3,11560540,여의동,217817,154569,63248,520,40050,78066,55998,33396,9787,195,22109,55804,43252,26581,6628,325,17941,22262,12746,6815,3159,6703511
2020,3,11560550,당산1동,9078,5438,3640,15,1539,2557,2014,1676,1277,8,613,1428,1263,1168,958,7,926,1129,751,508,319,746447
2020,3,11560560,당산2동,13902,9275,4627,48,2211,3134,3312,3045,2152,22,1134,1958,2289,2222,1650,26,1077,1176,1023,823,502,1526636
2020,3,11560585,도림동,1619,1028,591,12,144,272,393,413,385,10,65,165,247,262,279,2,79,107,146,151,106,539427
2020,3,11560605,문래동,81647,59216,22431,162,12600,26629,25117,12877,4262,62,7033,20252,20512,8694,2663,100,5567,6377,4605,4183,1599,1738475
2020,3,11560610,양평1동,12821,7428,5393,53,2537,2953,2834,2570,1874,22,1298,1886,1691,1321,1210,31,1239,1067,1143,1249,664,869573
2020,3,11560620,양평2동,14774,8451,6323,38,2693,4021,4060,2540,1422,15,1180,2429,2300,1491,1036,23,1513,1592,1760,1049,386,2573400
2020,3,11560630,신길1동,3535,1563,1972,4,633,842,785,696,575,0,202,405,373,294,289,4,431,437,412,402,286,762886
2020,3,11560650,신길3동,1332,863,469,2,100,223,302,327,378,2,41,133,192,209,286,0,59,90,110,118,92,510335
2020,3,11560660,신길4동,1248,617,631,2,211,297,315,295,128,0,75,138,153,159,92,2,136,159,162,136,36,298738
2020,3,11560670,신길5동,1404,679,725,2,140,296,455,347,164,1,69,136,164,177,132,1,71,160,291,170,32,498387
2020,3,11560680,신길6동,2634,1646,988,10,289,619,687,570,459,7,144,384,416,357,338,3,145,235,271,213,121,676005
2020,3,11560690,신길7동,2693,1837,856,6,318,515,610,768,476,4,198,350,406,493,386,2,120,165,204,275,90,599547
2020,3,11560700,대림1동,2425,937,1488,0,785,549,491,412,188,0,166,197,240,208,126,0,619,352,251,204,62,493503
2020,3,11560710,대림2동,4606,2336,2270,27,855,1092,1021,707,904,8,328,577,443,397,583,19,527,515,578,310,321,574495
2020,3,11560720,대림3동,6057,3897,2160,17,635,1258,1552,1442,1153,5,328,877,1105,901,681,12,307,381,447,541,472,933892
2020,3,11590510,노량진1동,5874,3294,2580,18,767,1395,1472,1397,825,12,330,798,897,754,503,6,437,597,575,643,322,1876800
2020,3,11590520,노량진2동,4692,2436,2256,11,746,1363,1136,953,483,3,389,592,528,610,314,8,357,771,608,343,169,619921
2020,3,11590530,상도1동,6189,3568,2621,10,958,1525,1507,1366,823,2,406,854,904,844,558,8,552,671,603,522,265,1492421
2020,3,11590540,상도2동,1728,885,843,6,211,400,457,413,241,0,93,212,243,206,131,6,118,188,214,207,110,771971
2020,3,11590550,상도3동,1371,776,595,1,119,278,361,320,292,1,68,182,212,159,154,0,51,96,149,161,138,662403
2020,3,11590560,상도4동,2530,1503,1027,3,355,559,610,636,367,2,174,328,367,445,187,1,181,231,243,191,180,947172
2020,3,11590605,흑석동,1446,824,622,2,197,319,389,321,218,1,100,177,223,176,147,1,97,142,166,145,71,2062251
2020,3,11590620,사당1동,3916,2054,1862,9,659,963,1044,718,523,4,217,469,523,427,414,5,442,494,521,291,109,630335
2020,3,11590630,사당2동,2674,1472,1202,15,427,777,722,492,241,6,208,472,426,226,134,9,219,305,296,266,107,3064442
2020,3,11590640,사당3동,3596,2099,1497,3,446,802,955,838,552,0,176,433,585,500,405,3,270,369,370,338,147,898029
2020,3,11590650,사당4동,1399,726,673,5,155,229,303,271,436,4,59,115,137,126,285,1,96,114,166,145,151,431219
2020,3,11590651,사당5동,1558,804,754,2,184,367,476,375,154,1,97,173,218,192,123,1,87,194,258,183,31,658780
2020,3,11590660,대방동,11271,7474,3797,22,1880,3051,2637,2515,1166,7,998,2084,1836,1812,737,15,882,967,801,703,429,1591876
2020,3,11590670,신대방1동,7423,4695,2728,24,1424,2372,1723,1183,697,14,724,1528,1189,772,468,10,700,844,534,411,229,685547
2020,3,11590680,신대방2동,22043,14025,8018,54,4029,4598,4128,5148,4086,30,3041,3522,2635,2625,2172,24,988,1076,1493,2523,1914,1024271
2020,3,11620525,보라매동,1826,938,888,8,251,407,422,444,294,3,107,205,217,210,196,5,144,202,205,234,98,758003
2020,3,11620545,청림동,3078,1777,1301,4,466,1001,988,475,144,3,193,550,608,318,105,1,273,451,380,157,39,305629
2020,3,11620565,성현동,7335,2785,4550,55,1046,1290,1680,2205,1059,31,479,676,763,595,241,24,567,614,917,1610,818,695625
2020,3,11620575,행운동,4257,2373,1884,15,636,1035,1002,964,605,8,316,584,534,500,431,7,320,451,468,464,174,739229
2020,3,11620585,낙성대동,10344,5721,4623,20,1677,3541,2220,1585,1301,10,761,1862,1167,922,999,10,916,1679,1053,663,302,2341406
2020,3,11620595,청룡동,6665,3660,3005,8,1087,1894,1590,1510,576,3,433,957,884,988,395,5,654,937,706,522,181,1186204
2020,3,11620605,은천동,4644,2204,2440,12,629,867,980,1276,880,1,210,402,501,575,515,11,419,465,479,701,365,738181
2020,3,11620615,중앙동,1420,666,754,3,174,256,327,381,279,2,71,125,154,182,132,1,103,131,173,199,147,385136
2020,3,11620625,인헌동,3435,1976,1459,13,701,985,867,536,333,5,324,608,515,277,247,8,377,377,352,259,86,709688
2020,3,11620630,남현동,3714,2442,1272,5,617,926,1001,721,444,3,338,621,701,472,307,2,279,305,300,249,137,4218667
2020,3,11620645,서원동,2912,1206,1706,5,563,630,529,646,539,2,143,260,265,235,301,3,420,370,264,411,238,642690
2020,3,11620655,신원동,1011,576,435,5,113,213,247,244,189,3,60,118,146,143,106,2,53,95,101,101,83,549115
2020,3,11620665,서림동,1808,1022,786,8,273,316,451,387,373,2,137,168,241,231,243,6,136,148,210,156,130,981577
2020,3,11620685,신사동,4229,2869,1360,2,676,1204,1225,768,354,2,298,818,952,572,227,0,378,386,273,196,127,609167
2020,3,11620695,신림동,1946,1168,778,4,173,275,462,443,589,1,63,144,255,257,448,3,110,131,207,186,141,507666
2020,3,11620715,난향동,1315,649,666,1,151,289,365,283,226,0,41,132,152,144,180,1,110,157,213,139,46,786985
2020,3,11620725,조원동,3254,2026,1228,7,613,788,789,699,358,2,285,513,503,469,254,5,328,275,286,230,104,652569
2020,3,11620735,대학동,3077,2250,827,3,433,739,863,742,297,1,256,500,673,587,233,2,177,239,190,155,64,8107585
2020,3,11620745,삼성동,1795,991,804,9,195,365,476,476,274,2,83,180,251,260,215,7,112,185,225,216,59,2591742
2020,3,11620765,미성동,3689,2177,1512,28,364,650,866,953,828,22,226,379,483,494,573,6,138,271,383,459,255,1355300
2020,3,11620775,난곡동,1481,807,674,0,165,296,361,425,234,0,68,153,180,237,169,0,97,143,181,188,65,982294
2020,3,11650510,서초1동,47386,26528,20858,101,9928,12282,10432,11564,3079,39,3558,6616,6055,8015,2245,62,6370,5666,4377,3549,834,1383210
2020,3,11650520,서초2동,67858,45080,22778,159,14201,22383,16994,10387,3734,54,7752,15121,11691,7781,2681,105,6449,7262,5303,2606,1053,1229759
2020,3,11650530,서초3동,68236,40512,27724,193,11708,20440,17471,12437,5987,88,4953,11908,11177,8110,4276,105,6755,8532,6294,4327,1711,3027494
2020,3,11650531,서초4동,37488,21433,16055,138,7320,11471,9418,6641,2500,63,2783,6553,6110,4162,1762,75,4537,4918,3308,2479,738,882770
2020,3,11650540,잠원동,16302,9442,6860,68,3397,4796,4022,2503,1516,36,1340,2803,2667,1569,1027,32,2057,1993,1355,934,489,1840832
2020,3,11650550,반포본동,24429,13311,11118,37,4041,8064,6985,4177,1125,22,1479,4403,3916,2614,877,15,2562,3661,3069,1563,248,1491264
2020,3,11650560,반포1동,7332,4498,2834,9,1338,2420,1829,1125,611,2,633,1581,1213,625,444,7,705,839,616,500,167,1000549
2020,3,11650570,반포2동,9861,5872,3989,18,1652,3059,2563,1656,913,10,723,1849,1650,999,641,8,929,1210,913,657,272,1258050
2020,3,11650580,반포3동,8635,4814,3821,20,1366,2193,1912,1729,1415,7,577,1294,1265,1001,670,13,789,899,647,728,745,1325140
2020,3,11650581,반포4동,94553,83429,11124,80,9468,20026,25473,35176,4330,34,7183,16668,22606,33432,3506,46,2285,3358,2867,1744,824,1416005
2020,3,11650590,방배본동,28397,15767,12630,120,5297,7354,7563,5064,2999,82,1807,3863,4422,3292,2301,38,3490,3491,3141,1772,698,660469
2020,3,11650600,방배1동,19003,12553,6450,92,3748,5826,4604,3465,1268,61,1778,3553,3393,2828,940,31,1970,2273,1211,637,328,691215
2020,3,11650610,방배2동,16805,8184,8621,37,2831,4294,4601,3237,1805,8,985,1931,2132,1909,1219,29,1846,2363,2469,1328,586,1901725
2020,3,11650620,방배3동,17809,11648,6161,114,2781,5297,4805,2896,1916,37,1413,3322,3453,1995,1428,77,1368,1975,1352,901,488,2411856
2020,3,11650621,방배4동,21837,13492,8345,61,3771,6017,5424,4166,2398,27,1599,3546,3678,2918,1724,34,2172,2471,1746,1248,674,954529
2020,3,11650651,양재1동,33395,21554,11841,445,7793,9217,7561,4987,3392,215,3960,6187,5334,3319,2539,230,3833,3030,2227,1668,853,5711370
2020,3,11650652,양재2동,43401,32515,10886,106,5761,10598,12175,11422,3339,59,3488,7792,9341,9309,2526,47,2273,2806,2834,2113,813,7516954
2020,3,11650660,내곡동,14211,9232,4979,62,2050,2934,2992,3044,3129,53,1454,2116,2049,1745,1815,9,596,818,943,1299,1314,13190710
2020,3,11680510,신사동,27942,16647,11295,98,5802,8429,7084,4252,2277,41,2251,5152,4743,2778,1682,57,3551,3277,2341,1474,595,1736994
2020,3,11680521,논현1동,41576,24313,17263,162,10856,12491,8831,5739,3497,68,4624,7421,5950,3705,2545,94,6232,5070,2881,2034,952,1254345
2020,3,11680531,논현2동,55372,35328,20044,151,10602,16012,13330,8967,6310,47,4602,9575,9465,6803,4836,104,6000,6437,3865,2164,1474,1445565
2020,3,11680545,압구정동,44490,25047,19443,256,9903,13905,10212,6655,3559,102,3671,7810,6873,4381,2210,154,6232,6095,3339,2274,1349,2520945
2020,3,11680565,청담동,57122,32691,24431,172,11877,18886,14178,8558,3451,72,4465,10782,9320,5650,2402,100,7412,8104,4858,2908,1049,2384707
2020,3,11680580,삼성1동,130157,87840,42317,310,26223,39031,34864,23107,6622,153,14094,25801,25719,18114,3959,157,12129,13230,9145,4993,2663,1926134
2020,3,11680590,삼성2동,62165,35711,26454,150,12530,20151,15787,8793,4754,61,5197,11854,10528,4946,3125,89,7333,8297,5259,3847,1629,1247821
2020,3,11680600,대치1동,20053,10683,9370,37,3668,6545,4998,3118,1687,15,1378,3248,2827,1994,1221,22,2290,3297,2171,1124,466,795761
2020,3,11680610,대치2동,92377,51697,40680,530,16781,25425,21288,17434,10919,232,7729,15578,13694,8997,5467,298,9052,9847,7594,8437,5452,2043875
2020,3,11680630,대치4동,33305,20468,12837,149,5336,9904,9047,5656,3213,21,2296,5995,6187,3965,2004,128,3040,3909,2860,1691,1209,717795
2020,3,11680640,역삼1동,170825,101049,69776,494,34443,51961,43997,29792,10138,189,16474,32429,28719,16126,7112,305,17969,19532,15278,13666,3026,2360116
2020,3,11680650,역삼2동,51209,30365,20844,208,11790,14220,12162,9047,3782,85,5685,9112,8095,4730,2658,123,6105,5108,4067,4317,1124,1127531
2020,3,11680655,도곡1동,40888,28978,11910,97,6985,9515,11398,10350,2543,71,3545,6237,8574,8481,2070,26,3440,3278,2824,1869,473,1022697
2020,3,11680656,도곡2동,192577,131699,60878,923,36796,75687,55314,19948,3909,583,19659,51843,42526,14511,2577,340,17137,23844,12788,5437,1332,1025651
2020,3,11680660,개포1동,15275,9460,5815,73,2307,3850,3864,3409,1772,30,1198,2213,2559,2200,1260,43,1109,1637,1305,1209,512,973078
2020,3,11680670,개포2동,12591,8055,4536,36,2224,3720,3187,2157,1267,14,984,2288,2301,1496,972,22,1240,1432,886,661,295,2371826
2020,3,11680690,개포4동,8809,6333,2476,21,1063,1992,2481,2105,1147,9,526,1333,1880,1637,948,12,537,659,601,468,199,1561449
2020,3,11680700,세곡동,1534,879,655,10,124,276,310,436,378,5,55,140,178,256,245,5,69,136,132,180,133,5894759
2020,3,11680720,일원본동,36779,20548,16231,181,9454,10978,8976,5878,1312,82,3541,6120,5771,4133,901,99,5913,4858,3205,1745,411,2381558
2020,3,11680730,일원1동,2518,1370,1148,4,343,476,566,543,586,2,149,251,293,284,391,2,194,225,273,259,195,947888
2020,3,11680740,일원2동,5600,3682,1918,17,832,1447,1587,1319,398,5,407,891,1091,992,296,12,425,556,496,327,102,1043911
2020,3,11680750,수서동,18037,9516,8521,27,2570,4859,4850,3583,2148,15,1151,2611,2544,1902,1293,12,1419,2248,2306,1681,855,1648393
2020,3,11710510,풍납1동,1718,964,754,1,228,386,435,451,217,1,120,208,229,240,166,0,108,178,206,211,51,1057487
2020,3,11710520,풍납2동,23596,11568,12028,3,5113,8054,5886,3553,987,0,1384,4183,3091,2173,737,3,3729,3871,2795,1380,250,1999222
2020,3,11710531,거여1동,3835,2832,1003,11,951,1067,919,530,357,9,659,841,701,364,258,2,292,226,218,166,99,512307
2020,3,11710532,거여2동,2949,1521,1428,13,377,486,723,876,474,6,209,286,369,392,259,7,168,200,354,484,215,510046
2020,3,11710540,마천1동,944,462,482,2,112,200,269,244,117,1,46,98,125,114,78,1,66,102,144,130,39,504704
2020,3,11710550,마천2동,2595,1638,957,1,262,600,708,658,366,0,155,375,407,397,304,1,107,225,301,261,62,936181
2020,3,11710561,방이1동,9129,6671,2458,30,952,1771,2392,2432,1552,19,450,1125,1786,1953,1338,11,502,646,606,479,214,581968
2020,3,11710562,방이2동,24911,14324,10587,53,4019,6387,5622,5295,3535,37,2261,4157,3442,2476,1951,16,1758,2230,2180,2819,1584,763928
2020,3,11710566,오륜동,25084,14536,10548,45,4062,7583,6511,5022,1861,14,1636,3946,4187,3325,1428,31,2426,3637,2324,1697,433,3150411
2020,3,11710570,오금동,27453,19222,8231,45,3634,6524,6929,6618,3703,29,2129,4408,5118,5014,2524,16,1505,2116,1811,1604,1179,1691111
2020,3,11710580,송파1동,8660,5413,3247,19,1228,1938,2145,1877,1453,8,530,1150,1399,1255,1071,11,698,788,746,622,382,683881
2020,3,11710590,송파2동,14196,8974,5222,63,2237,3514,3721,3393,1268,47,1080,2233,2681,2128,805,16,1157,1281,1040,1265,463,636016
2020,3,11710600,석촌동,8870,5856,3014,20,1074,2021,2072,1815,1868,12,607,1458,1402,1073,1304,8,467,563,670,742,564,943819
2020,3,11710610,삼전동,7762,5230,2532,5,936,1763,1740,1549,1769,5,530,1154,1145,951,1445,0,406,609,595,598,324,992437
2020,3,11710620,가락본동,27955,16882,11073,89,3790,6716,6396,5452,5512,37,1813,4194,4281,3158,3399,52,1977,2522,2115,2294,2113,1024764
2020,3,11710631,가락1동,5913,4134,1779,0,404,1101,1627,1695,1086,0,271,843,1198,1111,711,0,133,258,429,584,375,1357317
2020,3,11710632,가락2동,10171,6862,3309,22,1354,2162,2015,1893,2725,16,801,1478,1339,1132,2096,6,553,684,676,761,629,934057
2020,3,11710641,문정1동,34975,27013,7962,17,3178,6528,10070,13196,1986,9,1869,4711,7830,11299,1295,8,1309,1817,2240,1897,691,604321
2020,3,11710642,문정2동,41453,26054,15399,81,5936,12616,12707,7337,2776,36,2842,7120,8712,5617,1727,45,3094,5496,3995,1720,1049,2387651
2020,3,11710646,장지동,6769,4617,2152,13,730,1085,1597,1784,1560,4,406,721,1070,1256,1160,9,324,364,527,528,400,1295680
2020,3,11710647,위례동,1271,1218,53,0,4,80,347,684,156,0,4,78,336,652,148,0,0,2,11,32,8,2626871
2020,3,11710650,잠실본동,9422,6016,3406,45,1284,1797,2201,2088,2007,4,575,1097,1382,1438,1520,41,709,700,819,650,487,1136161
2020,3,11710670,잠실2동,7793,5196,2597,10,1494,2265,2042,1556,426,9,938,1589,1387,1026,247,1,556,676,655,530,179,2886358
2020,3,11710680,잠실3동,21831,14806,7025,108,3990,5469,5434,4132,2698,48,2079,3783,4024,2965,1907,60,1911,1686,1410,1167,791,1506573
2020,3,11710690,잠실4동,9652,7756,1896,42,1285,3032,2803,2051,439,18,925,2493,2310,1675,335,24,360,539,493,376,104,838370
2020,3,11710710,잠실6동,46691,24881,21810,93,7429,12391,13316,11902,1560,29,3439,7617,7686,4936,1174,64,3990,4774,5630,6966,386,1403041
2020,3,11710720,잠실7동,14130,6338,7792,52,1984,2775,3999,4487,833,31,995,1820,1888,1074,530,21,989,955,2111,3413,303,675008
2020,3,11740515,강일동,1357,886,471,0,196,292,374,333,162,0,98,199,237,215,137,0,98,93,137,118,25,3722759
2020,3,11740520,상일동,3611,1827,1784,6,521,804,899,953,428,2,177,402,542,432,272,4,344,402,357,521,156,1801282
2020,3,11740530,명일1동,4220,2357,1863,9,623,1131,1061,762,634,4,293,679,693,390,298,5,330,452,368,372,336,630284
2020,3,11740540,명일2동,2874,1969,905,5,337,819,768,610,335,3,172,581,558,393,262,2,165,238,210,217,73,920946
2020,3,11740550,고덕1동,2188,1136,1052,0,240,487,569,526,366,0,108,271,280,241,236,0,132,216,289,285,130,1906565
2020,3,11740560,고덕2동,1985,1260,725,0,118,259,426,694,488,0,27,115,243,481,394,0,91,144,183,213,94,2408099
2020,3,11740570,암사1동,3940,2413,1527,6,504,843,830,791,966,2,246,550,529,537,549,4,258,293,301,254,417,738366
2020,3,11740580,암사2동,2638,964,1674,3,269,441,620,793,512,3,97,204,251,229,180,0,172,237,369,564,332,2337773
2020,3,11740590,암사3동,3192,1912,1280,6,286,449,571,829,1051,3,146,269,312,478,704,3,140,180,259,351,347,1843902
2020,3,11740600,천호1동,2450,1407,1043,6,246,461,597,573,567,1,100,239,304,336,427,5,146,222,293,237,140,669571
2020,3,11740610,천호2동,3817,1970,1847,14,484,802,933,884,700,8,199,378,464,440,481,6,285,424,469,444,219,1828343
2020,3,11740620,천호3동,2763,1566,1197,3,170,305,475,502,1308,3,64,139,236,255,869,0,106,166,239,247,439,569450
2020,3,11740640,성내1동,17072,11605,5467,42,2020,3567,3667,4407,3369,17,1169,2225,2403,3188,2603,25,851,1342,1264,1219,766,658437
2020,3,11740650,성내2동,2304,1410,894,7,391,474,511,467,454,3,252,290,298,287,280,4,139,184,213,180,174,624632
2020,3,11740660,성내3동,4641,2789,1852,15,658,1034,1162,962,810,13,344,656,703,541,532,2,314,378,459,421,278,641973
2020,3,11740685,길동,9468,4805,4663,25,1369,1886,2128,2298,1762,15,541,1001,1136,1055,1057,10,828,885,992,1243,705,1590598
2020,3,11740690,둔촌1동,1519,845,674,2,191,367,379,391,189,2,92,205,217,206,123,0,99,162,162,185,66,897261
2020,3,11740700,둔촌2동,4961,2239,2722,4,946,1293,1058,1026,634,2,281,537,526,489,404,2,665,756,532,537,230,1592001
